0.01916380
0.00795706
0.01779434
0.01728282
0.01640031
0.03000769
0.01631464
0.02044079
0.01953604
0.02491860
0.02484977
0.02155469
0.01601459
0.01264310
0.02968562
0.03002763
0.01934828
0.02491970
0.03118651
0.02842748
0.01439236
0.02337679
0.00494083
0.00151340
0.00182970
0.00406709
0.02377066
0.02569590
0.01978969
0.00915020
0.03208080
0.02441569
0.01560086
0.00534525
0.02972421
0.01026316
0.02073653
0.02621151
0.01180156
0.03165037
0.02381951
0.01182318
0.02768864
0.02003966
0.01128924
0.02279715
0.00987985
0.02271499
0.02692566
0.02261324
0.03293122
0.01870828
0.01276723
0.01975349
0.00893483
0.02240771
0.00620525
0.02112632
0.01813813
0.01553114
0.00990346
0.01107361
0.00330862
0.01703771
0.01516656
0.01702811
0.02536590
0.01471262
0.01166404
0.00838559
0.00744350
0.02340347
0.01105363
0.02329760
0.01560104
0.02507401
0.01261674
0.02351095
0.02576525
0.02420166
0.01578250
0.02249465
0.02501134
0.00644470
0.00709407
0.00157053
0.02571930
0.02330465
0.01307998
0.02091929
0.01645594
0.02739285
0.02964523
0.02658144
0.02575972
0.02572999
0.01905889
0.02360541
0.00288996
0.00987037
0.02260515
0.01557483
0.00497070
0.01753409
0.00594905
0.03131476
0.00688723
0.01734420
0.02707373
0.01387206
0.01393056
0.02039999
0.01695457
0.02241188
0.01773105
0.02764773
0.02198560
0.02210869
0.00634490
0.01334110
0.01768382
0.03142533
0.02470354
0.01982605
0.02231644
0.02869921
0.03032699
0.00727113
0.01403148
0.01655995
0.03025800
0.01646940
0.00534547
0.02758942
0.00822297
0.01079565
0.02230166
0.02068155
0.02525420
0.02148104
0.01748352
0.03261570
0.00772925
0.01741271
0.02383840
0.01171906
0.01074891
0.02475506
0.00865893
0.02470462
0.02870577
0.02835387
0.01760388
0.01173063
0.02176436
0.00398228
0.00668943
0.02834466
0.01214300
0.01437767
0.01655290
0.00808832
0.01054523
0.01512309
0.00981679
0.01294248
0.00654293
0.01368079
0.02229021
0.02852715
0.02897662
0.01946533
0.01343067
0.02415051
0.01670612
0.03168499
0.00622614
0.02354772
0.02294387
0.01615888
0.01841659
0.02228731
0.00691424
0.00561747
0.00736481
0.02939456
0.02665584
0.01055145
0.01688131
0.01127418
0.03008470
0.01118018
0.01820650
0.01919099
0.02316254
0.02951228
0.01126833
0.02816337
0.03027452
0.01147293
0.01909007
0.02311578
0.02264966
0.02472493
0.01934284
0.02221479
0.01407874
0.02428015
0.00782700
0.03218244
0.01848868
0.01649978
0.01751695
0.01455667
0.02138875
0.00984112
0.02643726
0.03022507
0.01911645
0.01650074
0.00951955
0.01797041
0.01596409
0.01209715
0.02281136
0.02869477
0.00776264
0.01682392
0.02848792
0.02546612
0.02808069
0.00441213
0.01960667
0.01445369
0.01306792
0.01077157
0.02089795
0.01349194
0.01497918
0.03238752
0.01662172
0.01515178
0.02698485
0.01750403
0.02048058
0.01495318
0.03198726
0.00255340
0.01872175
0.01239060
0.01862710
0.01093727
0.01261826
0.01464673
0.02578030
0.00793448
0.02784527
0.01891883
0.01730039
0.02174169
0.01086561
0.01946670
0.01083165
0.02994405
0.01875264
0.00550550
0.02194509
0.01085140
0.02895458
0.02163905
0.00629619
0.02418806
0.00865242
0.01085137
0.02034325
0.03167818
0.01620830
0.01571640
0.02028024
0.02008191
0.02357436
0.01404117
0.01145150
0.03123125
0.02403170
0.02052442
0.02675367
0.01334373
0.02528769
0.01785268
0.02015119
0.02062343
0.00495693
0.02349413
0.02902501
0.01444180
0.00489313
0.01791632
0.03296104
0.02032899
0.02800024
0.02945097
0.02719438
0.01838133
0.02813068
0.02743742
0.01578432
0.01648893
0.01079107
0.02151467
0.01973489
0.01927540
0.03036290
0.03083705
0.00443474
0.02077506
0.01986924
0.02009485
0.02117410
0.01285089
0.00668918
0.02208421
0.01964266
0.01661489
0.00978998
0.01283609
0.03080136
0.01945707
0.01616136
0.02659074
0.01501338
0.00849719
0.01083932
0.02491059
0.02574152
0.01107138
0.02684749
0.01205352
0.02301444
0.00713560
0.01482999
0.02347794
0.02344045
0.01535141
0.00765438
0.02048502
0.01362105
0.00243488
0.01100607
0.01905206
0.00815721
0.02463819
0.01386889
0.02274751
0.00723389
0.01443230
0.01413826
0.02457578
0.01193511
0.00401572
0.00895330
0.01639201
0.00974924
0.01773634
0.01329216
0.02053241
0.01899013
0.00390999
0.00978670
0.02975644
0.00844909
0.02116610
0.01505468
0.02175583
0.01299658
0.02324567
0.00932287
0.01652484
0.01487826
0.02481966
0.01733522
0.00585956
0.00192273
0.01522282
0.02440830
0.01677309
0.02726554
0.01013789
0.01145173
0.02130576
0.01298587
0.00690022
0.01049293
0.03298715
0.00802383
0.02223782
0.02632215
0.01880677
0.02493940
0.00300966
0.01747680
0.00924747
0.00578357
0.02207223
0.02148564
0.01507117
0.02498515
0.01624759
0.01136469
0.00575197
0.01936965
0.02111450
0.01083164
0.01350628
0.02475032
0.00684329
0.02174265
0.02861139
0.00722565
0.01925030
0.00610669
0.02294247
0.00521625
0.00798113
0.00341766
0.01066490
0.01661366
0.02530348
0.00165280
0.01457795
0.01177537
0.01718971
0.01242235
0.02817511
0.01032386
0.00666434
0.01258847
0.01579096
0.02040193
0.02477707
0.00675210
0.01591704
0.01238537
0.00539077
0.02470010
0.02544488
0.02416768
0.02168506
0.02302261
0.01109060
0.00714166
0.01819675
0.02856642
0.01900775
0.01580820
0.00428147
0.02419023
0.01863283
0.01810156
0.01930964
0.01974803
0.00682679
0.01618689
0.01761825
0.02602419
0.02173010
0.01790609
0.02040457
0.02657665
0.00292142
0.03066916
0.02682065
0.01058413
0.02489491
0.02762865
0.02619127
0.03036639
0.01741804
0.02447558
0.01869382
0.01912587
0.01275296
0.02156338
0.01397532
0.01643868
0.00502435
0.02523723
0.01060329
0.02350898
0.01923075
0.01625719
0.01934720
0.03266632
0.01131691
0.00676230
0.02585458
0.01311528
0.01127849
0.01524974
0.01555022
0.02756886
0.01744300
0.00860041
0.02249801
0.02112434
0.02735582
0.00653668
0.00292895
0.00465390
0.01337262
0.01015131
0.01837358
0.01141864
0.00839278
0.01804401
0.01928957
0.01774087
0.01321143
0.01345630
0.02178834
0.01658504
0.02116299
0.01547896
0.02971846
0.01688638
0.01319654
0.00856042
0.00644570
0.02011136
0.01110322
0.02750398
0.02322105
0.01369460
0.01591852
0.01968412
0.00971371
0.02372224
0.02308456
0.02254571
0.01107458
0.00688129
0.02103852
0.01492874
0.00781636
0.01226415
0.02753033
0.02070078
0.02253122
0.01662744
0.00959397
0.02662078
0.02105654
0.01129617
0.02333772
0.02228327
0.02740466
0.01899565
0.00037584
0.01803897
0.00339622
0.01850072
0.02337246
0.02299854
0.02106221
0.00774767
0.02018428
0.01372791
0.00485095
0.02120714
0.02424003
0.00538941
0.01661448
0.00302035
0.01102833
0.01477359
0.01066265
0.02324239
0.00903425
0.02512477
0.02104949
0.02123512
0.01386922
0.02521431
0.02138969
0.01833493
0.02069167
0.00561060
0.02740462
0.03004116
0.02097270
0.01191202
0.02348733
0.00342615
0.00530705
0.01726944
0.00829441
0.01524273
0.01539792
0.01192120
0.02665916
0.00473717
0.01785396
0.01639193
0.01525831
0.02184691
0.00537384
0.02348651
0.01716789
0.01501084
0.00834189
0.00562588
0.01734330
0.00671901
0.01461443
0.01392128
0.01172898
0.02465448
0.01196944
0.02439107
0.01356764
0.02895509
0.02930167
0.00820142
0.01070978
0.02609083
0.01397558
0.02754045
0.00598578
0.02180757
0.01357728
0.01087581
0.01343817
0.02654640
0.01141213
0.00483920
0.01551713
0.01693711
0.01654585
0.01268287
0.02466997
0.00526638
0.02797188
0.01510954
0.01460574
0.01112924
0.01741259
0.02706218
0.01454008
0.02395671
0.03048188
0.01750135
0.01440536
0.01864233
0.00817013
0.01110363
0.01487658
0.03070411
0.01612801
0.00782705
0.02870480
0.02922357
0.01642462
0.01644493
0.01428943
0.01249110
0.01736206
0.02141269
0.00786008
0.00730484
0.01501353
0.01927646
0.02348083
0.01827183
0.00684084
0.01673354
0.01711568
0.01094224
0.01109959
0.01646317
0.01854244
0.02516587
0.01418532
0.01467916
0.01567492
0.02623292
0.01129803
0.00355505
0.01070641
0.00542708
0.01032468
0.01094455
0.02130964
0.00576076
0.00878053
0.01319480
0.01896868
0.02440235
0.02087274
0.01206538
0.01948087
0.01443551
0.01857445
0.02257019
0.01601293
0.01277164
0.02388666
0.01789871
0.01595257
0.01522265
0.01369559
0.02009342
0.01924113
0.02441167
0.01635157
0.01190521
0.00838085
0.01403927
0.02514087
0.00432329
0.01295223
0.01649568
0.01623990
0.02233701
0.01285446
0.01403154
0.01327317
0.02784480
0.01745494
0.00713703
0.01950812
0.01874871
0.02543333
0.01531600
0.00975455
0.02074650
0.02015072
0.01895615
0.02163034
0.01178429
0.00924800
0.00764063
0.01213179
0.02049386
0.01976141
0.01032824
0.01333555
0.00946672
0.01107336
0.01741951
0.01580612
0.01351189
0.02360747
0.02773920
0.02892152
0.01734086
0.00617823
0.01682822
0.01566840
0.01312113
0.02965354
0.02202734
0.03105418
0.01826415
0.02233218
0.01957087
0.02820434
0.00294351
0.00955412
0.01776889
0.01257928
0.01673608
0.02630847
0.02098140
0.01915322
0.01510402
0.02307722
0.02418589
0.01721169
0.01365730
0.01353353
0.01157461
0.01116674
0.01399603
0.01299152
0.02773262
0.01929179
0.01986531
0.02901815
0.01892453
0.02499196
0.00634993
0.01362669
0.00454310
0.02584696
0.02525321
0.01578858
0.02321656
0.02342042
0.01223033
0.02158751
0.01382713
0.01867279
0.00421769
0.01152094
0.01634494
0.02249700
0.01716197
0.03003553
0.01548826
0.01444701
0.01550235
0.02192758
0.01944005
0.01871628
0.02446997
0.01436648
0.02026424
0.02213951
0.00472883
0.00773154
0.01349153
0.01794801
0.01805633
0.02721996
0.00499978
0.01865401
0.00127533
0.02690961
0.02027387
0.00901493
0.01972207
0.01768350
0.02055591
0.01255663
0.02093785
0.00495681
0.01324471
0.00997000
0.01214479
0.00641800
0.01958313
0.00639066
0.01298372
0.00412247
0.02453313
0.01358953
0.00614448
0.02526390
0.01234071
0.01348689
0.01791372
0.02679560
0.01973454
0.01935634
0.00412526
0.02629602
0.00829474
0.00782633
0.01747189
0.01213377
0.00867741
0.01245428
0.02414580
0.01310284
0.02227187
0.01078459
0.01248408
0.02923163
0.01713363
0.03139033
0.00954020
0.00828721
0.02149719
0.02430998
0.01798421
0.01391601
0.02609136
0.01968591
0.01592319
0.02972377
0.01660907
0.01713219
0.00743105
0.02458789
0.03205034
0.01254741
0.01141481
0.01640953
0.01097546
0.02628188
0.01044331
0.00943342
0.02974933
0.00929785
0.01499447
0.03099687
0.01754287
0.00898033
0.01633618
0.00698741
0.01665548
0.01170856
0.02638419
0.02544385
0.01753134
0.01621756
0.01019550
0.01325489
0.01681319
0.02246123
0.01842666
0.01730970
0.01622257
0.01909435
0.02378990
0.01057532
0.02037643
0.01285491
0.02322099
0.00150899
0.01762885
0.01728170
0.01258754
0.02691453
0.02374949
0.00617423
0.00477807
0.01871046
0.02760818
0.01163458
0.02758813
0.01230451
0.00888347
0.01902183
0.02029517
0.01655448
0.00810426
0.00199999
0.02081500
0.00759825
0.01526912
0.01905429
0.00819986
0.02238034
0.01455709
0.02466045
0.01420693
0.02459308
0.02884552
0.02350303
0.01115450
0.01427048
0.00689544
0.02459984
0.02049210
0.01115943
0.00113841
0.01722819
0.03165710
0.01133616
0.01180435
0.01817909
0.01146031
0.00834660
0.02748173
0.01264489
0.01058663
0.01062094
0.02014294
0.01200245
0.01725229
0.02008170
0.02107880
0.02324705
0.02022876
0.01642138
0.02189318
0.03220135
0.01940541
0.01689750
0.00611612
0.02397404
0.01839711
0.00779616
0.02288908
0.02436519
0.03105531
0.01610656
0.00364689
0.00658573
0.01770187
0.02036223
0.02332086
0.02684565
0.00252472
0.00911493
0.02701360
0.01721617
0.01937375
0.00724675
0.01843256
0.00391653
0.01937746
0.00713819
0.01618100
0.01095700
0.02165721
0.02751055
0.01540297
0.00217312
0.00736863
0.01083361
0.03058191
0.01860642
0.01101168
0.00833948
0.01311296
0.01055855
0.01650391
0.01384294
0.02207646
0.01583731
0.00064408
0.03224549
0.01591874
0.00611991
0.00858279
0.01144071
0.01942060
0.01109401
0.01910975
0.01889616
0.02733299
0.02397454
0.01545619
0.01468487
0.01587493
0.02090249
0.01280028
0.00738672
0.02979129
0.01185915
0.02059737
0.00959217
0.02637414
0.01636857
0.02912003
0.01134832
0.01266198
0.01405915
0.03065985
0.01239159
0.01191855
0.03034648
0.02556911
0.01349904
0.00716875
0.01526569
0.03025090
0.00369676
0.00951416
0.01881498
0.02616499
0.01578509
0.03072417
0.00886786
0.02519939
0.01445030
0.00770901
0.01169543
0.02175086
0.01229390
0.01397691
0.01637029
0.01345432
0.01781995
0.01453249
0.00254677
0.01892306
0.02383224
0.01925417
0.00796214
0.01894269
0.02603900
0.02478494
0.01443031
0.00560299
0.02482288
0.01278447
0.01712991
0.02111800
0.02278114
0.02141829
0.01937514
0.00205135
0.00200932
0.01150493
0.01794643
0.00353278
0.01489935
0.01666087
0.02384619
0.01615071
0.02439247
0.01068552
0.01208056
0.00962556
0.01797781
0.00744999
0.02459438
0.02422339
0.01109369
0.02417294
0.01074269
0.02848184
0.01361032
0.02717484
0.00121751
0.02864002
0.01694500
0.00945637
0.00677779
0.01085139
0.02563630
0.02254308
0.01479726
0.01121174
0.01606993
0.01754619
0.02500111
0.00854303
0.01586057
0.01122157
0.03151864
0.01004407
0.01696874
0.01246318
0.00666343
0.02781899
0.01944613
0.01781568
0.01806337
0.00733960
0.01071273
0.01278138
0.01380372
0.02535938
0.02691434
0.01154558
0.01619436
0.02232678
0.02788644
0.00611198
0.01791109
0.01657174
0.02175500
0.01648559
0.00797431
0.01266491
0.00697602
0.02357022
0.03059442
0.01788470
0.00749019
0.01011767
0.01908643
0.00847579
0.01140429
0.01703071
0.01566324
0.02013313
0.00458918
0.02279174
0.00057206
0.02531643
0.00260130
0.01295015
0.02281088
0.02459496
0.01697729
0.01743691
0.01248150
0.01093384
0.02307637
0.01783072
0.00698739
0.02905363
0.03104988
0.00396686
0.01328997
0.00865059
0.02107458
0.01091249
0.00966607
0.00552749
0.02443993
0.00927518
0.01410973
0.01823360
0.02095079
0.01914177
0.00514263
0.01550228
0.00991810
0.02049719
0.00252999
0.00938091
0.01310179
0.01804226
0.00974828
0.01491082
0.02450208
0.00061590
0.01895133
0.01091252
0.01998580
0.01523003
0.01021378
0.01789168
0.00679691
0.01638002
0.00642351
0.00693744
0.00918450
0.01989585
0.01032163
0.00775842
0.03221488
0.01679614
0.01469054
0.02682517
0.01187725
0.01520331
0.01171547
0.01321788
0.01283499
0.01635413
0.01242792
0.00977290
0.02987109
0.02270774
0.02520180
0.01699820
0.01233624
0.02579186
0.00793281
0.02063408
0.01781284
0.03064357
0.00911227
0.00722804
0.00913714
0.01310681
0.00966657
0.00458316
0.01088451
0.02791730
0.01925840
0.02911829
0.01466195
0.02060305
0.00379064
0.00688370
0.01268330
0.00395580
0.02329305
0.02142672
0.02312061
0.01355901
0.02188168
0.00955403
0.01317600
0.01196776
0.01534241
0.01544914
0.01733953
0.02254860
0.01192960
0.02195102
0.01310970
0.01894245
0.00916768
0.03003816
0.02333691
0.01725695
0.01309584
0.00059979
0.00081291
0.01316954
0.01301664
0.02501412
0.01089440
0.02578399
0.01244171
0.02046684
0.01916961
0.02679933
0.01715859
0.02075419
0.03154642
0.00984956
0.01221898
0.00643899
0.01048663
0.01585146
0.02130003
0.02255050
0.00307105
0.00961789
0.01040388
0.00199367
0.00711835
0.01526104
0.00826050
0.02172090
0.02792021
0.00600344
0.01117945
0.01194722
0.01093859
0.01286869
0.02571082
0.01097070
0.01416554
0.01292114
0.01403238
0.02958564
0.02191858
0.01351365
0.01109631
0.01429565
0.02178856
0.01892414
0.01320573
0.02585637
0.00985515
0.01124459
0.00416211
0.00610878
0.02957140
0.01507375
0.00171440
0.00422561
0.02997065
0.01547211
0.00536842
0.02423126
0.00997785
0.01265275
0.00107553
0.00868154
0.00432135
0.02068892
0.01133197
0.00970903
0.02950207
0.02155779
0.02675791
0.01417949
0.00396492
0.02401911
0.01827792
0.01522466
0.02257114
0.01838699
0.02052013
0.00866628
0.01947385
0.00425798
0.01432145
0.01028007
0.01336361
0.01179887
0.02311266
0.01595277
0.02475187
0.00720667
0.01719424
0.01453259
0.01231443
0.02926018
0.00739751
0.00670306
0.02495343
0.00744707
0.02482197
0.01564803
0.01129174
0.02108886
0.02252421
0.01528037
0.00416937
0.02666738
0.02963453
0.01972884
0.00484072
0.00900533
0.01558420
0.02470165
0.00950095
0.02155581
0.00915815
0.02295420
0.01217313
0.00205165
0.01889016
0.02966348
0.00825761
0.01138813
0.02206277
0.01307232
0.01410444
0.01394437
0.02801544
0.02118525
0.03133152
0.01175294
0.02748990
0.01025277
0.02632281
0.01784254
0.00761095
0.02223555
0.00937100
0.02546448
0.00804995
0.01011155
0.00186361
0.02263207
0.01168631
0.00771828
0.02359578
0.01149258
0.00928072
0.01179060
0.02789594
0.02907962
0.01036969
0.00991001
0.00892347
0.00977510
0.01302036
0.01822104
0.01734821
0.02356962
0.02879698
0.01053468
0.01358316
0.01813003
0.00201230
0.01032667
0.01796706
0.00489427
0.01319458
0.01207132
0.02509390
0.00944404
0.01160617
0.00423416
0.00779108
0.00583455
0.02623530
0.01021504
0.01729592
0.01735105
0.00605782
0.00727184
0.00795350
0.02747393
0.01064173
0.02763149
0.01327439
0.00256193
0.01833704
0.02045159
0.00785275
0.01391537
0.02983936
0.00764051
0.01586645
0.00226473
0.00916987
0.00267552
0.01468137
0.00337244
0.01582158
0.01331864
0.01828302
0.00479737
0.00761527
0.01906905
0.01808805
0.00051188
0.00420211
0.02110187
0.00901780
0.00899685
0.02355030
0.01251441
0.01079209
0.01362487
0.02328446
0.00983816
0.00835210
0.01451780
0.02162495
0.00381950
0.01811792
0.00379779
0.02627852
0.00634987
0.01611301
0.00676060
0.00913755
0.01128625
0.01291829
0.01411195
0.01358080
0.02129224
0.01799668
0.01793478
0.00625386
0.01074270
0.01199390
0.02919125
0.00178311
0.02340336
0.00700499
0.01305021
0.00956931
0.00235672
0.00968580
0.01985868
0.01592502
0.02450626
0.00233149
0.01798589
0.00850708
0.00819583
0.00460449
0.02286375
0.00969006
0.00883255
0.01992008
0.02923760
0.01645467
0.02117572
0.00865887
0.01932265
0.01085125
0.01916756
0.02064009
0.00916840
0.01238372
0.00492461
0.01801550
0.01165860
0.00708152
0.00586549
0.00682142
0.01471364
0.01119180
0.03150264
0.01639966
0.01084550
0.02950107
0.01943816
0.02419794
0.01150807
0.01339160
0.00379065
0.00817768
0.01449665
0.01894522
0.02453512
0.00807419
0.01850375
0.01137473
0.01031471
0.01592976
0.01785342
0.01905696
0.01222468
0.02018981
0.00969720
0.01360231
0.00694492
0.02268793
0.01438062
0.01302945
0.01170524
0.00992025
0.02251341
0.02109844
0.01466792
0.00466800
0.01169063
0.02110268
0.00642693
0.02196224
0.00445297
0.00274213
0.02740271
0.00834055
0.00196821
0.01613454
0.01247049
0.01379066
0.01166164
0.00494234
0.01031899
0.00504278
0.01387748
0.01354069
0.01897495
0.02688073
0.00831984
0.00330927
0.01591387
0.01011731
0.02257336
0.00433680
0.01322895
0.02573451
0.01722074
0.00907151
0.01068235
0.01671302
0.02242073
0.02276089
0.01645341
0.02177127
0.01423343
0.02666216
0.01965943
0.00609766
0.01777149
0.00960261
0.01117022
0.02343357
0.01646556
0.01361327
0.02019258
0.02367477
0.01627194
0.03079807
0.02145067
0.00802264
0.00590678
0.01064431
0.01299813
0.02658927
0.01108372
0.00456851
0.00473688
0.00695929
0.02958856
0.01896617
0.01861024
0.02836060
0.00611976
0.01236073
0.02831172
0.01956278
0.00639988
0.00412063
0.01430095
0.01303234
0.01430845
0.01116765
0.02258584
0.02506018
0.02345718
0.00975251
0.02218290
0.00402404
0.02479129
0.01805702
0.02183029
0.01263840
0.00366164
0.02165247
0.01493974
0.01302607
0.01825741
0.00755383
0.01142105
0.01008873
0.00910412
0.00691993
0.01492053
0.01596765
0.01598868
0.00982650
0.00353628
0.01931737
0.00668101
0.01067673
0.00762972
0.02025735
0.00322275
0.01364076
0.00737815
0.02146875
0.02120722
0.02325001
0.01296038
0.01052735
0.01182783
0.02283861
0.02060679
0.02210279
0.01287908
0.01646440
0.00610835
0.00147119
0.02032360
0.02291351
0.01477853
0.01509190
0.01073076
0.00846138
0.00601453
0.01137102
0.01293365
0.01963429
0.02090935
0.01676250
0.00580638
0.01337686
0.01671856
0.01328809
0.00735851
0.02711237
0.01613908
0.01119463
0.01167832
0.01846741
0.02253290
0.00996122
0.01788576
0.01608737
0.01069879
0.01054570
0.00761673
0.00713509
0.00486393
0.01043270
0.01698120
0.01889258
0.01639989
0.01745556
0.02050516
0.01383222
0.00649359
0.02156208
0.01764891
0.02396894
0.03079800
0.00887238
0.01232934
0.00189081
0.01110972
0.00476997
0.00349073
0.01266807
0.01032987
0.00361706
0.02325278
0.01013282
0.01661550
0.02198861
0.00312699
0.01435399
0.01577436
0.02627620
0.00259494
0.01005478
0.02091054
0.00735495
0.02003137
0.01522316
0.02686162
0.01743494
0.00458505
0.02182718
0.01829943
0.01673152
0.00778006
0.02304844
0.00930120
0.02609867
0.01014872
0.01839678
0.01492236
0.00794760
0.01511353
0.01077703
0.01452146
0.01991916
0.01019805
0.01531938
0.00542527
0.01223935
0.00824727
0.01718117
0.00884701
0.01058367
0.01143601
0.01555640
0.01268767
0.02856734
0.00449693
0.01337229
0.00517528
0.01964009
0.00251821
0.01620665
0.01581134
0.01034407
0.01106111
0.01159990
0.00478184
0.02504554
0.02107309
0.02568367
0.01621123
0.02487402
0.00988022
0.01047970
0.02411619
0.00706124
0.01420197
0.00441101
0.00391072
0.01461934
0.01738658
0.01630485
0.01293331
0.00869751
0.01987443
0.02213661
0.01421015
0.00969070
0.01170127
0.01205676
0.02732257
0.00472604
0.00760245
0.00648103
0.00714239
0.00486756
0.00996900
0.02435082
0.01549660
0.02626978
0.00735690
0.03009325
0.00687537
0.01426175
0.01014198
0.02215777
0.01258421
0.00292016
0.00600342
0.01440788
0.01145723
0.00734126
0.01377487
0.01739163
0.00908512
0.01098369
0.00241521
0.01703812
0.00358807
0.02754273
0.01208904
0.00636668
0.00896628
0.00788276
0.01115316
0.00729381
0.01619887
0.00415744
0.00801637
0.01808912
0.00667220
0.02470728
0.00432683
0.00220949
0.01091613
0.01420684
0.00989331
0.02400580
0.02621488
0.01043719
0.01110966
0.00455867
0.00500611
0.01706428
0.01242297
0.00865691
0.02555418
0.00128665
0.01047087
0.01582891
0.01228289
0.01102920
0.00894490
0.01333247
0.01614133
0.00672792
0.01780636
0.01092474
0.00243175
0.01946901
0.00790025
0.01812080
0.01951666
0.00480307
0.00240050
0.01641940
0.00316663
0.00866306
0.01025387
0.01104923
0.01580943
0.02173645
0.00801526
0.01433082
0.01554076
0.01028258
0.02509975
0.00574310
0.01745789
0.01215038
0.00746011
0.02515391
0.01357278
0.00533634
0.00626837
0.00437233
0.01751443
0.02416865
0.00826815
0.00638177
0.00934168
0.01070478
0.01925605
0.02627880
0.01119923
0.00517093
0.01389323
0.00868199
0.01366652
0.00605311
0.00036630
0.01499255
0.01292533
0.00713130
0.00677944
0.00872474
0.01822700
0.00715874
0.02036830
0.01765388
0.01672320
0.02739330
0.00107721
0.01192560
0.01281821
0.00657940
0.02096546
0.00397085
0.00343860
0.01816519
0.00543466
0.01243891
0.00752837
0.01187689
0.01747665
0.01275758
0.00573672
0.00856673
0.00824615
0.00559365
0.01091170
0.00266848
0.02131899
0.02198826
0.01604028
0.02049868
0.02475161
0.00664250
0.01904212
0.01691871
0.00159980
0.00957669
0.03230841
0.00377737
0.01915546
0.02852248
0.00789217
0.02063245
0.00760854
0.00929746
0.01427209
0.00769801
0.00749902
0.01996844
0.00512635
0.00464862
0.02307319
0.01004649
0.01651083
0.02260976
0.00854502
0.01180859
0.01249335
0.02753606
0.00114686
0.00402574
0.00757531
0.01804632
0.02161911
0.01250938
0.00938586
0.00454308
0.02067881
0.01571318
0.01254554
0.01240414
0.02161828
0.02089850
0.00948108
0.01085330
0.01750422
0.00721165
0.00935736
0.02766929
0.02132707
0.02447455
0.00599865
0.02822387
0.00575330
0.01493566
0.01308175
0.00207824
0.01388471
0.00178035
0.01327033
0.00846556
0.00559434
0.00815520
0.01816849
0.01562594
0.02115662
0.02327419
0.00901976
0.00361941
0.00364408
0.00370970
0.01938157
0.01086997
0.00655686
0.00141745
0.02506309
0.00466761
0.01733895
0.02398427
0.00646404
0.02910210
0.00546034
0.01245089
0.01019038
0.00710187
0.00918776
0.01994766
0.01790578
0.00434984
0.01528179
0.02325551
0.00814026
0.01699320
0.00355913
0.01465902
0.00672373
0.00455454
0.02107909
0.00976209
0.01266449
0.00925358
0.00197257
0.01193437
0.01762090
0.01354881
0.02070075
0.02524529
0.01390336
0.02079050
0.00627151
0.00323333
0.02471439
0.00845638
0.00972014
0.01082963
0.01291967
0.00545732
0.02671233
0.01500518
0.01213844
0.00966288
0.01204068
0.01743834
0.00393764
0.01951949
0.00549734
0.00683237
0.01122168
0.01473656
0.00362070
0.00998450
0.00566165
0.01807601
0.00419302
0.01317160
0.00722568
0.01205153
0.01021076
0.00990630
0.00793008
0.00695731
0.01043162
0.00984151
0.01542111
0.01013596
0.00928103
0.01079991
0.00677502
0.03078268
0.00395505
0.01507127
0.00939592
0.01413020
0.00960643
0.00652037
0.00570019
0.02342057
0.00785407
0.01468379
0.01654655
0.01641555
0.01544776
0.00043693
0.00436019
0.00164299
0.00993381
0.00878065
0.00664658
0.01255843
0.00731451
0.00988836
0.01682399
0.01159523
0.00542733
0.02484866
0.01155857
0.02126695
0.00703599
0.01204605
0.01326032
0.01079189
0.01306463
0.02045816
0.02040012
0.00711259
0.00703091
0.01141681
0.01296051
0.02072412
0.01755450
0.01449343
0.01813450
0.01683934
0.01645297
0.01002153
0.00634128
0.02353364
0.01546165
0.02827170
0.01533724
0.00658017
0.01026890
0.00243146
0.00429664
0.01015348
0.00883354
0.01411884
0.02681265
0.00314414
0.00433691
0.00940750
0.00711705
0.02269491
0.00429531
0.00613206
0.02512583
0.00380829
0.01558120
0.01080922
0.00890982
0.01789934
0.01348257
0.01504952
0.01070753
0.00878261
0.01417348
0.02748717
0.00814871
0.01136404
0.01527155
0.01295072
0.00748050
0.01110429
0.00944014
0.02514823
0.01075860
0.00975243
0.01901489
0.01184076
0.01428447
0.00232841
0.01327622
0.01626902
0.01353183
0.01359838
0.01409630
0.01785038
0.01924231
0.01184855
0.01742340
0.00734486
0.01239005
0.02199015
0.01129848
0.00492178
0.00035541
0.00533507
0.02905288
0.00251338
0.00420368
0.00509329
0.00940326
0.00081797
0.01188807
0.00760430
0.00974250
0.01251111
0.02378218
0.02619526
0.00618075
0.01085521
0.01035803
0.01210584
0.00519355
0.00996825
0.00720201
0.02307160
0.01378128
0.00953455
0.01445498
0.01312660
0.00201342
0.01255367
0.01089557
0.01749546
0.01301860
0.01844994
0.00848768
0.01888684
0.01082597
0.00749344
0.01335207
0.01705851
0.01825784
0.02156047
0.00718299
0.01807202
0.00366184
0.01282859
0.02095453
0.00157250
0.01021365
0.01936003
0.00670454
0.01648941
0.00648257
0.00797597
0.01347055
0.00695981
0.01043244
0.01293451
0.01092454
0.01588548
0.00279217
0.01085025
0.02022591
0.00345570
0.01458075
0.00746499
0.00916043
0.00630888
0.00378453
0.00388007
0.01252053
0.01113022
0.00992662
0.01442863
0.01203932
0.02720133
0.02392214
0.00469532
0.02319034
0.01310257
0.02014196
0.00125033
0.00555077
0.01356825
0.01772115
0.01485110
0.00592515
0.01735168
0.01319429
0.00217743
0.00998638
0.02124566
0.00685125
0.00895431
0.02725929
0.01022343
0.01376901
0.01515711
0.00897467
0.02317079
0.00513909
0.00722150
0.02029088
0.01165885
0.01236137
0.01571310
0.01482381
0.00414962
0.00753621
0.01790663
0.00827166
0.02153212
0.01509613
0.01179019
0.01603285
0.02562153
0.00877019
0.01197232
0.00130065
0.02847791
0.02101277
0.01749266
0.02127152
0.00828412
0.01229709
0.00297210
0.01721038
0.01708524
0.01915513
0.01523883
0.03171837
0.00212021
0.02474190
0.01600310
0.01025398
0.00266898
0.00075571
0.01302075
0.00732288
0.00977143
0.00100995
0.00911318
0.01152450
0.00380019
0.01231227
0.00620768
0.00640254
0.01426920
0.02351749
0.02733303
0.00357528
0.01210851
0.00508266
0.01529493
0.01630440
0.02307045
0.00734396
0.00282375
0.02054564
0.01297239
0.02433558
0.00476502
0.00467457
0.01351877
0.01123407
0.00906262
0.01091757
0.01493254
0.02427027
0.02272692
0.01205086
0.00339648
0.01034842
0.00639778
0.00988084
0.01998513
0.01275524
0.01974437
0.00560928
0.01683052
0.00129281
0.01757388
0.00910885
0.02293937
0.00425053
0.01825808
0.00963834
0.01383690
0.00379714
0.01109570
0.01330415
0.00353783
0.00315575
0.01470168
0.00570316
0.00731775
0.01071486
0.02126224
0.01442533
0.00489688
0.00937780
0.01271599
0.00052109
0.01204078
0.01257418
0.01245462
0.02054237
0.00996911
0.01799440
0.00863910
0.01920078
0.00952086
0.02451407
0.00175563
0.01056304
0.00992545
0.01171918
0.01187270
0.00309212
0.00712754
0.01508678
0.02244501
0.00272044
0.00908873
0.01604337
0.02449022
0.02441823
0.01490163
0.00235223
0.02093304
0.01709617
0.02272696
0.00289535
0.00985625
0.01523445
0.01174753
0.02229409
0.00883262
0.01832762
0.01621077
0.01215156
0.00870170
0.00461524
0.01168730
0.01970801
0.01104940
0.00402884
0.00622844
0.01102501
0.02046352
0.00921267
0.01394682
0.02047175
0.02534334
0.01580887
0.01946465
0.01147589
0.01054034
0.00902163
0.02624632
0.01183597
0.00885461
0.01597847
0.01114849
0.00529439
0.01262318
0.00819087
0.01590972
0.00179689
0.00383760
0.01809210
0.00676955
0.00653678
0.01147675
0.00564456
0.01072917
0.01290847
0.00832426
0.00842712
0.00370512
0.01561529
0.01410179
0.01054596
0.01255613
0.01092385
0.01302954
0.00942949
0.01106624
0.00852137
0.01083715
0.01734765
0.01039506
0.01875611
0.00759401
0.02271150
0.02152379
0.01588817
0.00303654
0.01644351
0.00344815
0.01519402
0.01393722
0.00678845
0.01237932
0.01061103
0.00167060
0.01143826
0.00102738
0.01690643
0.01907532
0.01309733
0.01546364
0.01018315
0.00430764
0.01198191
0.00839972
