0.10699251 0.10699251 0.10699251 0.04990571
0.21928036 0.10699251 0.10699251 0.04990571
0.33156822 0.10699251 0.10699251 0.04990571
0.44385607 0.10699251 0.10699251 0.04990571
0.55614393 0.10699251 0.10699251 0.04990571
0.66843178 0.10699251 0.10699251 0.04990571
0.78071964 0.10699251 0.10699251 0.04990571
0.89300749 0.10699251 0.10699251 0.04990571
0.10699251 0.21928036 0.10699251 0.04990571
0.21928036 0.21928036 0.10699251 0.04990571
0.33156822 0.21928036 0.10699251 0.04990571
0.44385607 0.21928036 0.10699251 0.04990571
0.55614393 0.21928036 0.10699251 0.04990571
0.66843178 0.21928036 0.10699251 0.04990571
0.78071964 0.21928036 0.10699251 0.04990571
0.89300749 0.21928036 0.10699251 0.04990571
0.10699251 0.33156822 0.10699251 0.04990571
0.21928036 0.33156822 0.10699251 0.04990571
0.33156822 0.33156822 0.10699251 0.04990571
0.44385607 0.33156822 0.10699251 0.04990571
0.55614393 0.33156822 0.10699251 0.04990571
0.66843178 0.33156822 0.10699251 0.04990571
0.78071964 0.33156822 0.10699251 0.04990571
0.89300749 0.33156822 0.10699251 0.04990571
0.10699251 0.44385607 0.10699251 0.04990571
0.21928036 0.44385607 0.10699251 0.04990571
0.33156822 0.44385607 0.10699251 0.04990571
0.44385607 0.44385607 0.10699251 0.04990571
0.55614393 0.44385607 0.10699251 0.04990571
0.66843178 0.44385607 0.10699251 0.04990571
0.78071964 0.44385607 0.10699251 0.04990571
0.89300749 0.44385607 0.10699251 0.04990571
0.10699251 0.55614393 0.10699251 0.04990571
0.21928036 0.55614393 0.10699251 0.04990571
0.33156822 0.55614393 0.10699251 0.04990571
0.44385607 0.55614393 0.10699251 0.04990571
0.55614393 0.55614393 0.10699251 0.04990571
0.66843178 0.55614393 0.10699251 0.04990571
0.78071964 0.55614393 0.10699251 0.04990571
0.89300749 0.55614393 0.10699251 0.04990571
0.10699251 0.66843178 0.10699251 0.04990571
0.21928036 0.66843178 0.10699251 0.04990571
0.33156822 0.66843178 0.10699251 0.04990571
0.44385607 0.66843178 0.10699251 0.04990571
0.55614393 0.66843178 0.10699251 0.04990571
0.66843178 0.66843178 0.10699251 0.04990571
0.78071964 0.66843178 0.10699251 0.04990571
0.89300749 0.66843178 0.10699251 0.04990571
0.10699251 0.78071964 0.10699251 0.04990571
0.21928036 0.78071964 0.10699251 0.04990571
0.33156822 0.78071964 0.10699251 0.04990571
0.44385607 0.78071964 0.10699251 0.04990571
0.55614393 0.78071964 0.10699251 0.04990571
0.66843178 0.78071964 0.10699251 0.04990571
0.78071964 0.78071964 0.10699251 0.04990571
0.89300749 0.78071964 0.10699251 0.04990571
0.10699251 0.89300749 0.10699251 0.04990571
0.21928036 0.89300749 0.10699251 0.04990571
0.33156822 0.89300749 0.10699251 0.04990571
0.44385607 0.89300749 0.10699251 0.04990571
0.55614393 0.89300749 0.10699251 0.04990571
0.66843178 0.89300749 0.10699251 0.04990571
0.78071964 0.89300749 0.10699251 0.04990571
0.89300749 0.89300749 0.10699251 0.04990571
0.10699251 0.10699251 0.21928036 0.04990571
0.21928036 0.10699251 0.21928036 0.04990571
0.33156822 0.10699251 0.21928036 0.04990571
0.44385607 0.10699251 0.21928036 0.04990571
0.55614393 0.10699251 0.21928036 0.04990571
0.66843178 0.10699251 0.21928036 0.04990571
0.78071964 0.10699251 0.21928036 0.04990571
0.89300749 0.10699251 0.21928036 0.04990571
0.10699251 0.21928036 0.21928036 0.04990571
0.21928036 0.21928036 0.21928036 0.04990571
0.33156822 0.21928036 0.21928036 0.04990571
0.44385607 0.21928036 0.21928036 0.04990571
0.55614393 0.21928036 0.21928036 0.04990571
0.66843178 0.21928036 0.21928036 0.04990571
0.78071964 0.21928036 0.21928036 0.04990571
0.89300749 0.21928036 0.21928036 0.04990571
0.10699251 0.33156822 0.21928036 0.04990571
0.21928036 0.33156822 0.21928036 0.04990571
0.33156822 0.33156822 0.21928036 0.04990571
0.44385607 0.33156822 0.21928036 0.04990571
0.55614393 0.33156822 0.21928036 0.04990571
0.66843178 0.33156822 0.21928036 0.04990571
0.78071964 0.33156822 0.21928036 0.04990571
0.89300749 0.33156822 0.21928036 0.04990571
0.10699251 0.44385607 0.21928036 0.04990571
0.21928036 0.44385607 0.21928036 0.04990571
0.33156822 0.44385607 0.21928036 0.04990571
0.44385607 0.44385607 0.21928036 0.04990571
0.55614393 0.44385607 0.21928036 0.04990571
0.66843178 0.44385607 0.21928036 0.04990571
0.78071964 0.44385607 0.21928036 0.04990571
0.89300749 0.44385607 0.21928036 0.04990571
0.10699251 0.55614393 0.21928036 0.04990571
0.21928036 0.55614393 0.21928036 0.04990571
0.33156822 0.55614393 0.21928036 0.04990571
0.44385607 0.55614393 0.21928036 0.04990571
0.55614393 0.55614393 0.21928036 0.04990571
0.66843178 0.55614393 0.21928036 0.04990571
0.78071964 0.55614393 0.21928036 0.04990571
0.89300749 0.55614393 0.21928036 0.04990571
0.10699251 0.66843178 0.21928036 0.04990571
0.21928036 0.66843178 0.21928036 0.04990571
0.33156822 0.66843178 0.21928036 0.04990571
0.44385607 0.66843178 0.21928036 0.04990571
0.55614393 0.66843178 0.21928036 0.04990571
0.66843178 0.66843178 0.21928036 0.04990571
0.78071964 0.66843178 0.21928036 0.04990571
0.89300749 0.66843178 0.21928036 0.04990571
0.10699251 0.78071964 0.21928036 0.04990571
0.21928036 0.78071964 0.21928036 0.04990571
0.33156822 0.78071964 0.21928036 0.04990571
0.44385607 0.78071964 0.21928036 0.04990571
0.55614393 0.78071964 0.21928036 0.04990571
0.66843178 0.78071964 0.21928036 0.04990571
0.78071964 0.78071964 0.21928036 0.04990571
0.89300749 0.78071964 0.21928036 0.04990571
0.10699251 0.89300749 0.21928036 0.04990571
0.21928036 0.89300749 0.21928036 0.04990571
0.33156822 0.89300749 0.21928036 0.04990571
0.44385607 0.89300749 0.21928036 0.04990571
0.55614393 0.89300749 0.21928036 0.04990571
0.66843178 0.89300749 0.21928036 0.04990571
0.78071964 0.89300749 0.21928036 0.04990571
0.89300749 0.89300749 0.21928036 0.04990571
0.10699251 0.10699251 0.33156822 0.04990571
0.21928036 0.10699251 0.33156822 0.04990571
0.33156822 0.10699251 0.33156822 0.04990571
0.44385607 0.10699251 0.33156822 0.04990571
0.55614393 0.10699251 0.33156822 0.04990571
0.66843178 0.10699251 0.33156822 0.04990571
0.78071964 0.10699251 0.33156822 0.04990571
0.89300749 0.10699251 0.33156822 0.04990571
0.10699251 0.21928036 0.33156822 0.04990571
0.21928036 0.21928036 0.33156822 0.04990571
0.33156822 0.21928036 0.33156822 0.04990571
0.44385607 0.21928036 0.33156822 0.04990571
0.55614393 0.21928036 0.33156822 0.04990571
0.66843178 0.21928036 0.33156822 0.04990571
0.78071964 0.21928036 0.33156822 0.04990571
0.89300749 0.21928036 0.33156822 0.04990571
0.10699251 0.33156822 0.33156822 0.04990571
0.21928036 0.33156822 0.33156822 0.04990571
0.33156822 0.33156822 0.33156822 0.04990571
0.44385607 0.33156822 0.33156822 0.04990571
0.55614393 0.33156822 0.33156822 0.04990571
0.66843178 0.33156822 0.33156822 0.04990571
0.78071964 0.33156822 0.33156822 0.04990571
0.89300749 0.33156822 0.33156822 0.04990571
0.10699251 0.44385607 0.33156822 0.04990571
0.21928036 0.44385607 0.33156822 0.04990571
0.33156822 0.44385607 0.33156822 0.04990571
0.44385607 0.44385607 0.33156822 0.04990571
0.55614393 0.44385607 0.33156822 0.04990571
0.66843178 0.44385607 0.33156822 0.04990571
0.78071964 0.44385607 0.33156822 0.04990571
0.89300749 0.44385607 0.33156822 0.04990571
0.10699251 0.55614393 0.33156822 0.04990571
0.21928036 0.55614393 0.33156822 0.04990571
0.33156822 0.55614393 0.33156822 0.04990571
0.44385607 0.55614393 0.33156822 0.04990571
0.55614393 0.55614393 0.33156822 0.04990571
0.66843178 0.55614393 0.33156822 0.04990571
0.78071964 0.55614393 0.33156822 0.04990571
0.89300749 0.55614393 0.33156822 0.04990571
0.10699251 0.66843178 0.33156822 0.04990571
0.21928036 0.66843178 0.33156822 0.04990571
0.33156822 0.66843178 0.33156822 0.04990571
0.44385607 0.66843178 0.33156822 0.04990571
0.55614393 0.66843178 0.33156822 0.04990571
0.66843178 0.66843178 0.33156822 0.04990571
0.78071964 0.66843178 0.33156822 0.04990571
0.89300749 0.66843178 0.33156822 0.04990571
0.10699251 0.78071964 0.33156822 0.04990571
0.21928036 0.78071964 0.33156822 0.04990571
0.33156822 0.78071964 0.33156822 0.04990571
0.44385607 0.78071964 0.33156822 0.04990571
0.55614393 0.78071964 0.33156822 0.04990571
0.66843178 0.78071964 0.33156822 0.04990571
0.78071964 0.78071964 0.33156822 0.04990571
0.89300749 0.78071964 0.33156822 0.04990571
0.10699251 0.89300749 0.33156822 0.04990571
0.21928036 0.89300749 0.33156822 0.04990571
0.33156822 0.89300749 0.33156822 0.04990571
0.44385607 0.89300749 0.33156822 0.04990571
0.55614393 0.89300749 0.33156822 0.04990571
0.66843178 0.89300749 0.33156822 0.04990571
0.78071964 0.89300749 0.33156822 0.04990571
0.89300749 0.89300749 0.33156822 0.04990571
0.10699251 0.10699251 0.44385607 0.04990571
0.21928036 0.10699251 0.44385607 0.04990571
0.33156822 0.10699251 0.44385607 0.04990571
0.44385607 0.10699251 0.44385607 0.04990571
0.55614393 0.10699251 0.44385607 0.04990571
0.66843178 0.10699251 0.44385607 0.04990571
0.78071964 0.10699251 0.44385607 0.04990571
0.89300749 0.10699251 0.44385607 0.04990571
0.10699251 0.21928036 0.44385607 0.04990571
0.21928036 0.21928036 0.44385607 0.04990571
0.33156822 0.21928036 0.44385607 0.04990571
0.44385607 0.21928036 0.44385607 0.04990571
0.55614393 0.21928036 0.44385607 0.04990571
0.66843178 0.21928036 0.44385607 0.04990571
0.78071964 0.21928036 0.44385607 0.04990571
0.89300749 0.21928036 0.44385607 0.04990571
0.10699251 0.33156822 0.44385607 0.04990571
0.21928036 0.33156822 0.44385607 0.04990571
0.33156822 0.33156822 0.44385607 0.04990571
0.44385607 0.33156822 0.44385607 0.04990571
0.55614393 0.33156822 0.44385607 0.04990571
0.66843178 0.33156822 0.44385607 0.04990571
0.78071964 0.33156822 0.44385607 0.04990571
0.89300749 0.33156822 0.44385607 0.04990571
0.10699251 0.44385607 0.44385607 0.04990571
0.21928036 0.44385607 0.44385607 0.04990571
0.33156822 0.44385607 0.44385607 0.04990571
0.44385607 0.44385607 0.44385607 0.04990571
0.55614393 0.44385607 0.44385607 0.04990571
0.66843178 0.44385607 0.44385607 0.04990571
0.78071964 0.44385607 0.44385607 0.04990571
0.89300749 0.44385607 0.44385607 0.04990571
0.10699251 0.55614393 0.44385607 0.04990571
0.21928036 0.55614393 0.44385607 0.04990571
0.33156822 0.55614393 0.44385607 0.04990571
0.44385607 0.55614393 0.44385607 0.04990571
0.55614393 0.55614393 0.44385607 0.04990571
0.66843178 0.55614393 0.44385607 0.04990571
0.78071964 0.55614393 0.44385607 0.04990571
0.89300749 0.55614393 0.44385607 0.04990571
0.10699251 0.66843178 0.44385607 0.04990571
0.21928036 0.66843178 0.44385607 0.04990571
0.33156822 0.66843178 0.44385607 0.04990571
0.44385607 0.66843178 0.44385607 0.04990571
0.55614393 0.66843178 0.44385607 0.04990571
0.66843178 0.66843178 0.44385607 0.04990571
0.78071964 0.66843178 0.44385607 0.04990571
0.89300749 0.66843178 0.44385607 0.04990571
0.10699251 0.78071964 0.44385607 0.04990571
0.21928036 0.78071964 0.44385607 0.04990571
0.33156822 0.78071964 0.44385607 0.04990571
0.44385607 0.78071964 0.44385607 0.04990571
0.55614393 0.78071964 0.44385607 0.04990571
0.66843178 0.78071964 0.44385607 0.04990571
0.78071964 0.78071964 0.44385607 0.04990571
0.89300749 0.78071964 0.44385607 0.04990571
0.10699251 0.89300749 0.44385607 0.04990571
0.21928036 0.89300749 0.44385607 0.04990571
0.33156822 0.89300749 0.44385607 0.04990571
0.44385607 0.89300749 0.44385607 0.04990571
0.55614393 0.89300749 0.44385607 0.04990571
0.66843178 0.89300749 0.44385607 0.04990571
0.78071964 0.89300749 0.44385607 0.04990571
0.89300749 0.89300749 0.44385607 0.04990571
0.10699251 0.10699251 0.55614393 0.04990571
0.21928036 0.10699251 0.55614393 0.04990571
0.33156822 0.10699251 0.55614393 0.04990571
0.44385607 0.10699251 0.55614393 0.04990571
0.55614393 0.10699251 0.55614393 0.04990571
0.66843178 0.10699251 0.55614393 0.04990571
0.78071964 0.10699251 0.55614393 0.04990571
0.89300749 0.10699251 0.55614393 0.04990571
0.10699251 0.21928036 0.55614393 0.04990571
0.21928036 0.21928036 0.55614393 0.04990571
0.33156822 0.21928036 0.55614393 0.04990571
0.44385607 0.21928036 0.55614393 0.04990571
0.55614393 0.21928036 0.55614393 0.04990571
0.66843178 0.21928036 0.55614393 0.04990571
0.78071964 0.21928036 0.55614393 0.04990571
0.89300749 0.21928036 0.55614393 0.04990571
0.10699251 0.33156822 0.55614393 0.04990571
0.21928036 0.33156822 0.55614393 0.04990571
0.33156822 0.33156822 0.55614393 0.04990571
0.44385607 0.33156822 0.55614393 0.04990571
0.55614393 0.33156822 0.55614393 0.04990571
0.66843178 0.33156822 0.55614393 0.04990571
0.78071964 0.33156822 0.55614393 0.04990571
0.89300749 0.33156822 0.55614393 0.04990571
0.10699251 0.44385607 0.55614393 0.04990571
0.21928036 0.44385607 0.55614393 0.04990571
0.33156822 0.44385607 0.55614393 0.04990571
0.44385607 0.44385607 0.55614393 0.04990571
0.55614393 0.44385607 0.55614393 0.04990571
0.66843178 0.44385607 0.55614393 0.04990571
0.78071964 0.44385607 0.55614393 0.04990571
0.89300749 0.44385607 0.55614393 0.04990571
0.10699251 0.55614393 0.55614393 0.04990571
0.21928036 0.55614393 0.55614393 0.04990571
0.33156822 0.55614393 0.55614393 0.04990571
0.44385607 0.55614393 0.55614393 0.04990571
0.55614393 0.55614393 0.55614393 0.04990571
0.66843178 0.55614393 0.55614393 0.04990571
0.78071964 0.55614393 0.55614393 0.04990571
0.89300749 0.55614393 0.55614393 0.04990571
0.10699251 0.66843178 0.55614393 0.04990571
0.21928036 0.66843178 0.55614393 0.04990571
0.33156822 0.66843178 0.55614393 0.04990571
0.44385607 0.66843178 0.55614393 0.04990571
0.55614393 0.66843178 0.55614393 0.04990571
0.66843178 0.66843178 0.55614393 0.04990571
0.78071964 0.66843178 0.55614393 0.04990571
0.89300749 0.66843178 0.55614393 0.04990571
0.10699251 0.78071964 0.55614393 0.04990571
0.21928036 0.78071964 0.55614393 0.04990571
0.33156822 0.78071964 0.55614393 0.04990571
0.44385607 0.78071964 0.55614393 0.04990571
0.55614393 0.78071964 0.55614393 0.04990571
0.66843178 0.78071964 0.55614393 0.04990571
0.78071964 0.78071964 0.55614393 0.04990571
0.89300749 0.78071964 0.55614393 0.04990571
0.10699251 0.89300749 0.55614393 0.04990571
0.21928036 0.89300749 0.55614393 0.04990571
0.33156822 0.89300749 0.55614393 0.04990571
0.44385607 0.89300749 0.55614393 0.04990571
0.55614393 0.89300749 0.55614393 0.04990571
0.66843178 0.89300749 0.55614393 0.04990571
0.78071964 0.89300749 0.55614393 0.04990571
0.89300749 0.89300749 0.55614393 0.04990571
0.10699251 0.10699251 0.66843178 0.04990571
0.21928036 0.10699251 0.66843178 0.04990571
0.33156822 0.10699251 0.66843178 0.04990571
0.44385607 0.10699251 0.66843178 0.04990571
0.55614393 0.10699251 0.66843178 0.04990571
0.66843178 0.10699251 0.66843178 0.04990571
0.78071964 0.10699251 0.66843178 0.04990571
0.89300749 0.10699251 0.66843178 0.04990571
0.10699251 0.21928036 0.66843178 0.04990571
0.21928036 0.21928036 0.66843178 0.04990571
0.33156822 0.21928036 0.66843178 0.04990571
0.44385607 0.21928036 0.66843178 0.04990571
0.55614393 0.21928036 0.66843178 0.04990571
0.66843178 0.21928036 0.66843178 0.04990571
0.78071964 0.21928036 0.66843178 0.04990571
0.89300749 0.21928036 0.66843178 0.04990571
0.10699251 0.33156822 0.66843178 0.04990571
0.21928036 0.33156822 0.66843178 0.04990571
0.33156822 0.33156822 0.66843178 0.04990571
0.44385607 0.33156822 0.66843178 0.04990571
0.55614393 0.33156822 0.66843178 0.04990571
0.66843178 0.33156822 0.66843178 0.04990571
0.78071964 0.33156822 0.66843178 0.04990571
0.89300749 0.33156822 0.66843178 0.04990571
0.10699251 0.44385607 0.66843178 0.04990571
0.21928036 0.44385607 0.66843178 0.04990571
0.33156822 0.44385607 0.66843178 0.04990571
0.44385607 0.44385607 0.66843178 0.04990571
0.55614393 0.44385607 0.66843178 0.04990571
0.66843178 0.44385607 0.66843178 0.04990571
0.78071964 0.44385607 0.66843178 0.04990571
0.89300749 0.44385607 0.66843178 0.04990571
0.10699251 0.55614393 0.66843178 0.04990571
0.21928036 0.55614393 0.66843178 0.04990571
0.33156822 0.55614393 0.66843178 0.04990571
0.44385607 0.55614393 0.66843178 0.04990571
0.55614393 0.55614393 0.66843178 0.04990571
0.66843178 0.55614393 0.66843178 0.04990571
0.78071964 0.55614393 0.66843178 0.04990571
0.89300749 0.55614393 0.66843178 0.04990571
0.10699251 0.66843178 0.66843178 0.04990571
0.21928036 0.66843178 0.66843178 0.04990571
0.33156822 0.66843178 0.66843178 0.04990571
0.44385607 0.66843178 0.66843178 0.04990571
0.55614393 0.66843178 0.66843178 0.04990571
0.66843178 0.66843178 0.66843178 0.04990571
0.78071964 0.66843178 0.66843178 0.04990571
0.89300749 0.66843178 0.66843178 0.04990571
0.10699251 0.78071964 0.66843178 0.04990571
0.21928036 0.78071964 0.66843178 0.04990571
0.33156822 0.78071964 0.66843178 0.04990571
0.44385607 0.78071964 0.66843178 0.04990571
0.55614393 0.78071964 0.66843178 0.04990571
0.66843178 0.78071964 0.66843178 0.04990571
0.78071964 0.78071964 0.66843178 0.04990571
0.89300749 0.78071964 0.66843178 0.04990571
0.10699251 0.89300749 0.66843178 0.04990571
0.21928036 0.89300749 0.66843178 0.04990571
0.33156822 0.89300749 0.66843178 0.04990571
0.44385607 0.89300749 0.66843178 0.04990571
0.55614393 0.89300749 0.66843178 0.04990571
0.66843178 0.89300749 0.66843178 0.04990571
0.78071964 0.89300749 0.66843178 0.04990571
0.89300749 0.89300749 0.66843178 0.04990571
0.10699251 0.10699251 0.78071964 0.04990571
0.21928036 0.10699251 0.78071964 0.04990571
0.33156822 0.10699251 0.78071964 0.04990571
0.44385607 0.10699251 0.78071964 0.04990571
0.55614393 0.10699251 0.78071964 0.04990571
0.66843178 0.10699251 0.78071964 0.04990571
0.78071964 0.10699251 0.78071964 0.04990571
0.89300749 0.10699251 0.78071964 0.04990571
0.10699251 0.21928036 0.78071964 0.04990571
0.21928036 0.21928036 0.78071964 0.04990571
0.33156822 0.21928036 0.78071964 0.04990571
0.44385607 0.21928036 0.78071964 0.04990571
0.55614393 0.21928036 0.78071964 0.04990571
0.66843178 0.21928036 0.78071964 0.04990571
0.78071964 0.21928036 0.78071964 0.04990571
0.89300749 0.21928036 0.78071964 0.04990571
0.10699251 0.33156822 0.78071964 0.04990571
0.21928036 0.33156822 0.78071964 0.04990571
0.33156822 0.33156822 0.78071964 0.04990571
0.44385607 0.33156822 0.78071964 0.04990571
0.55614393 0.33156822 0.78071964 0.04990571
0.66843178 0.33156822 0.78071964 0.04990571
0.78071964 0.33156822 0.78071964 0.04990571
0.89300749 0.33156822 0.78071964 0.04990571
0.10699251 0.44385607 0.78071964 0.04990571
0.21928036 0.44385607 0.78071964 0.04990571
0.33156822 0.44385607 0.78071964 0.04990571
0.44385607 0.44385607 0.78071964 0.04990571
0.55614393 0.44385607 0.78071964 0.04990571
0.66843178 0.44385607 0.78071964 0.04990571
0.78071964 0.44385607 0.78071964 0.04990571
0.89300749 0.44385607 0.78071964 0.04990571
0.10699251 0.55614393 0.78071964 0.04990571
0.21928036 0.55614393 0.78071964 0.04990571
0.33156822 0.55614393 0.78071964 0.04990571
0.44385607 0.55614393 0.78071964 0.04990571
0.55614393 0.55614393 0.78071964 0.04990571
0.66843178 0.55614393 0.78071964 0.04990571
0.78071964 0.55614393 0.78071964 0.04990571
0.89300749 0.55614393 0.78071964 0.04990571
0.10699251 0.66843178 0.78071964 0.04990571
0.21928036 0.66843178 0.78071964 0.04990571
0.33156822 0.66843178 0.78071964 0.04990571
0.44385607 0.66843178 0.78071964 0.04990571
0.55614393 0.66843178 0.78071964 0.04990571
0.66843178 0.66843178 0.78071964 0.04990571
0.78071964 0.66843178 0.78071964 0.04990571
0.89300749 0.66843178 0.78071964 0.04990571
0.10699251 0.78071964 0.78071964 0.04990571
0.21928036 0.78071964 0.78071964 0.04990571
0.33156822 0.78071964 0.78071964 0.04990571
0.44385607 0.78071964 0.78071964 0.04990571
0.55614393 0.78071964 0.78071964 0.04990571
0.66843178 0.78071964 0.78071964 0.04990571
0.78071964 0.78071964 0.78071964 0.04990571
0.89300749 0.78071964 0.78071964 0.04990571
0.10699251 0.89300749 0.78071964 0.04990571
0.21928036 0.89300749 0.78071964 0.04990571
0.33156822 0.89300749 0.78071964 0.04990571
0.44385607 0.89300749 0.78071964 0.04990571
0.55614393 0.89300749 0.78071964 0.04990571
0.66843178 0.89300749 0.78071964 0.04990571
0.78071964 0.89300749 0.78071964 0.04990571
0.89300749 0.89300749 0.78071964 0.04990571
0.10699251 0.10699251 0.89300749 0.04990571
0.21928036 0.10699251 0.89300749 0.04990571
0.33156822 0.10699251 0.89300749 0.04990571
0.44385607 0.10699251 0.89300749 0.04990571
0.55614393 0.10699251 0.89300749 0.04990571
0.66843178 0.10699251 0.89300749 0.04990571
0.78071964 0.10699251 0.89300749 0.04990571
0.89300749 0.10699251 0.89300749 0.04990571
0.10699251 0.21928036 0.89300749 0.04990571
0.21928036 0.21928036 0.89300749 0.04990571
0.33156822 0.21928036 0.89300749 0.04990571
0.44385607 0.21928036 0.89300749 0.04990571
0.55614393 0.21928036 0.89300749 0.04990571
0.66843178 0.21928036 0.89300749 0.04990571
0.78071964 0.21928036 0.89300749 0.04990571
0.89300749 0.21928036 0.89300749 0.04990571
0.10699251 0.33156822 0.89300749 0.04990571
0.21928036 0.33156822 0.89300749 0.04990571
0.33156822 0.33156822 0.89300749 0.04990571
0.44385607 0.33156822 0.89300749 0.04990571
0.55614393 0.33156822 0.89300749 0.04990571
0.66843178 0.33156822 0.89300749 0.04990571
0.78071964 0.33156822 0.89300749 0.04990571
0.89300749 0.33156822 0.89300749 0.04990571
0.10699251 0.44385607 0.89300749 0.04990571
0.21928036 0.44385607 0.89300749 0.04990571
0.33156822 0.44385607 0.89300749 0.04990571
0.44385607 0.44385607 0.89300749 0.04990571
0.55614393 0.44385607 0.89300749 0.04990571
0.66843178 0.44385607 0.89300749 0.04990571
0.78071964 0.44385607 0.89300749 0.04990571
0.89300749 0.44385607 0.89300749 0.04990571
0.10699251 0.55614393 0.89300749 0.04990571
0.21928036 0.55614393 0.89300749 0.04990571
0.33156822 0.55614393 0.89300749 0.04990571
0.44385607 0.55614393 0.89300749 0.04990571
0.55614393 0.55614393 0.89300749 0.04990571
0.66843178 0.55614393 0.89300749 0.04990571
0.78071964 0.55614393 0.89300749 0.04990571
0.89300749 0.55614393 0.89300749 0.04990571
0.10699251 0.66843178 0.89300749 0.04990571
0.21928036 0.66843178 0.89300749 0.04990571
0.33156822 0.66843178 0.89300749 0.04990571
0.44385607 0.66843178 0.89300749 0.04990571
0.55614393 0.66843178 0.89300749 0.04990571
0.66843178 0.66843178 0.89300749 0.04990571
0.78071964 0.66843178 0.89300749 0.04990571
0.89300749 0.66843178 0.89300749 0.04990571
0.10699251 0.78071964 0.89300749 0.04990571
0.21928036 0.78071964 0.89300749 0.04990571
0.33156822 0.78071964 0.89300749 0.04990571
0.44385607 0.78071964 0.89300749 0.04990571
0.55614393 0.78071964 0.89300749 0.04990571
0.66843178 0.78071964 0.89300749 0.04990571
0.78071964 0.78071964 0.89300749 0.04990571
0.89300749 0.78071964 0.89300749 0.04990571
0.10699251 0.89300749 0.89300749 0.04990571
0.21928036 0.89300749 0.89300749 0.04990571
0.33156822 0.89300749 0.89300749 0.04990571
0.44385607 0.89300749 0.89300749 0.04990571
0.55614393 0.89300749 0.89300749 0.04990571
0.66843178 0.89300749 0.89300749 0.04990571
0.78071964 0.89300749 0.89300749 0.04990571
0.89300749 0.89300749 0.89300749 0.04990571
