0.06026435 0.06026435 0.06026435 0.04343068
0.15798338 0.06026435 0.06026435 0.04343068
0.25570241 0.06026435 0.06026435 0.04343068
0.35342145 0.06026435 0.06026435 0.04343068
0.45114048 0.06026435 0.06026435 0.04343068
0.54885952 0.06026435 0.06026435 0.04343068
0.64657855 0.06026435 0.06026435 0.04343068
0.74429759 0.06026435 0.06026435 0.04343068
0.84201662 0.06026435 0.06026435 0.04343068
0.93973565 0.06026435 0.06026435 0.04343068
0.06026435 0.15798338 0.06026435 0.04343068
0.15798338 0.15798338 0.06026435 0.04343068
0.25570241 0.15798338 0.06026435 0.04343068
0.35342145 0.15798338 0.06026435 0.04343068
0.45114048 0.15798338 0.06026435 0.04343068
0.54885952 0.15798338 0.06026435 0.04343068
0.64657855 0.15798338 0.06026435 0.04343068
0.74429759 0.15798338 0.06026435 0.04343068
0.84201662 0.15798338 0.06026435 0.04343068
0.93973565 0.15798338 0.06026435 0.04343068
0.06026435 0.25570241 0.06026435 0.04343068
0.15798338 0.25570241 0.06026435 0.04343068
0.25570241 0.25570241 0.06026435 0.04343068
0.35342145 0.25570241 0.06026435 0.04343068
0.45114048 0.25570241 0.06026435 0.04343068
0.54885952 0.25570241 0.06026435 0.04343068
0.64657855 0.25570241 0.06026435 0.04343068
0.74429759 0.25570241 0.06026435 0.04343068
0.84201662 0.25570241 0.06026435 0.04343068
0.93973565 0.25570241 0.06026435 0.04343068
0.06026435 0.35342145 0.06026435 0.04343068
0.15798338 0.35342145 0.06026435 0.04343068
0.25570241 0.35342145 0.06026435 0.04343068
0.35342145 0.35342145 0.06026435 0.04343068
0.45114048 0.35342145 0.06026435 0.04343068
0.54885952 0.35342145 0.06026435 0.04343068
0.64657855 0.35342145 0.06026435 0.04343068
0.74429759 0.35342145 0.06026435 0.04343068
0.84201662 0.35342145 0.06026435 0.04343068
0.93973565 0.35342145 0.06026435 0.04343068
0.06026435 0.45114048 0.06026435 0.04343068
0.15798338 0.45114048 0.06026435 0.04343068
0.25570241 0.45114048 0.06026435 0.04343068
0.35342145 0.45114048 0.06026435 0.04343068
0.45114048 0.45114048 0.06026435 0.04343068
0.54885952 0.45114048 0.06026435 0.04343068
0.64657855 0.45114048 0.06026435 0.04343068
0.74429759 0.45114048 0.06026435 0.04343068
0.84201662 0.45114048 0.06026435 0.04343068
0.93973565 0.45114048 0.06026435 0.04343068
0.06026435 0.54885952 0.06026435 0.04343068
0.15798338 0.54885952 0.06026435 0.04343068
0.25570241 0.54885952 0.06026435 0.04343068
0.35342145 0.54885952 0.06026435 0.04343068
0.45114048 0.54885952 0.06026435 0.04343068
0.54885952 0.54885952 0.06026435 0.04343068
0.64657855 0.54885952 0.06026435 0.04343068
0.74429759 0.54885952 0.06026435 0.04343068
0.84201662 0.54885952 0.06026435 0.04343068
0.93973565 0.54885952 0.06026435 0.04343068
0.06026435 0.64657855 0.06026435 0.04343068
0.15798338 0.64657855 0.06026435 0.04343068
0.25570241 0.64657855 0.06026435 0.04343068
0.35342145 0.64657855 0.06026435 0.04343068
0.45114048 0.64657855 0.06026435 0.04343068
0.54885952 0.64657855 0.06026435 0.04343068
0.64657855 0.64657855 0.06026435 0.04343068
0.74429759 0.64657855 0.06026435 0.04343068
0.84201662 0.64657855 0.06026435 0.04343068
0.93973565 0.64657855 0.06026435 0.04343068
0.06026435 0.74429759 0.06026435 0.04343068
0.15798338 0.74429759 0.06026435 0.04343068
0.25570241 0.74429759 0.06026435 0.04343068
0.35342145 0.74429759 0.06026435 0.04343068
0.45114048 0.74429759 0.06026435 0.04343068
0.54885952 0.74429759 0.06026435 0.04343068
0.64657855 0.74429759 0.06026435 0.04343068
0.74429759 0.74429759 0.06026435 0.04343068
0.84201662 0.74429759 0.06026435 0.04343068
0.93973565 0.74429759 0.06026435 0.04343068
0.06026435 0.84201662 0.06026435 0.04343068
0.15798338 0.84201662 0.06026435 0.04343068
0.25570241 0.84201662 0.06026435 0.04343068
0.35342145 0.84201662 0.06026435 0.04343068
0.45114048 0.84201662 0.06026435 0.04343068
0.54885952 0.84201662 0.06026435 0.04343068
0.64657855 0.84201662 0.06026435 0.04343068
0.74429759 0.84201662 0.06026435 0.04343068
0.84201662 0.84201662 0.06026435 0.04343068
0.93973565 0.84201662 0.06026435 0.04343068
0.06026435 0.93973565 0.06026435 0.04343068
0.15798338 0.93973565 0.06026435 0.04343068
0.25570241 0.93973565 0.06026435 0.04343068
0.35342145 0.93973565 0.06026435 0.04343068
0.45114048 0.93973565 0.06026435 0.04343068
0.54885952 0.93973565 0.06026435 0.04343068
0.64657855 0.93973565 0.06026435 0.04343068
0.74429759 0.93973565 0.06026435 0.04343068
0.84201662 0.93973565 0.06026435 0.04343068
0.93973565 0.93973565 0.06026435 0.04343068
0.06026435 0.06026435 0.15798338 0.04343068
0.15798338 0.06026435 0.15798338 0.04343068
0.25570241 0.06026435 0.15798338 0.04343068
0.35342145 0.06026435 0.15798338 0.04343068
0.45114048 0.06026435 0.15798338 0.04343068
0.54885952 0.06026435 0.15798338 0.04343068
0.64657855 0.06026435 0.15798338 0.04343068
0.74429759 0.06026435 0.15798338 0.04343068
0.84201662 0.06026435 0.15798338 0.04343068
0.93973565 0.06026435 0.15798338 0.04343068
0.06026435 0.15798338 0.15798338 0.04343068
0.15798338 0.15798338 0.15798338 0.04343068
0.25570241 0.15798338 0.15798338 0.04343068
0.35342145 0.15798338 0.15798338 0.04343068
0.45114048 0.15798338 0.15798338 0.04343068
0.54885952 0.15798338 0.15798338 0.04343068
0.64657855 0.15798338 0.15798338 0.04343068
0.74429759 0.15798338 0.15798338 0.04343068
0.84201662 0.15798338 0.15798338 0.04343068
0.93973565 0.15798338 0.15798338 0.04343068
0.06026435 0.25570241 0.15798338 0.04343068
0.15798338 0.25570241 0.15798338 0.04343068
0.25570241 0.25570241 0.15798338 0.04343068
0.35342145 0.25570241 0.15798338 0.04343068
0.45114048 0.25570241 0.15798338 0.04343068
0.54885952 0.25570241 0.15798338 0.04343068
0.64657855 0.25570241 0.15798338 0.04343068
0.74429759 0.25570241 0.15798338 0.04343068
0.84201662 0.25570241 0.15798338 0.04343068
0.93973565 0.25570241 0.15798338 0.04343068
0.06026435 0.35342145 0.15798338 0.04343068
0.15798338 0.35342145 0.15798338 0.04343068
0.25570241 0.35342145 0.15798338 0.04343068
0.35342145 0.35342145 0.15798338 0.04343068
0.45114048 0.35342145 0.15798338 0.04343068
0.54885952 0.35342145 0.15798338 0.04343068
0.64657855 0.35342145 0.15798338 0.04343068
0.74429759 0.35342145 0.15798338 0.04343068
0.84201662 0.35342145 0.15798338 0.04343068
0.93973565 0.35342145 0.15798338 0.04343068
0.06026435 0.45114048 0.15798338 0.04343068
0.15798338 0.45114048 0.15798338 0.04343068
0.25570241 0.45114048 0.15798338 0.04343068
0.35342145 0.45114048 0.15798338 0.04343068
0.45114048 0.45114048 0.15798338 0.04343068
0.54885952 0.45114048 0.15798338 0.04343068
0.64657855 0.45114048 0.15798338 0.04343068
0.74429759 0.45114048 0.15798338 0.04343068
0.84201662 0.45114048 0.15798338 0.04343068
0.93973565 0.45114048 0.15798338 0.04343068
0.06026435 0.54885952 0.15798338 0.04343068
0.15798338 0.54885952 0.15798338 0.04343068
0.25570241 0.54885952 0.15798338 0.04343068
0.35342145 0.54885952 0.15798338 0.04343068
0.45114048 0.54885952 0.15798338 0.04343068
0.54885952 0.54885952 0.15798338 0.04343068
0.64657855 0.54885952 0.15798338 0.04343068
0.74429759 0.54885952 0.15798338 0.04343068
0.84201662 0.54885952 0.15798338 0.04343068
0.93973565 0.54885952 0.15798338 0.04343068
0.06026435 0.64657855 0.15798338 0.04343068
0.15798338 0.64657855 0.15798338 0.04343068
0.25570241 0.64657855 0.15798338 0.04343068
0.35342145 0.64657855 0.15798338 0.04343068
0.45114048 0.64657855 0.15798338 0.04343068
0.54885952 0.64657855 0.15798338 0.04343068
0.64657855 0.64657855 0.15798338 0.04343068
0.74429759 0.64657855 0.15798338 0.04343068
0.84201662 0.64657855 0.15798338 0.04343068
0.93973565 0.64657855 0.15798338 0.04343068
0.06026435 0.74429759 0.15798338 0.04343068
0.15798338 0.74429759 0.15798338 0.04343068
0.25570241 0.74429759 0.15798338 0.04343068
0.35342145 0.74429759 0.15798338 0.04343068
0.45114048 0.74429759 0.15798338 0.04343068
0.54885952 0.74429759 0.15798338 0.04343068
0.64657855 0.74429759 0.15798338 0.04343068
0.74429759 0.74429759 0.15798338 0.04343068
0.84201662 0.74429759 0.15798338 0.04343068
0.93973565 0.74429759 0.15798338 0.04343068
0.06026435 0.84201662 0.15798338 0.04343068
0.15798338 0.84201662 0.15798338 0.04343068
0.25570241 0.84201662 0.15798338 0.04343068
0.35342145 0.84201662 0.15798338 0.04343068
0.45114048 0.84201662 0.15798338 0.04343068
0.54885952 0.84201662 0.15798338 0.04343068
0.64657855 0.84201662 0.15798338 0.04343068
0.74429759 0.84201662 0.15798338 0.04343068
0.84201662 0.84201662 0.15798338 0.04343068
0.93973565 0.84201662 0.15798338 0.04343068
0.06026435 0.93973565 0.15798338 0.04343068
0.15798338 0.93973565 0.15798338 0.04343068
0.25570241 0.93973565 0.15798338 0.04343068
0.35342145 0.93973565 0.15798338 0.04343068
0.45114048 0.93973565 0.15798338 0.04343068
0.54885952 0.93973565 0.15798338 0.04343068
0.64657855 0.93973565 0.15798338 0.04343068
0.74429759 0.93973565 0.15798338 0.04343068
0.84201662 0.93973565 0.15798338 0.04343068
0.93973565 0.93973565 0.15798338 0.04343068
0.06026435 0.06026435 0.25570241 0.04343068
0.15798338 0.06026435 0.25570241 0.04343068
0.25570241 0.06026435 0.25570241 0.04343068
0.35342145 0.06026435 0.25570241 0.04343068
0.45114048 0.06026435 0.25570241 0.04343068
0.54885952 0.06026435 0.25570241 0.04343068
0.64657855 0.06026435 0.25570241 0.04343068
0.74429759 0.06026435 0.25570241 0.04343068
0.84201662 0.06026435 0.25570241 0.04343068
0.93973565 0.06026435 0.25570241 0.04343068
0.06026435 0.15798338 0.25570241 0.04343068
0.15798338 0.15798338 0.25570241 0.04343068
0.25570241 0.15798338 0.25570241 0.04343068
0.35342145 0.15798338 0.25570241 0.04343068
0.45114048 0.15798338 0.25570241 0.04343068
0.54885952 0.15798338 0.25570241 0.04343068
0.64657855 0.15798338 0.25570241 0.04343068
0.74429759 0.15798338 0.25570241 0.04343068
0.84201662 0.15798338 0.25570241 0.04343068
0.93973565 0.15798338 0.25570241 0.04343068
0.06026435 0.25570241 0.25570241 0.04343068
0.15798338 0.25570241 0.25570241 0.04343068
0.25570241 0.25570241 0.25570241 0.04343068
0.35342145 0.25570241 0.25570241 0.04343068
0.45114048 0.25570241 0.25570241 0.04343068
0.54885952 0.25570241 0.25570241 0.04343068
0.64657855 0.25570241 0.25570241 0.04343068
0.74429759 0.25570241 0.25570241 0.04343068
0.84201662 0.25570241 0.25570241 0.04343068
0.93973565 0.25570241 0.25570241 0.04343068
0.06026435 0.35342145 0.25570241 0.04343068
0.15798338 0.35342145 0.25570241 0.04343068
0.25570241 0.35342145 0.25570241 0.04343068
0.35342145 0.35342145 0.25570241 0.04343068
0.45114048 0.35342145 0.25570241 0.04343068
0.54885952 0.35342145 0.25570241 0.04343068
0.64657855 0.35342145 0.25570241 0.04343068
0.74429759 0.35342145 0.25570241 0.04343068
0.84201662 0.35342145 0.25570241 0.04343068
0.93973565 0.35342145 0.25570241 0.04343068
0.06026435 0.45114048 0.25570241 0.04343068
0.15798338 0.45114048 0.25570241 0.04343068
0.25570241 0.45114048 0.25570241 0.04343068
0.35342145 0.45114048 0.25570241 0.04343068
0.45114048 0.45114048 0.25570241 0.04343068
0.54885952 0.45114048 0.25570241 0.04343068
0.64657855 0.45114048 0.25570241 0.04343068
0.74429759 0.45114048 0.25570241 0.04343068
0.84201662 0.45114048 0.25570241 0.04343068
0.93973565 0.45114048 0.25570241 0.04343068
0.06026435 0.54885952 0.25570241 0.04343068
0.15798338 0.54885952 0.25570241 0.04343068
0.25570241 0.54885952 0.25570241 0.04343068
0.35342145 0.54885952 0.25570241 0.04343068
0.45114048 0.54885952 0.25570241 0.04343068
0.54885952 0.54885952 0.25570241 0.04343068
0.64657855 0.54885952 0.25570241 0.04343068
0.74429759 0.54885952 0.25570241 0.04343068
0.84201662 0.54885952 0.25570241 0.04343068
0.93973565 0.54885952 0.25570241 0.04343068
0.06026435 0.64657855 0.25570241 0.04343068
0.15798338 0.64657855 0.25570241 0.04343068
0.25570241 0.64657855 0.25570241 0.04343068
0.35342145 0.64657855 0.25570241 0.04343068
0.45114048 0.64657855 0.25570241 0.04343068
0.54885952 0.64657855 0.25570241 0.04343068
0.64657855 0.64657855 0.25570241 0.04343068
0.74429759 0.64657855 0.25570241 0.04343068
0.84201662 0.64657855 0.25570241 0.04343068
0.93973565 0.64657855 0.25570241 0.04343068
0.06026435 0.74429759 0.25570241 0.04343068
0.15798338 0.74429759 0.25570241 0.04343068
0.25570241 0.74429759 0.25570241 0.04343068
0.35342145 0.74429759 0.25570241 0.04343068
0.45114048 0.74429759 0.25570241 0.04343068
0.54885952 0.74429759 0.25570241 0.04343068
0.64657855 0.74429759 0.25570241 0.04343068
0.74429759 0.74429759 0.25570241 0.04343068
0.84201662 0.74429759 0.25570241 0.04343068
0.93973565 0.74429759 0.25570241 0.04343068
0.06026435 0.84201662 0.25570241 0.04343068
0.15798338 0.84201662 0.25570241 0.04343068
0.25570241 0.84201662 0.25570241 0.04343068
0.35342145 0.84201662 0.25570241 0.04343068
0.45114048 0.84201662 0.25570241 0.04343068
0.54885952 0.84201662 0.25570241 0.04343068
0.64657855 0.84201662 0.25570241 0.04343068
0.74429759 0.84201662 0.25570241 0.04343068
0.84201662 0.84201662 0.25570241 0.04343068
0.93973565 0.84201662 0.25570241 0.04343068
0.06026435 0.93973565 0.25570241 0.04343068
0.15798338 0.93973565 0.25570241 0.04343068
0.25570241 0.93973565 0.25570241 0.04343068
0.35342145 0.93973565 0.25570241 0.04343068
0.45114048 0.93973565 0.25570241 0.04343068
0.54885952 0.93973565 0.25570241 0.04343068
0.64657855 0.93973565 0.25570241 0.04343068
0.74429759 0.93973565 0.25570241 0.04343068
0.84201662 0.93973565 0.25570241 0.04343068
0.93973565 0.93973565 0.25570241 0.04343068
0.06026435 0.06026435 0.35342145 0.04343068
0.15798338 0.06026435 0.35342145 0.04343068
0.25570241 0.06026435 0.35342145 0.04343068
0.35342145 0.06026435 0.35342145 0.04343068
0.45114048 0.06026435 0.35342145 0.04343068
0.54885952 0.06026435 0.35342145 0.04343068
0.64657855 0.06026435 0.35342145 0.04343068
0.74429759 0.06026435 0.35342145 0.04343068
0.84201662 0.06026435 0.35342145 0.04343068
0.93973565 0.06026435 0.35342145 0.04343068
0.06026435 0.15798338 0.35342145 0.04343068
0.15798338 0.15798338 0.35342145 0.04343068
0.25570241 0.15798338 0.35342145 0.04343068
0.35342145 0.15798338 0.35342145 0.04343068
0.45114048 0.15798338 0.35342145 0.04343068
0.54885952 0.15798338 0.35342145 0.04343068
0.64657855 0.15798338 0.35342145 0.04343068
0.74429759 0.15798338 0.35342145 0.04343068
0.84201662 0.15798338 0.35342145 0.04343068
0.93973565 0.15798338 0.35342145 0.04343068
0.06026435 0.25570241 0.35342145 0.04343068
0.15798338 0.25570241 0.35342145 0.04343068
0.25570241 0.25570241 0.35342145 0.04343068
0.35342145 0.25570241 0.35342145 0.04343068
0.45114048 0.25570241 0.35342145 0.04343068
0.54885952 0.25570241 0.35342145 0.04343068
0.64657855 0.25570241 0.35342145 0.04343068
0.74429759 0.25570241 0.35342145 0.04343068
0.84201662 0.25570241 0.35342145 0.04343068
0.93973565 0.25570241 0.35342145 0.04343068
0.06026435 0.35342145 0.35342145 0.04343068
0.15798338 0.35342145 0.35342145 0.04343068
0.25570241 0.35342145 0.35342145 0.04343068
0.35342145 0.35342145 0.35342145 0.04343068
0.45114048 0.35342145 0.35342145 0.04343068
0.54885952 0.35342145 0.35342145 0.04343068
0.64657855 0.35342145 0.35342145 0.04343068
0.74429759 0.35342145 0.35342145 0.04343068
0.84201662 0.35342145 0.35342145 0.04343068
0.93973565 0.35342145 0.35342145 0.04343068
0.06026435 0.45114048 0.35342145 0.04343068
0.15798338 0.45114048 0.35342145 0.04343068
0.25570241 0.45114048 0.35342145 0.04343068
0.35342145 0.45114048 0.35342145 0.04343068
0.45114048 0.45114048 0.35342145 0.04343068
0.54885952 0.45114048 0.35342145 0.04343068
0.64657855 0.45114048 0.35342145 0.04343068
0.74429759 0.45114048 0.35342145 0.04343068
0.84201662 0.45114048 0.35342145 0.04343068
0.93973565 0.45114048 0.35342145 0.04343068
0.06026435 0.54885952 0.35342145 0.04343068
0.15798338 0.54885952 0.35342145 0.04343068
0.25570241 0.54885952 0.35342145 0.04343068
0.35342145 0.54885952 0.35342145 0.04343068
0.45114048 0.54885952 0.35342145 0.04343068
0.54885952 0.54885952 0.35342145 0.04343068
0.64657855 0.54885952 0.35342145 0.04343068
0.74429759 0.54885952 0.35342145 0.04343068
0.84201662 0.54885952 0.35342145 0.04343068
0.93973565 0.54885952 0.35342145 0.04343068
0.06026435 0.64657855 0.35342145 0.04343068
0.15798338 0.64657855 0.35342145 0.04343068
0.25570241 0.64657855 0.35342145 0.04343068
0.35342145 0.64657855 0.35342145 0.04343068
0.45114048 0.64657855 0.35342145 0.04343068
0.54885952 0.64657855 0.35342145 0.04343068
0.64657855 0.64657855 0.35342145 0.04343068
0.74429759 0.64657855 0.35342145 0.04343068
0.84201662 0.64657855 0.35342145 0.04343068
0.93973565 0.64657855 0.35342145 0.04343068
0.06026435 0.74429759 0.35342145 0.04343068
0.15798338 0.74429759 0.35342145 0.04343068
0.25570241 0.74429759 0.35342145 0.04343068
0.35342145 0.74429759 0.35342145 0.04343068
0.45114048 0.74429759 0.35342145 0.04343068
0.54885952 0.74429759 0.35342145 0.04343068
0.64657855 0.74429759 0.35342145 0.04343068
0.74429759 0.74429759 0.35342145 0.04343068
0.84201662 0.74429759 0.35342145 0.04343068
0.93973565 0.74429759 0.35342145 0.04343068
0.06026435 0.84201662 0.35342145 0.04343068
0.15798338 0.84201662 0.35342145 0.04343068
0.25570241 0.84201662 0.35342145 0.04343068
0.35342145 0.84201662 0.35342145 0.04343068
0.45114048 0.84201662 0.35342145 0.04343068
0.54885952 0.84201662 0.35342145 0.04343068
0.64657855 0.84201662 0.35342145 0.04343068
0.74429759 0.84201662 0.35342145 0.04343068
0.84201662 0.84201662 0.35342145 0.04343068
0.93973565 0.84201662 0.35342145 0.04343068
0.06026435 0.93973565 0.35342145 0.04343068
0.15798338 0.93973565 0.35342145 0.04343068
0.25570241 0.93973565 0.35342145 0.04343068
0.35342145 0.93973565 0.35342145 0.04343068
0.45114048 0.93973565 0.35342145 0.04343068
0.54885952 0.93973565 0.35342145 0.04343068
0.64657855 0.93973565 0.35342145 0.04343068
0.74429759 0.93973565 0.35342145 0.04343068
0.84201662 0.93973565 0.35342145 0.04343068
0.93973565 0.93973565 0.35342145 0.04343068
0.06026435 0.06026435 0.45114048 0.04343068
0.15798338 0.06026435 0.45114048 0.04343068
0.25570241 0.06026435 0.45114048 0.04343068
0.35342145 0.06026435 0.45114048 0.04343068
0.45114048 0.06026435 0.45114048 0.04343068
0.54885952 0.06026435 0.45114048 0.04343068
0.64657855 0.06026435 0.45114048 0.04343068
0.74429759 0.06026435 0.45114048 0.04343068
0.84201662 0.06026435 0.45114048 0.04343068
0.93973565 0.06026435 0.45114048 0.04343068
0.06026435 0.15798338 0.45114048 0.04343068
0.15798338 0.15798338 0.45114048 0.04343068
0.25570241 0.15798338 0.45114048 0.04343068
0.35342145 0.15798338 0.45114048 0.04343068
0.45114048 0.15798338 0.45114048 0.04343068
0.54885952 0.15798338 0.45114048 0.04343068
0.64657855 0.15798338 0.45114048 0.04343068
0.74429759 0.15798338 0.45114048 0.04343068
0.84201662 0.15798338 0.45114048 0.04343068
0.93973565 0.15798338 0.45114048 0.04343068
0.06026435 0.25570241 0.45114048 0.04343068
0.15798338 0.25570241 0.45114048 0.04343068
0.25570241 0.25570241 0.45114048 0.04343068
0.35342145 0.25570241 0.45114048 0.04343068
0.45114048 0.25570241 0.45114048 0.04343068
0.54885952 0.25570241 0.45114048 0.04343068
0.64657855 0.25570241 0.45114048 0.04343068
0.74429759 0.25570241 0.45114048 0.04343068
0.84201662 0.25570241 0.45114048 0.04343068
0.93973565 0.25570241 0.45114048 0.04343068
0.06026435 0.35342145 0.45114048 0.04343068
0.15798338 0.35342145 0.45114048 0.04343068
0.25570241 0.35342145 0.45114048 0.04343068
0.35342145 0.35342145 0.45114048 0.04343068
0.45114048 0.35342145 0.45114048 0.04343068
0.54885952 0.35342145 0.45114048 0.04343068
0.64657855 0.35342145 0.45114048 0.04343068
0.74429759 0.35342145 0.45114048 0.04343068
0.84201662 0.35342145 0.45114048 0.04343068
0.93973565 0.35342145 0.45114048 0.04343068
0.06026435 0.45114048 0.45114048 0.04343068
0.15798338 0.45114048 0.45114048 0.04343068
0.25570241 0.45114048 0.45114048 0.04343068
0.35342145 0.45114048 0.45114048 0.04343068
0.45114048 0.45114048 0.45114048 0.04343068
0.54885952 0.45114048 0.45114048 0.04343068
0.64657855 0.45114048 0.45114048 0.04343068
0.74429759 0.45114048 0.45114048 0.04343068
0.84201662 0.45114048 0.45114048 0.04343068
0.93973565 0.45114048 0.45114048 0.04343068
0.06026435 0.54885952 0.45114048 0.04343068
0.15798338 0.54885952 0.45114048 0.04343068
0.25570241 0.54885952 0.45114048 0.04343068
0.35342145 0.54885952 0.45114048 0.04343068
0.45114048 0.54885952 0.45114048 0.04343068
0.54885952 0.54885952 0.45114048 0.04343068
0.64657855 0.54885952 0.45114048 0.04343068
0.74429759 0.54885952 0.45114048 0.04343068
0.84201662 0.54885952 0.45114048 0.04343068
0.93973565 0.54885952 0.45114048 0.04343068
0.06026435 0.64657855 0.45114048 0.04343068
0.15798338 0.64657855 0.45114048 0.04343068
0.25570241 0.64657855 0.45114048 0.04343068
0.35342145 0.64657855 0.45114048 0.04343068
0.45114048 0.64657855 0.45114048 0.04343068
0.54885952 0.64657855 0.45114048 0.04343068
0.64657855 0.64657855 0.45114048 0.04343068
0.74429759 0.64657855 0.45114048 0.04343068
0.84201662 0.64657855 0.45114048 0.04343068
0.93973565 0.64657855 0.45114048 0.04343068
0.06026435 0.74429759 0.45114048 0.04343068
0.15798338 0.74429759 0.45114048 0.04343068
0.25570241 0.74429759 0.45114048 0.04343068
0.35342145 0.74429759 0.45114048 0.04343068
0.45114048 0.74429759 0.45114048 0.04343068
0.54885952 0.74429759 0.45114048 0.04343068
0.64657855 0.74429759 0.45114048 0.04343068
0.74429759 0.74429759 0.45114048 0.04343068
0.84201662 0.74429759 0.45114048 0.04343068
0.93973565 0.74429759 0.45114048 0.04343068
0.06026435 0.84201662 0.45114048 0.04343068
0.15798338 0.84201662 0.45114048 0.04343068
0.25570241 0.84201662 0.45114048 0.04343068
0.35342145 0.84201662 0.45114048 0.04343068
0.45114048 0.84201662 0.45114048 0.04343068
0.54885952 0.84201662 0.45114048 0.04343068
0.64657855 0.84201662 0.45114048 0.04343068
0.74429759 0.84201662 0.45114048 0.04343068
0.84201662 0.84201662 0.45114048 0.04343068
0.93973565 0.84201662 0.45114048 0.04343068
0.06026435 0.93973565 0.45114048 0.04343068
0.15798338 0.93973565 0.45114048 0.04343068
0.25570241 0.93973565 0.45114048 0.04343068
0.35342145 0.93973565 0.45114048 0.04343068
0.45114048 0.93973565 0.45114048 0.04343068
0.54885952 0.93973565 0.45114048 0.04343068
0.64657855 0.93973565 0.45114048 0.04343068
0.74429759 0.93973565 0.45114048 0.04343068
0.84201662 0.93973565 0.45114048 0.04343068
0.93973565 0.93973565 0.45114048 0.04343068
0.06026435 0.06026435 0.54885952 0.04343068
0.15798338 0.06026435 0.54885952 0.04343068
0.25570241 0.06026435 0.54885952 0.04343068
0.35342145 0.06026435 0.54885952 0.04343068
0.45114048 0.06026435 0.54885952 0.04343068
0.54885952 0.06026435 0.54885952 0.04343068
0.64657855 0.06026435 0.54885952 0.04343068
0.74429759 0.06026435 0.54885952 0.04343068
0.84201662 0.06026435 0.54885952 0.04343068
0.93973565 0.06026435 0.54885952 0.04343068
0.06026435 0.15798338 0.54885952 0.04343068
0.15798338 0.15798338 0.54885952 0.04343068
0.25570241 0.15798338 0.54885952 0.04343068
0.35342145 0.15798338 0.54885952 0.04343068
0.45114048 0.15798338 0.54885952 0.04343068
0.54885952 0.15798338 0.54885952 0.04343068
0.64657855 0.15798338 0.54885952 0.04343068
0.74429759 0.15798338 0.54885952 0.04343068
0.84201662 0.15798338 0.54885952 0.04343068
0.93973565 0.15798338 0.54885952 0.04343068
0.06026435 0.25570241 0.54885952 0.04343068
0.15798338 0.25570241 0.54885952 0.04343068
0.25570241 0.25570241 0.54885952 0.04343068
0.35342145 0.25570241 0.54885952 0.04343068
0.45114048 0.25570241 0.54885952 0.04343068
0.54885952 0.25570241 0.54885952 0.04343068
0.64657855 0.25570241 0.54885952 0.04343068
0.74429759 0.25570241 0.54885952 0.04343068
0.84201662 0.25570241 0.54885952 0.04343068
0.93973565 0.25570241 0.54885952 0.04343068
0.06026435 0.35342145 0.54885952 0.04343068
0.15798338 0.35342145 0.54885952 0.04343068
0.25570241 0.35342145 0.54885952 0.04343068
0.35342145 0.35342145 0.54885952 0.04343068
0.45114048 0.35342145 0.54885952 0.04343068
0.54885952 0.35342145 0.54885952 0.04343068
0.64657855 0.35342145 0.54885952 0.04343068
0.74429759 0.35342145 0.54885952 0.04343068
0.84201662 0.35342145 0.54885952 0.04343068
0.93973565 0.35342145 0.54885952 0.04343068
0.06026435 0.45114048 0.54885952 0.04343068
0.15798338 0.45114048 0.54885952 0.04343068
0.25570241 0.45114048 0.54885952 0.04343068
0.35342145 0.45114048 0.54885952 0.04343068
0.45114048 0.45114048 0.54885952 0.04343068
0.54885952 0.45114048 0.54885952 0.04343068
0.64657855 0.45114048 0.54885952 0.04343068
0.74429759 0.45114048 0.54885952 0.04343068
0.84201662 0.45114048 0.54885952 0.04343068
0.93973565 0.45114048 0.54885952 0.04343068
0.06026435 0.54885952 0.54885952 0.04343068
0.15798338 0.54885952 0.54885952 0.04343068
0.25570241 0.54885952 0.54885952 0.04343068
0.35342145 0.54885952 0.54885952 0.04343068
0.45114048 0.54885952 0.54885952 0.04343068
0.54885952 0.54885952 0.54885952 0.04343068
0.64657855 0.54885952 0.54885952 0.04343068
0.74429759 0.54885952 0.54885952 0.04343068
0.84201662 0.54885952 0.54885952 0.04343068
0.93973565 0.54885952 0.54885952 0.04343068
0.06026435 0.64657855 0.54885952 0.04343068
0.15798338 0.64657855 0.54885952 0.04343068
0.25570241 0.64657855 0.54885952 0.04343068
0.35342145 0.64657855 0.54885952 0.04343068
0.45114048 0.64657855 0.54885952 0.04343068
0.54885952 0.64657855 0.54885952 0.04343068
0.64657855 0.64657855 0.54885952 0.04343068
0.74429759 0.64657855 0.54885952 0.04343068
0.84201662 0.64657855 0.54885952 0.04343068
0.93973565 0.64657855 0.54885952 0.04343068
0.06026435 0.74429759 0.54885952 0.04343068
0.15798338 0.74429759 0.54885952 0.04343068
0.25570241 0.74429759 0.54885952 0.04343068
0.35342145 0.74429759 0.54885952 0.04343068
0.45114048 0.74429759 0.54885952 0.04343068
0.54885952 0.74429759 0.54885952 0.04343068
0.64657855 0.74429759 0.54885952 0.04343068
0.74429759 0.74429759 0.54885952 0.04343068
0.84201662 0.74429759 0.54885952 0.04343068
0.93973565 0.74429759 0.54885952 0.04343068
0.06026435 0.84201662 0.54885952 0.04343068
0.15798338 0.84201662 0.54885952 0.04343068
0.25570241 0.84201662 0.54885952 0.04343068
0.35342145 0.84201662 0.54885952 0.04343068
0.45114048 0.84201662 0.54885952 0.04343068
0.54885952 0.84201662 0.54885952 0.04343068
0.64657855 0.84201662 0.54885952 0.04343068
0.74429759 0.84201662 0.54885952 0.04343068
0.84201662 0.84201662 0.54885952 0.04343068
0.93973565 0.84201662 0.54885952 0.04343068
0.06026435 0.93973565 0.54885952 0.04343068
0.15798338 0.93973565 0.54885952 0.04343068
0.25570241 0.93973565 0.54885952 0.04343068
0.35342145 0.93973565 0.54885952 0.04343068
0.45114048 0.93973565 0.54885952 0.04343068
0.54885952 0.93973565 0.54885952 0.04343068
0.64657855 0.93973565 0.54885952 0.04343068
0.74429759 0.93973565 0.54885952 0.04343068
0.84201662 0.93973565 0.54885952 0.04343068
0.93973565 0.93973565 0.54885952 0.04343068
0.06026435 0.06026435 0.64657855 0.04343068
0.15798338 0.06026435 0.64657855 0.04343068
0.25570241 0.06026435 0.64657855 0.04343068
0.35342145 0.06026435 0.64657855 0.04343068
0.45114048 0.06026435 0.64657855 0.04343068
0.54885952 0.06026435 0.64657855 0.04343068
0.64657855 0.06026435 0.64657855 0.04343068
0.74429759 0.06026435 0.64657855 0.04343068
0.84201662 0.06026435 0.64657855 0.04343068
0.93973565 0.06026435 0.64657855 0.04343068
0.06026435 0.15798338 0.64657855 0.04343068
0.15798338 0.15798338 0.64657855 0.04343068
0.25570241 0.15798338 0.64657855 0.04343068
0.35342145 0.15798338 0.64657855 0.04343068
0.45114048 0.15798338 0.64657855 0.04343068
0.54885952 0.15798338 0.64657855 0.04343068
0.64657855 0.15798338 0.64657855 0.04343068
0.74429759 0.15798338 0.64657855 0.04343068
0.84201662 0.15798338 0.64657855 0.04343068
0.93973565 0.15798338 0.64657855 0.04343068
0.06026435 0.25570241 0.64657855 0.04343068
0.15798338 0.25570241 0.64657855 0.04343068
0.25570241 0.25570241 0.64657855 0.04343068
0.35342145 0.25570241 0.64657855 0.04343068
0.45114048 0.25570241 0.64657855 0.04343068
0.54885952 0.25570241 0.64657855 0.04343068
0.64657855 0.25570241 0.64657855 0.04343068
0.74429759 0.25570241 0.64657855 0.04343068
0.84201662 0.25570241 0.64657855 0.04343068
0.93973565 0.25570241 0.64657855 0.04343068
0.06026435 0.35342145 0.64657855 0.04343068
0.15798338 0.35342145 0.64657855 0.04343068
0.25570241 0.35342145 0.64657855 0.04343068
0.35342145 0.35342145 0.64657855 0.04343068
0.45114048 0.35342145 0.64657855 0.04343068
0.54885952 0.35342145 0.64657855 0.04343068
0.64657855 0.35342145 0.64657855 0.04343068
0.74429759 0.35342145 0.64657855 0.04343068
0.84201662 0.35342145 0.64657855 0.04343068
0.93973565 0.35342145 0.64657855 0.04343068
0.06026435 0.45114048 0.64657855 0.04343068
0.15798338 0.45114048 0.64657855 0.04343068
0.25570241 0.45114048 0.64657855 0.04343068
0.35342145 0.45114048 0.64657855 0.04343068
0.45114048 0.45114048 0.64657855 0.04343068
0.54885952 0.45114048 0.64657855 0.04343068
0.64657855 0.45114048 0.64657855 0.04343068
0.74429759 0.45114048 0.64657855 0.04343068
0.84201662 0.45114048 0.64657855 0.04343068
0.93973565 0.45114048 0.64657855 0.04343068
0.06026435 0.54885952 0.64657855 0.04343068
0.15798338 0.54885952 0.64657855 0.04343068
0.25570241 0.54885952 0.64657855 0.04343068
0.35342145 0.54885952 0.64657855 0.04343068
0.45114048 0.54885952 0.64657855 0.04343068
0.54885952 0.54885952 0.64657855 0.04343068
0.64657855 0.54885952 0.64657855 0.04343068
0.74429759 0.54885952 0.64657855 0.04343068
0.84201662 0.54885952 0.64657855 0.04343068
0.93973565 0.54885952 0.64657855 0.04343068
0.06026435 0.64657855 0.64657855 0.04343068
0.15798338 0.64657855 0.64657855 0.04343068
0.25570241 0.64657855 0.64657855 0.04343068
0.35342145 0.64657855 0.64657855 0.04343068
0.45114048 0.64657855 0.64657855 0.04343068
0.54885952 0.64657855 0.64657855 0.04343068
0.64657855 0.64657855 0.64657855 0.04343068
0.74429759 0.64657855 0.64657855 0.04343068
0.84201662 0.64657855 0.64657855 0.04343068
0.93973565 0.64657855 0.64657855 0.04343068
0.06026435 0.74429759 0.64657855 0.04343068
0.15798338 0.74429759 0.64657855 0.04343068
0.25570241 0.74429759 0.64657855 0.04343068
0.35342145 0.74429759 0.64657855 0.04343068
0.45114048 0.74429759 0.64657855 0.04343068
0.54885952 0.74429759 0.64657855 0.04343068
0.64657855 0.74429759 0.64657855 0.04343068
0.74429759 0.74429759 0.64657855 0.04343068
0.84201662 0.74429759 0.64657855 0.04343068
0.93973565 0.74429759 0.64657855 0.04343068
0.06026435 0.84201662 0.64657855 0.04343068
0.15798338 0.84201662 0.64657855 0.04343068
0.25570241 0.84201662 0.64657855 0.04343068
0.35342145 0.84201662 0.64657855 0.04343068
0.45114048 0.84201662 0.64657855 0.04343068
0.54885952 0.84201662 0.64657855 0.04343068
0.64657855 0.84201662 0.64657855 0.04343068
0.74429759 0.84201662 0.64657855 0.04343068
0.84201662 0.84201662 0.64657855 0.04343068
0.93973565 0.84201662 0.64657855 0.04343068
0.06026435 0.93973565 0.64657855 0.04343068
0.15798338 0.93973565 0.64657855 0.04343068
0.25570241 0.93973565 0.64657855 0.04343068
0.35342145 0.93973565 0.64657855 0.04343068
0.45114048 0.93973565 0.64657855 0.04343068
0.54885952 0.93973565 0.64657855 0.04343068
0.64657855 0.93973565 0.64657855 0.04343068
0.74429759 0.93973565 0.64657855 0.04343068
0.84201662 0.93973565 0.64657855 0.04343068
0.93973565 0.93973565 0.64657855 0.04343068
0.06026435 0.06026435 0.74429759 0.04343068
0.15798338 0.06026435 0.74429759 0.04343068
0.25570241 0.06026435 0.74429759 0.04343068
0.35342145 0.06026435 0.74429759 0.04343068
0.45114048 0.06026435 0.74429759 0.04343068
0.54885952 0.06026435 0.74429759 0.04343068
0.64657855 0.06026435 0.74429759 0.04343068
0.74429759 0.06026435 0.74429759 0.04343068
0.84201662 0.06026435 0.74429759 0.04343068
0.93973565 0.06026435 0.74429759 0.04343068
0.06026435 0.15798338 0.74429759 0.04343068
0.15798338 0.15798338 0.74429759 0.04343068
0.25570241 0.15798338 0.74429759 0.04343068
0.35342145 0.15798338 0.74429759 0.04343068
0.45114048 0.15798338 0.74429759 0.04343068
0.54885952 0.15798338 0.74429759 0.04343068
0.64657855 0.15798338 0.74429759 0.04343068
0.74429759 0.15798338 0.74429759 0.04343068
0.84201662 0.15798338 0.74429759 0.04343068
0.93973565 0.15798338 0.74429759 0.04343068
0.06026435 0.25570241 0.74429759 0.04343068
0.15798338 0.25570241 0.74429759 0.04343068
0.25570241 0.25570241 0.74429759 0.04343068
0.35342145 0.25570241 0.74429759 0.04343068
0.45114048 0.25570241 0.74429759 0.04343068
0.54885952 0.25570241 0.74429759 0.04343068
0.64657855 0.25570241 0.74429759 0.04343068
0.74429759 0.25570241 0.74429759 0.04343068
0.84201662 0.25570241 0.74429759 0.04343068
0.93973565 0.25570241 0.74429759 0.04343068
0.06026435 0.35342145 0.74429759 0.04343068
0.15798338 0.35342145 0.74429759 0.04343068
0.25570241 0.35342145 0.74429759 0.04343068
0.35342145 0.35342145 0.74429759 0.04343068
0.45114048 0.35342145 0.74429759 0.04343068
0.54885952 0.35342145 0.74429759 0.04343068
0.64657855 0.35342145 0.74429759 0.04343068
0.74429759 0.35342145 0.74429759 0.04343068
0.84201662 0.35342145 0.74429759 0.04343068
0.93973565 0.35342145 0.74429759 0.04343068
0.06026435 0.45114048 0.74429759 0.04343068
0.15798338 0.45114048 0.74429759 0.04343068
0.25570241 0.45114048 0.74429759 0.04343068
0.35342145 0.45114048 0.74429759 0.04343068
0.45114048 0.45114048 0.74429759 0.04343068
0.54885952 0.45114048 0.74429759 0.04343068
0.64657855 0.45114048 0.74429759 0.04343068
0.74429759 0.45114048 0.74429759 0.04343068
0.84201662 0.45114048 0.74429759 0.04343068
0.93973565 0.45114048 0.74429759 0.04343068
0.06026435 0.54885952 0.74429759 0.04343068
0.15798338 0.54885952 0.74429759 0.04343068
0.25570241 0.54885952 0.74429759 0.04343068
0.35342145 0.54885952 0.74429759 0.04343068
0.45114048 0.54885952 0.74429759 0.04343068
0.54885952 0.54885952 0.74429759 0.04343068
0.64657855 0.54885952 0.74429759 0.04343068
0.74429759 0.54885952 0.74429759 0.04343068
0.84201662 0.54885952 0.74429759 0.04343068
0.93973565 0.54885952 0.74429759 0.04343068
0.06026435 0.64657855 0.74429759 0.04343068
0.15798338 0.64657855 0.74429759 0.04343068
0.25570241 0.64657855 0.74429759 0.04343068
0.35342145 0.64657855 0.74429759 0.04343068
0.45114048 0.64657855 0.74429759 0.04343068
0.54885952 0.64657855 0.74429759 0.04343068
0.64657855 0.64657855 0.74429759 0.04343068
0.74429759 0.64657855 0.74429759 0.04343068
0.84201662 0.64657855 0.74429759 0.04343068
0.93973565 0.64657855 0.74429759 0.04343068
0.06026435 0.74429759 0.74429759 0.04343068
0.15798338 0.74429759 0.74429759 0.04343068
0.25570241 0.74429759 0.74429759 0.04343068
0.35342145 0.74429759 0.74429759 0.04343068
0.45114048 0.74429759 0.74429759 0.04343068
0.54885952 0.74429759 0.74429759 0.04343068
0.64657855 0.74429759 0.74429759 0.04343068
0.74429759 0.74429759 0.74429759 0.04343068
0.84201662 0.74429759 0.74429759 0.04343068
0.93973565 0.74429759 0.74429759 0.04343068
0.06026435 0.84201662 0.74429759 0.04343068
0.15798338 0.84201662 0.74429759 0.04343068
0.25570241 0.84201662 0.74429759 0.04343068
0.35342145 0.84201662 0.74429759 0.04343068
0.45114048 0.84201662 0.74429759 0.04343068
0.54885952 0.84201662 0.74429759 0.04343068
0.64657855 0.84201662 0.74429759 0.04343068
0.74429759 0.84201662 0.74429759 0.04343068
0.84201662 0.84201662 0.74429759 0.04343068
0.93973565 0.84201662 0.74429759 0.04343068
0.06026435 0.93973565 0.74429759 0.04343068
0.15798338 0.93973565 0.74429759 0.04343068
0.25570241 0.93973565 0.74429759 0.04343068
0.35342145 0.93973565 0.74429759 0.04343068
0.45114048 0.93973565 0.74429759 0.04343068
0.54885952 0.93973565 0.74429759 0.04343068
0.64657855 0.93973565 0.74429759 0.04343068
0.74429759 0.93973565 0.74429759 0.04343068
0.84201662 0.93973565 0.74429759 0.04343068
0.93973565 0.93973565 0.74429759 0.04343068
0.06026435 0.06026435 0.84201662 0.04343068
0.15798338 0.06026435 0.84201662 0.04343068
0.25570241 0.06026435 0.84201662 0.04343068
0.35342145 0.06026435 0.84201662 0.04343068
0.45114048 0.06026435 0.84201662 0.04343068
0.54885952 0.06026435 0.84201662 0.04343068
0.64657855 0.06026435 0.84201662 0.04343068
0.74429759 0.06026435 0.84201662 0.04343068
0.84201662 0.06026435 0.84201662 0.04343068
0.93973565 0.06026435 0.84201662 0.04343068
0.06026435 0.15798338 0.84201662 0.04343068
0.15798338 0.15798338 0.84201662 0.04343068
0.25570241 0.15798338 0.84201662 0.04343068
0.35342145 0.15798338 0.84201662 0.04343068
0.45114048 0.15798338 0.84201662 0.04343068
0.54885952 0.15798338 0.84201662 0.04343068
0.64657855 0.15798338 0.84201662 0.04343068
0.74429759 0.15798338 0.84201662 0.04343068
0.84201662 0.15798338 0.84201662 0.04343068
0.93973565 0.15798338 0.84201662 0.04343068
0.06026435 0.25570241 0.84201662 0.04343068
0.15798338 0.25570241 0.84201662 0.04343068
0.25570241 0.25570241 0.84201662 0.04343068
0.35342145 0.25570241 0.84201662 0.04343068
0.45114048 0.25570241 0.84201662 0.04343068
0.54885952 0.25570241 0.84201662 0.04343068
0.64657855 0.25570241 0.84201662 0.04343068
0.74429759 0.25570241 0.84201662 0.04343068
0.84201662 0.25570241 0.84201662 0.04343068
0.93973565 0.25570241 0.84201662 0.04343068
0.06026435 0.35342145 0.84201662 0.04343068
0.15798338 0.35342145 0.84201662 0.04343068
0.25570241 0.35342145 0.84201662 0.04343068
0.35342145 0.35342145 0.84201662 0.04343068
0.45114048 0.35342145 0.84201662 0.04343068
0.54885952 0.35342145 0.84201662 0.04343068
0.64657855 0.35342145 0.84201662 0.04343068
0.74429759 0.35342145 0.84201662 0.04343068
0.84201662 0.35342145 0.84201662 0.04343068
0.93973565 0.35342145 0.84201662 0.04343068
0.06026435 0.45114048 0.84201662 0.04343068
0.15798338 0.45114048 0.84201662 0.04343068
0.25570241 0.45114048 0.84201662 0.04343068
0.35342145 0.45114048 0.84201662 0.04343068
0.45114048 0.45114048 0.84201662 0.04343068
0.54885952 0.45114048 0.84201662 0.04343068
0.64657855 0.45114048 0.84201662 0.04343068
0.74429759 0.45114048 0.84201662 0.04343068
0.84201662 0.45114048 0.84201662 0.04343068
0.93973565 0.45114048 0.84201662 0.04343068
0.06026435 0.54885952 0.84201662 0.04343068
0.15798338 0.54885952 0.84201662 0.04343068
0.25570241 0.54885952 0.84201662 0.04343068
0.35342145 0.54885952 0.84201662 0.04343068
0.45114048 0.54885952 0.84201662 0.04343068
0.54885952 0.54885952 0.84201662 0.04343068
0.64657855 0.54885952 0.84201662 0.04343068
0.74429759 0.54885952 0.84201662 0.04343068
0.84201662 0.54885952 0.84201662 0.04343068
0.93973565 0.54885952 0.84201662 0.04343068
0.06026435 0.64657855 0.84201662 0.04343068
0.15798338 0.64657855 0.84201662 0.04343068
0.25570241 0.64657855 0.84201662 0.04343068
0.35342145 0.64657855 0.84201662 0.04343068
0.45114048 0.64657855 0.84201662 0.04343068
0.54885952 0.64657855 0.84201662 0.04343068
0.64657855 0.64657855 0.84201662 0.04343068
0.74429759 0.64657855 0.84201662 0.04343068
0.84201662 0.64657855 0.84201662 0.04343068
0.93973565 0.64657855 0.84201662 0.04343068
0.06026435 0.74429759 0.84201662 0.04343068
0.15798338 0.74429759 0.84201662 0.04343068
0.25570241 0.74429759 0.84201662 0.04343068
0.35342145 0.74429759 0.84201662 0.04343068
0.45114048 0.74429759 0.84201662 0.04343068
0.54885952 0.74429759 0.84201662 0.04343068
0.64657855 0.74429759 0.84201662 0.04343068
0.74429759 0.74429759 0.84201662 0.04343068
0.84201662 0.74429759 0.84201662 0.04343068
0.93973565 0.74429759 0.84201662 0.04343068
0.06026435 0.84201662 0.84201662 0.04343068
0.15798338 0.84201662 0.84201662 0.04343068
0.25570241 0.84201662 0.84201662 0.04343068
0.35342145 0.84201662 0.84201662 0.04343068
0.45114048 0.84201662 0.84201662 0.04343068
0.54885952 0.84201662 0.84201662 0.04343068
0.64657855 0.84201662 0.84201662 0.04343068
0.74429759 0.84201662 0.84201662 0.04343068
0.84201662 0.84201662 0.84201662 0.04343068
0.93973565 0.84201662 0.84201662 0.04343068
0.06026435 0.93973565 0.84201662 0.04343068
0.15798338 0.93973565 0.84201662 0.04343068
0.25570241 0.93973565 0.84201662 0.04343068
0.35342145 0.93973565 0.84201662 0.04343068
0.45114048 0.93973565 0.84201662 0.04343068
0.54885952 0.93973565 0.84201662 0.04343068
0.64657855 0.93973565 0.84201662 0.04343068
0.74429759 0.93973565 0.84201662 0.04343068
0.84201662 0.93973565 0.84201662 0.04343068
0.93973565 0.93973565 0.84201662 0.04343068
0.06026435 0.06026435 0.93973565 0.04343068
0.15798338 0.06026435 0.93973565 0.04343068
0.25570241 0.06026435 0.93973565 0.04343068
0.35342145 0.06026435 0.93973565 0.04343068
0.45114048 0.06026435 0.93973565 0.04343068
0.54885952 0.06026435 0.93973565 0.04343068
0.64657855 0.06026435 0.93973565 0.04343068
0.74429759 0.06026435 0.93973565 0.04343068
0.84201662 0.06026435 0.93973565 0.04343068
0.93973565 0.06026435 0.93973565 0.04343068
0.06026435 0.15798338 0.93973565 0.04343068
0.15798338 0.15798338 0.93973565 0.04343068
0.25570241 0.15798338 0.93973565 0.04343068
0.35342145 0.15798338 0.93973565 0.04343068
0.45114048 0.15798338 0.93973565 0.04343068
0.54885952 0.15798338 0.93973565 0.04343068
0.64657855 0.15798338 0.93973565 0.04343068
0.74429759 0.15798338 0.93973565 0.04343068
0.84201662 0.15798338 0.93973565 0.04343068
0.93973565 0.15798338 0.93973565 0.04343068
0.06026435 0.25570241 0.93973565 0.04343068
0.15798338 0.25570241 0.93973565 0.04343068
0.25570241 0.25570241 0.93973565 0.04343068
0.35342145 0.25570241 0.93973565 0.04343068
0.45114048 0.25570241 0.93973565 0.04343068
0.54885952 0.25570241 0.93973565 0.04343068
0.64657855 0.25570241 0.93973565 0.04343068
0.74429759 0.25570241 0.93973565 0.04343068
0.84201662 0.25570241 0.93973565 0.04343068
0.93973565 0.25570241 0.93973565 0.04343068
0.06026435 0.35342145 0.93973565 0.04343068
0.15798338 0.35342145 0.93973565 0.04343068
0.25570241 0.35342145 0.93973565 0.04343068
0.35342145 0.35342145 0.93973565 0.04343068
0.45114048 0.35342145 0.93973565 0.04343068
0.54885952 0.35342145 0.93973565 0.04343068
0.64657855 0.35342145 0.93973565 0.04343068
0.74429759 0.35342145 0.93973565 0.04343068
0.84201662 0.35342145 0.93973565 0.04343068
0.93973565 0.35342145 0.93973565 0.04343068
0.06026435 0.45114048 0.93973565 0.04343068
0.15798338 0.45114048 0.93973565 0.04343068
0.25570241 0.45114048 0.93973565 0.04343068
0.35342145 0.45114048 0.93973565 0.04343068
0.45114048 0.45114048 0.93973565 0.04343068
0.54885952 0.45114048 0.93973565 0.04343068
0.64657855 0.45114048 0.93973565 0.04343068
0.74429759 0.45114048 0.93973565 0.04343068
0.84201662 0.45114048 0.93973565 0.04343068
0.93973565 0.45114048 0.93973565 0.04343068
0.06026435 0.54885952 0.93973565 0.04343068
0.15798338 0.54885952 0.93973565 0.04343068
0.25570241 0.54885952 0.93973565 0.04343068
0.35342145 0.54885952 0.93973565 0.04343068
0.45114048 0.54885952 0.93973565 0.04343068
0.54885952 0.54885952 0.93973565 0.04343068
0.64657855 0.54885952 0.93973565 0.04343068
0.74429759 0.54885952 0.93973565 0.04343068
0.84201662 0.54885952 0.93973565 0.04343068
0.93973565 0.54885952 0.93973565 0.04343068
0.06026435 0.64657855 0.93973565 0.04343068
0.15798338 0.64657855 0.93973565 0.04343068
0.25570241 0.64657855 0.93973565 0.04343068
0.35342145 0.64657855 0.93973565 0.04343068
0.45114048 0.64657855 0.93973565 0.04343068
0.54885952 0.64657855 0.93973565 0.04343068
0.64657855 0.64657855 0.93973565 0.04343068
0.74429759 0.64657855 0.93973565 0.04343068
0.84201662 0.64657855 0.93973565 0.04343068
0.93973565 0.64657855 0.93973565 0.04343068
0.06026435 0.74429759 0.93973565 0.04343068
0.15798338 0.74429759 0.93973565 0.04343068
0.25570241 0.74429759 0.93973565 0.04343068
0.35342145 0.74429759 0.93973565 0.04343068
0.45114048 0.74429759 0.93973565 0.04343068
0.54885952 0.74429759 0.93973565 0.04343068
0.64657855 0.74429759 0.93973565 0.04343068
0.74429759 0.74429759 0.93973565 0.04343068
0.84201662 0.74429759 0.93973565 0.04343068
0.93973565 0.74429759 0.93973565 0.04343068
0.06026435 0.84201662 0.93973565 0.04343068
0.15798338 0.84201662 0.93973565 0.04343068
0.25570241 0.84201662 0.93973565 0.04343068
0.35342145 0.84201662 0.93973565 0.04343068
0.45114048 0.84201662 0.93973565 0.04343068
0.54885952 0.84201662 0.93973565 0.04343068
0.64657855 0.84201662 0.93973565 0.04343068
0.74429759 0.84201662 0.93973565 0.04343068
0.84201662 0.84201662 0.93973565 0.04343068
0.93973565 0.84201662 0.93973565 0.04343068
0.06026435 0.93973565 0.93973565 0.04343068
0.15798338 0.93973565 0.93973565 0.04343068
0.25570241 0.93973565 0.93973565 0.04343068
0.35342145 0.93973565 0.93973565 0.04343068
0.45114048 0.93973565 0.93973565 0.04343068
0.54885952 0.93973565 0.93973565 0.04343068
0.64657855 0.93973565 0.93973565 0.04343068
0.74429759 0.93973565 0.93973565 0.04343068
0.84201662 0.93973565 0.93973565 0.04343068
0.93973565 0.93973565 0.93973565 0.04343068
