0.05183341 0.05183341 0.05183341 0.03621548
0.13331824 0.05183341 0.05183341 0.03621548
0.21480308 0.05183341 0.05183341 0.03621548
0.29628791 0.05183341 0.05183341 0.03621548
0.37777275 0.05183341 0.05183341 0.03621548
0.45925758 0.05183341 0.05183341 0.03621548
0.54074242 0.05183341 0.05183341 0.03621548
0.62222725 0.05183341 0.05183341 0.03621548
0.70371209 0.05183341 0.05183341 0.03621548
0.78519692 0.05183341 0.05183341 0.03621548
0.86668176 0.05183341 0.05183341 0.03621548
0.94816659 0.05183341 0.05183341 0.03621548
0.05183341 0.13331824 0.05183341 0.03621548
0.13331824 0.13331824 0.05183341 0.03621548
0.21480308 0.13331824 0.05183341 0.03621548
0.29628791 0.13331824 0.05183341 0.03621548
0.37777275 0.13331824 0.05183341 0.03621548
0.45925758 0.13331824 0.05183341 0.03621548
0.54074242 0.13331824 0.05183341 0.03621548
0.62222725 0.13331824 0.05183341 0.03621548
0.70371209 0.13331824 0.05183341 0.03621548
0.78519692 0.13331824 0.05183341 0.03621548
0.86668176 0.13331824 0.05183341 0.03621548
0.94816659 0.13331824 0.05183341 0.03621548
0.05183341 0.21480308 0.05183341 0.03621548
0.13331824 0.21480308 0.05183341 0.03621548
0.21480308 0.21480308 0.05183341 0.03621548
0.29628791 0.21480308 0.05183341 0.03621548
0.37777275 0.21480308 0.05183341 0.03621548
0.45925758 0.21480308 0.05183341 0.03621548
0.54074242 0.21480308 0.05183341 0.03621548
0.62222725 0.21480308 0.05183341 0.03621548
0.70371209 0.21480308 0.05183341 0.03621548
0.78519692 0.21480308 0.05183341 0.03621548
0.86668176 0.21480308 0.05183341 0.03621548
0.94816659 0.21480308 0.05183341 0.03621548
0.05183341 0.29628791 0.05183341 0.03621548
0.13331824 0.29628791 0.05183341 0.03621548
0.21480308 0.29628791 0.05183341 0.03621548
0.29628791 0.29628791 0.05183341 0.03621548
0.37777275 0.29628791 0.05183341 0.03621548
0.45925758 0.29628791 0.05183341 0.03621548
0.54074242 0.29628791 0.05183341 0.03621548
0.62222725 0.29628791 0.05183341 0.03621548
0.70371209 0.29628791 0.05183341 0.03621548
0.78519692 0.29628791 0.05183341 0.03621548
0.86668176 0.29628791 0.05183341 0.03621548
0.94816659 0.29628791 0.05183341 0.03621548
0.05183341 0.37777275 0.05183341 0.03621548
0.13331824 0.37777275 0.05183341 0.03621548
0.21480308 0.37777275 0.05183341 0.03621548
0.29628791 0.37777275 0.05183341 0.03621548
0.37777275 0.37777275 0.05183341 0.03621548
0.45925758 0.37777275 0.05183341 0.03621548
0.54074242 0.37777275 0.05183341 0.03621548
0.62222725 0.37777275 0.05183341 0.03621548
0.70371209 0.37777275 0.05183341 0.03621548
0.78519692 0.37777275 0.05183341 0.03621548
0.86668176 0.37777275 0.05183341 0.03621548
0.94816659 0.37777275 0.05183341 0.03621548
0.05183341 0.45925758 0.05183341 0.03621548
0.13331824 0.45925758 0.05183341 0.03621548
0.21480308 0.45925758 0.05183341 0.03621548
0.29628791 0.45925758 0.05183341 0.03621548
0.37777275 0.45925758 0.05183341 0.03621548
0.45925758 0.45925758 0.05183341 0.03621548
0.54074242 0.45925758 0.05183341 0.03621548
0.62222725 0.45925758 0.05183341 0.03621548
0.70371209 0.45925758 0.05183341 0.03621548
0.78519692 0.45925758 0.05183341 0.03621548
0.86668176 0.45925758 0.05183341 0.03621548
0.94816659 0.45925758 0.05183341 0.03621548
0.05183341 0.54074242 0.05183341 0.03621548
0.13331824 0.54074242 0.05183341 0.03621548
0.21480308 0.54074242 0.05183341 0.03621548
0.29628791 0.54074242 0.05183341 0.03621548
0.37777275 0.54074242 0.05183341 0.03621548
0.45925758 0.54074242 0.05183341 0.03621548
0.54074242 0.54074242 0.05183341 0.03621548
0.62222725 0.54074242 0.05183341 0.03621548
0.70371209 0.54074242 0.05183341 0.03621548
0.78519692 0.54074242 0.05183341 0.03621548
0.86668176 0.54074242 0.05183341 0.03621548
0.94816659 0.54074242 0.05183341 0.03621548
0.05183341 0.62222725 0.05183341 0.03621548
0.13331824 0.62222725 0.05183341 0.03621548
0.21480308 0.62222725 0.05183341 0.03621548
0.29628791 0.62222725 0.05183341 0.03621548
0.37777275 0.62222725 0.05183341 0.03621548
0.45925758 0.62222725 0.05183341 0.03621548
0.54074242 0.62222725 0.05183341 0.03621548
0.62222725 0.62222725 0.05183341 0.03621548
0.70371209 0.62222725 0.05183341 0.03621548
0.78519692 0.62222725 0.05183341 0.03621548
0.86668176 0.62222725 0.05183341 0.03621548
0.94816659 0.62222725 0.05183341 0.03621548
0.05183341 0.70371209 0.05183341 0.03621548
0.13331824 0.70371209 0.05183341 0.03621548
0.21480308 0.70371209 0.05183341 0.03621548
0.29628791 0.70371209 0.05183341 0.03621548
0.37777275 0.70371209 0.05183341 0.03621548
0.45925758 0.70371209 0.05183341 0.03621548
0.54074242 0.70371209 0.05183341 0.03621548
0.62222725 0.70371209 0.05183341 0.03621548
0.70371209 0.70371209 0.05183341 0.03621548
0.78519692 0.70371209 0.05183341 0.03621548
0.86668176 0.70371209 0.05183341 0.03621548
0.94816659 0.70371209 0.05183341 0.03621548
0.05183341 0.78519692 0.05183341 0.03621548
0.13331824 0.78519692 0.05183341 0.03621548
0.21480308 0.78519692 0.05183341 0.03621548
0.29628791 0.78519692 0.05183341 0.03621548
0.37777275 0.78519692 0.05183341 0.03621548
0.45925758 0.78519692 0.05183341 0.03621548
0.54074242 0.78519692 0.05183341 0.03621548
0.62222725 0.78519692 0.05183341 0.03621548
0.70371209 0.78519692 0.05183341 0.03621548
0.78519692 0.78519692 0.05183341 0.03621548
0.86668176 0.78519692 0.05183341 0.03621548
0.94816659 0.78519692 0.05183341 0.03621548
0.05183341 0.86668176 0.05183341 0.03621548
0.13331824 0.86668176 0.05183341 0.03621548
0.21480308 0.86668176 0.05183341 0.03621548
0.29628791 0.86668176 0.05183341 0.03621548
0.37777275 0.86668176 0.05183341 0.03621548
0.45925758 0.86668176 0.05183341 0.03621548
0.54074242 0.86668176 0.05183341 0.03621548
0.62222725 0.86668176 0.05183341 0.03621548
0.70371209 0.86668176 0.05183341 0.03621548
0.78519692 0.86668176 0.05183341 0.03621548
0.86668176 0.86668176 0.05183341 0.03621548
0.94816659 0.86668176 0.05183341 0.03621548
0.05183341 0.94816659 0.05183341 0.03621548
0.13331824 0.94816659 0.05183341 0.03621548
0.21480308 0.94816659 0.05183341 0.03621548
0.29628791 0.94816659 0.05183341 0.03621548
0.37777275 0.94816659 0.05183341 0.03621548
0.45925758 0.94816659 0.05183341 0.03621548
0.54074242 0.94816659 0.05183341 0.03621548
0.62222725 0.94816659 0.05183341 0.03621548
0.70371209 0.94816659 0.05183341 0.03621548
0.78519692 0.94816659 0.05183341 0.03621548
0.86668176 0.94816659 0.05183341 0.03621548
0.94816659 0.94816659 0.05183341 0.03621548
0.05183341 0.05183341 0.13331824 0.03621548
0.13331824 0.05183341 0.13331824 0.03621548
0.21480308 0.05183341 0.13331824 0.03621548
0.29628791 0.05183341 0.13331824 0.03621548
0.37777275 0.05183341 0.13331824 0.03621548
0.45925758 0.05183341 0.13331824 0.03621548
0.54074242 0.05183341 0.13331824 0.03621548
0.62222725 0.05183341 0.13331824 0.03621548
0.70371209 0.05183341 0.13331824 0.03621548
0.78519692 0.05183341 0.13331824 0.03621548
0.86668176 0.05183341 0.13331824 0.03621548
0.94816659 0.05183341 0.13331824 0.03621548
0.05183341 0.13331824 0.13331824 0.03621548
0.13331824 0.13331824 0.13331824 0.03621548
0.21480308 0.13331824 0.13331824 0.03621548
0.29628791 0.13331824 0.13331824 0.03621548
0.37777275 0.13331824 0.13331824 0.03621548
0.45925758 0.13331824 0.13331824 0.03621548
0.54074242 0.13331824 0.13331824 0.03621548
0.62222725 0.13331824 0.13331824 0.03621548
0.70371209 0.13331824 0.13331824 0.03621548
0.78519692 0.13331824 0.13331824 0.03621548
0.86668176 0.13331824 0.13331824 0.03621548
0.94816659 0.13331824 0.13331824 0.03621548
0.05183341 0.21480308 0.13331824 0.03621548
0.13331824 0.21480308 0.13331824 0.03621548
0.21480308 0.21480308 0.13331824 0.03621548
0.29628791 0.21480308 0.13331824 0.03621548
0.37777275 0.21480308 0.13331824 0.03621548
0.45925758 0.21480308 0.13331824 0.03621548
0.54074242 0.21480308 0.13331824 0.03621548
0.62222725 0.21480308 0.13331824 0.03621548
0.70371209 0.21480308 0.13331824 0.03621548
0.78519692 0.21480308 0.13331824 0.03621548
0.86668176 0.21480308 0.13331824 0.03621548
0.94816659 0.21480308 0.13331824 0.03621548
0.05183341 0.29628791 0.13331824 0.03621548
0.13331824 0.29628791 0.13331824 0.03621548
0.21480308 0.29628791 0.13331824 0.03621548
0.29628791 0.29628791 0.13331824 0.03621548
0.37777275 0.29628791 0.13331824 0.03621548
0.45925758 0.29628791 0.13331824 0.03621548
0.54074242 0.29628791 0.13331824 0.03621548
0.62222725 0.29628791 0.13331824 0.03621548
0.70371209 0.29628791 0.13331824 0.03621548
0.78519692 0.29628791 0.13331824 0.03621548
0.86668176 0.29628791 0.13331824 0.03621548
0.94816659 0.29628791 0.13331824 0.03621548
0.05183341 0.37777275 0.13331824 0.03621548
0.13331824 0.37777275 0.13331824 0.03621548
0.21480308 0.37777275 0.13331824 0.03621548
0.29628791 0.37777275 0.13331824 0.03621548
0.37777275 0.37777275 0.13331824 0.03621548
0.45925758 0.37777275 0.13331824 0.03621548
0.54074242 0.37777275 0.13331824 0.03621548
0.62222725 0.37777275 0.13331824 0.03621548
0.70371209 0.37777275 0.13331824 0.03621548
0.78519692 0.37777275 0.13331824 0.03621548
0.86668176 0.37777275 0.13331824 0.03621548
0.94816659 0.37777275 0.13331824 0.03621548
0.05183341 0.45925758 0.13331824 0.03621548
0.13331824 0.45925758 0.13331824 0.03621548
0.21480308 0.45925758 0.13331824 0.03621548
0.29628791 0.45925758 0.13331824 0.03621548
0.37777275 0.45925758 0.13331824 0.03621548
0.45925758 0.45925758 0.13331824 0.03621548
0.54074242 0.45925758 0.13331824 0.03621548
0.62222725 0.45925758 0.13331824 0.03621548
0.70371209 0.45925758 0.13331824 0.03621548
0.78519692 0.45925758 0.13331824 0.03621548
0.86668176 0.45925758 0.13331824 0.03621548
0.94816659 0.45925758 0.13331824 0.03621548
0.05183341 0.54074242 0.13331824 0.03621548
0.13331824 0.54074242 0.13331824 0.03621548
0.21480308 0.54074242 0.13331824 0.03621548
0.29628791 0.54074242 0.13331824 0.03621548
0.37777275 0.54074242 0.13331824 0.03621548
0.45925758 0.54074242 0.13331824 0.03621548
0.54074242 0.54074242 0.13331824 0.03621548
0.62222725 0.54074242 0.13331824 0.03621548
0.70371209 0.54074242 0.13331824 0.03621548
0.78519692 0.54074242 0.13331824 0.03621548
0.86668176 0.54074242 0.13331824 0.03621548
0.94816659 0.54074242 0.13331824 0.03621548
0.05183341 0.62222725 0.13331824 0.03621548
0.13331824 0.62222725 0.13331824 0.03621548
0.21480308 0.62222725 0.13331824 0.03621548
0.29628791 0.62222725 0.13331824 0.03621548
0.37777275 0.62222725 0.13331824 0.03621548
0.45925758 0.62222725 0.13331824 0.03621548
0.54074242 0.62222725 0.13331824 0.03621548
0.62222725 0.62222725 0.13331824 0.03621548
0.70371209 0.62222725 0.13331824 0.03621548
0.78519692 0.62222725 0.13331824 0.03621548
0.86668176 0.62222725 0.13331824 0.03621548
0.94816659 0.62222725 0.13331824 0.03621548
0.05183341 0.70371209 0.13331824 0.03621548
0.13331824 0.70371209 0.13331824 0.03621548
0.21480308 0.70371209 0.13331824 0.03621548
0.29628791 0.70371209 0.13331824 0.03621548
0.37777275 0.70371209 0.13331824 0.03621548
0.45925758 0.70371209 0.13331824 0.03621548
0.54074242 0.70371209 0.13331824 0.03621548
0.62222725 0.70371209 0.13331824 0.03621548
0.70371209 0.70371209 0.13331824 0.03621548
0.78519692 0.70371209 0.13331824 0.03621548
0.86668176 0.70371209 0.13331824 0.03621548
0.94816659 0.70371209 0.13331824 0.03621548
0.05183341 0.78519692 0.13331824 0.03621548
0.13331824 0.78519692 0.13331824 0.03621548
0.21480308 0.78519692 0.13331824 0.03621548
0.29628791 0.78519692 0.13331824 0.03621548
0.37777275 0.78519692 0.13331824 0.03621548
0.45925758 0.78519692 0.13331824 0.03621548
0.54074242 0.78519692 0.13331824 0.03621548
0.62222725 0.78519692 0.13331824 0.03621548
0.70371209 0.78519692 0.13331824 0.03621548
0.78519692 0.78519692 0.13331824 0.03621548
0.86668176 0.78519692 0.13331824 0.03621548
0.94816659 0.78519692 0.13331824 0.03621548
0.05183341 0.86668176 0.13331824 0.03621548
0.13331824 0.86668176 0.13331824 0.03621548
0.21480308 0.86668176 0.13331824 0.03621548
0.29628791 0.86668176 0.13331824 0.03621548
0.37777275 0.86668176 0.13331824 0.03621548
0.45925758 0.86668176 0.13331824 0.03621548
0.54074242 0.86668176 0.13331824 0.03621548
0.62222725 0.86668176 0.13331824 0.03621548
0.70371209 0.86668176 0.13331824 0.03621548
0.78519692 0.86668176 0.13331824 0.03621548
0.86668176 0.86668176 0.13331824 0.03621548
0.94816659 0.86668176 0.13331824 0.03621548
0.05183341 0.94816659 0.13331824 0.03621548
0.13331824 0.94816659 0.13331824 0.03621548
0.21480308 0.94816659 0.13331824 0.03621548
0.29628791 0.94816659 0.13331824 0.03621548
0.37777275 0.94816659 0.13331824 0.03621548
0.45925758 0.94816659 0.13331824 0.03621548
0.54074242 0.94816659 0.13331824 0.03621548
0.62222725 0.94816659 0.13331824 0.03621548
0.70371209 0.94816659 0.13331824 0.03621548
0.78519692 0.94816659 0.13331824 0.03621548
0.86668176 0.94816659 0.13331824 0.03621548
0.94816659 0.94816659 0.13331824 0.03621548
0.05183341 0.05183341 0.21480308 0.03621548
0.13331824 0.05183341 0.21480308 0.03621548
0.21480308 0.05183341 0.21480308 0.03621548
0.29628791 0.05183341 0.21480308 0.03621548
0.37777275 0.05183341 0.21480308 0.03621548
0.45925758 0.05183341 0.21480308 0.03621548
0.54074242 0.05183341 0.21480308 0.03621548
0.62222725 0.05183341 0.21480308 0.03621548
0.70371209 0.05183341 0.21480308 0.03621548
0.78519692 0.05183341 0.21480308 0.03621548
0.86668176 0.05183341 0.21480308 0.03621548
0.94816659 0.05183341 0.21480308 0.03621548
0.05183341 0.13331824 0.21480308 0.03621548
0.13331824 0.13331824 0.21480308 0.03621548
0.21480308 0.13331824 0.21480308 0.03621548
0.29628791 0.13331824 0.21480308 0.03621548
0.37777275 0.13331824 0.21480308 0.03621548
0.45925758 0.13331824 0.21480308 0.03621548
0.54074242 0.13331824 0.21480308 0.03621548
0.62222725 0.13331824 0.21480308 0.03621548
0.70371209 0.13331824 0.21480308 0.03621548
0.78519692 0.13331824 0.21480308 0.03621548
0.86668176 0.13331824 0.21480308 0.03621548
0.94816659 0.13331824 0.21480308 0.03621548
0.05183341 0.21480308 0.21480308 0.03621548
0.13331824 0.21480308 0.21480308 0.03621548
0.21480308 0.21480308 0.21480308 0.03621548
0.29628791 0.21480308 0.21480308 0.03621548
0.37777275 0.21480308 0.21480308 0.03621548
0.45925758 0.21480308 0.21480308 0.03621548
0.54074242 0.21480308 0.21480308 0.03621548
0.62222725 0.21480308 0.21480308 0.03621548
0.70371209 0.21480308 0.21480308 0.03621548
0.78519692 0.21480308 0.21480308 0.03621548
0.86668176 0.21480308 0.21480308 0.03621548
0.94816659 0.21480308 0.21480308 0.03621548
0.05183341 0.29628791 0.21480308 0.03621548
0.13331824 0.29628791 0.21480308 0.03621548
0.21480308 0.29628791 0.21480308 0.03621548
0.29628791 0.29628791 0.21480308 0.03621548
0.37777275 0.29628791 0.21480308 0.03621548
0.45925758 0.29628791 0.21480308 0.03621548
0.54074242 0.29628791 0.21480308 0.03621548
0.62222725 0.29628791 0.21480308 0.03621548
0.70371209 0.29628791 0.21480308 0.03621548
0.78519692 0.29628791 0.21480308 0.03621548
0.86668176 0.29628791 0.21480308 0.03621548
0.94816659 0.29628791 0.21480308 0.03621548
0.05183341 0.37777275 0.21480308 0.03621548
0.13331824 0.37777275 0.21480308 0.03621548
0.21480308 0.37777275 0.21480308 0.03621548
0.29628791 0.37777275 0.21480308 0.03621548
0.37777275 0.37777275 0.21480308 0.03621548
0.45925758 0.37777275 0.21480308 0.03621548
0.54074242 0.37777275 0.21480308 0.03621548
0.62222725 0.37777275 0.21480308 0.03621548
0.70371209 0.37777275 0.21480308 0.03621548
0.78519692 0.37777275 0.21480308 0.03621548
0.86668176 0.37777275 0.21480308 0.03621548
0.94816659 0.37777275 0.21480308 0.03621548
0.05183341 0.45925758 0.21480308 0.03621548
0.13331824 0.45925758 0.21480308 0.03621548
0.21480308 0.45925758 0.21480308 0.03621548
0.29628791 0.45925758 0.21480308 0.03621548
0.37777275 0.45925758 0.21480308 0.03621548
0.45925758 0.45925758 0.21480308 0.03621548
0.54074242 0.45925758 0.21480308 0.03621548
0.62222725 0.45925758 0.21480308 0.03621548
0.70371209 0.45925758 0.21480308 0.03621548
0.78519692 0.45925758 0.21480308 0.03621548
0.86668176 0.45925758 0.21480308 0.03621548
0.94816659 0.45925758 0.21480308 0.03621548
0.05183341 0.54074242 0.21480308 0.03621548
0.13331824 0.54074242 0.21480308 0.03621548
0.21480308 0.54074242 0.21480308 0.03621548
0.29628791 0.54074242 0.21480308 0.03621548
0.37777275 0.54074242 0.21480308 0.03621548
0.45925758 0.54074242 0.21480308 0.03621548
0.54074242 0.54074242 0.21480308 0.03621548
0.62222725 0.54074242 0.21480308 0.03621548
0.70371209 0.54074242 0.21480308 0.03621548
0.78519692 0.54074242 0.21480308 0.03621548
0.86668176 0.54074242 0.21480308 0.03621548
0.94816659 0.54074242 0.21480308 0.03621548
0.05183341 0.62222725 0.21480308 0.03621548
0.13331824 0.62222725 0.21480308 0.03621548
0.21480308 0.62222725 0.21480308 0.03621548
0.29628791 0.62222725 0.21480308 0.03621548
0.37777275 0.62222725 0.21480308 0.03621548
0.45925758 0.62222725 0.21480308 0.03621548
0.54074242 0.62222725 0.21480308 0.03621548
0.62222725 0.62222725 0.21480308 0.03621548
0.70371209 0.62222725 0.21480308 0.03621548
0.78519692 0.62222725 0.21480308 0.03621548
0.86668176 0.62222725 0.21480308 0.03621548
0.94816659 0.62222725 0.21480308 0.03621548
0.05183341 0.70371209 0.21480308 0.03621548
0.13331824 0.70371209 0.21480308 0.03621548
0.21480308 0.70371209 0.21480308 0.03621548
0.29628791 0.70371209 0.21480308 0.03621548
0.37777275 0.70371209 0.21480308 0.03621548
0.45925758 0.70371209 0.21480308 0.03621548
0.54074242 0.70371209 0.21480308 0.03621548
0.62222725 0.70371209 0.21480308 0.03621548
0.70371209 0.70371209 0.21480308 0.03621548
0.78519692 0.70371209 0.21480308 0.03621548
0.86668176 0.70371209 0.21480308 0.03621548
0.94816659 0.70371209 0.21480308 0.03621548
0.05183341 0.78519692 0.21480308 0.03621548
0.13331824 0.78519692 0.21480308 0.03621548
0.21480308 0.78519692 0.21480308 0.03621548
0.29628791 0.78519692 0.21480308 0.03621548
0.37777275 0.78519692 0.21480308 0.03621548
0.45925758 0.78519692 0.21480308 0.03621548
0.54074242 0.78519692 0.21480308 0.03621548
0.62222725 0.78519692 0.21480308 0.03621548
0.70371209 0.78519692 0.21480308 0.03621548
0.78519692 0.78519692 0.21480308 0.03621548
0.86668176 0.78519692 0.21480308 0.03621548
0.94816659 0.78519692 0.21480308 0.03621548
0.05183341 0.86668176 0.21480308 0.03621548
0.13331824 0.86668176 0.21480308 0.03621548
0.21480308 0.86668176 0.21480308 0.03621548
0.29628791 0.86668176 0.21480308 0.03621548
0.37777275 0.86668176 0.21480308 0.03621548
0.45925758 0.86668176 0.21480308 0.03621548
0.54074242 0.86668176 0.21480308 0.03621548
0.62222725 0.86668176 0.21480308 0.03621548
0.70371209 0.86668176 0.21480308 0.03621548
0.78519692 0.86668176 0.21480308 0.03621548
0.86668176 0.86668176 0.21480308 0.03621548
0.94816659 0.86668176 0.21480308 0.03621548
0.05183341 0.94816659 0.21480308 0.03621548
0.13331824 0.94816659 0.21480308 0.03621548
0.21480308 0.94816659 0.21480308 0.03621548
0.29628791 0.94816659 0.21480308 0.03621548
0.37777275 0.94816659 0.21480308 0.03621548
0.45925758 0.94816659 0.21480308 0.03621548
0.54074242 0.94816659 0.21480308 0.03621548
0.62222725 0.94816659 0.21480308 0.03621548
0.70371209 0.94816659 0.21480308 0.03621548
0.78519692 0.94816659 0.21480308 0.03621548
0.86668176 0.94816659 0.21480308 0.03621548
0.94816659 0.94816659 0.21480308 0.03621548
0.05183341 0.05183341 0.29628791 0.03621548
0.13331824 0.05183341 0.29628791 0.03621548
0.21480308 0.05183341 0.29628791 0.03621548
0.29628791 0.05183341 0.29628791 0.03621548
0.37777275 0.05183341 0.29628791 0.03621548
0.45925758 0.05183341 0.29628791 0.03621548
0.54074242 0.05183341 0.29628791 0.03621548
0.62222725 0.05183341 0.29628791 0.03621548
0.70371209 0.05183341 0.29628791 0.03621548
0.78519692 0.05183341 0.29628791 0.03621548
0.86668176 0.05183341 0.29628791 0.03621548
0.94816659 0.05183341 0.29628791 0.03621548
0.05183341 0.13331824 0.29628791 0.03621548
0.13331824 0.13331824 0.29628791 0.03621548
0.21480308 0.13331824 0.29628791 0.03621548
0.29628791 0.13331824 0.29628791 0.03621548
0.37777275 0.13331824 0.29628791 0.03621548
0.45925758 0.13331824 0.29628791 0.03621548
0.54074242 0.13331824 0.29628791 0.03621548
0.62222725 0.13331824 0.29628791 0.03621548
0.70371209 0.13331824 0.29628791 0.03621548
0.78519692 0.13331824 0.29628791 0.03621548
0.86668176 0.13331824 0.29628791 0.03621548
0.94816659 0.13331824 0.29628791 0.03621548
0.05183341 0.21480308 0.29628791 0.03621548
0.13331824 0.21480308 0.29628791 0.03621548
0.21480308 0.21480308 0.29628791 0.03621548
0.29628791 0.21480308 0.29628791 0.03621548
0.37777275 0.21480308 0.29628791 0.03621548
0.45925758 0.21480308 0.29628791 0.03621548
0.54074242 0.21480308 0.29628791 0.03621548
0.62222725 0.21480308 0.29628791 0.03621548
0.70371209 0.21480308 0.29628791 0.03621548
0.78519692 0.21480308 0.29628791 0.03621548
0.86668176 0.21480308 0.29628791 0.03621548
0.94816659 0.21480308 0.29628791 0.03621548
0.05183341 0.29628791 0.29628791 0.03621548
0.13331824 0.29628791 0.29628791 0.03621548
0.21480308 0.29628791 0.29628791 0.03621548
0.29628791 0.29628791 0.29628791 0.03621548
0.37777275 0.29628791 0.29628791 0.03621548
0.45925758 0.29628791 0.29628791 0.03621548
0.54074242 0.29628791 0.29628791 0.03621548
0.62222725 0.29628791 0.29628791 0.03621548
0.70371209 0.29628791 0.29628791 0.03621548
0.78519692 0.29628791 0.29628791 0.03621548
0.86668176 0.29628791 0.29628791 0.03621548
0.94816659 0.29628791 0.29628791 0.03621548
0.05183341 0.37777275 0.29628791 0.03621548
0.13331824 0.37777275 0.29628791 0.03621548
0.21480308 0.37777275 0.29628791 0.03621548
0.29628791 0.37777275 0.29628791 0.03621548
0.37777275 0.37777275 0.29628791 0.03621548
0.45925758 0.37777275 0.29628791 0.03621548
0.54074242 0.37777275 0.29628791 0.03621548
0.62222725 0.37777275 0.29628791 0.03621548
0.70371209 0.37777275 0.29628791 0.03621548
0.78519692 0.37777275 0.29628791 0.03621548
0.86668176 0.37777275 0.29628791 0.03621548
0.94816659 0.37777275 0.29628791 0.03621548
0.05183341 0.45925758 0.29628791 0.03621548
0.13331824 0.45925758 0.29628791 0.03621548
0.21480308 0.45925758 0.29628791 0.03621548
0.29628791 0.45925758 0.29628791 0.03621548
0.37777275 0.45925758 0.29628791 0.03621548
0.45925758 0.45925758 0.29628791 0.03621548
0.54074242 0.45925758 0.29628791 0.03621548
0.62222725 0.45925758 0.29628791 0.03621548
0.70371209 0.45925758 0.29628791 0.03621548
0.78519692 0.45925758 0.29628791 0.03621548
0.86668176 0.45925758 0.29628791 0.03621548
0.94816659 0.45925758 0.29628791 0.03621548
0.05183341 0.54074242 0.29628791 0.03621548
0.13331824 0.54074242 0.29628791 0.03621548
0.21480308 0.54074242 0.29628791 0.03621548
0.29628791 0.54074242 0.29628791 0.03621548
0.37777275 0.54074242 0.29628791 0.03621548
0.45925758 0.54074242 0.29628791 0.03621548
0.54074242 0.54074242 0.29628791 0.03621548
0.62222725 0.54074242 0.29628791 0.03621548
0.70371209 0.54074242 0.29628791 0.03621548
0.78519692 0.54074242 0.29628791 0.03621548
0.86668176 0.54074242 0.29628791 0.03621548
0.94816659 0.54074242 0.29628791 0.03621548
0.05183341 0.62222725 0.29628791 0.03621548
0.13331824 0.62222725 0.29628791 0.03621548
0.21480308 0.62222725 0.29628791 0.03621548
0.29628791 0.62222725 0.29628791 0.03621548
0.37777275 0.62222725 0.29628791 0.03621548
0.45925758 0.62222725 0.29628791 0.03621548
0.54074242 0.62222725 0.29628791 0.03621548
0.62222725 0.62222725 0.29628791 0.03621548
0.70371209 0.62222725 0.29628791 0.03621548
0.78519692 0.62222725 0.29628791 0.03621548
0.86668176 0.62222725 0.29628791 0.03621548
0.94816659 0.62222725 0.29628791 0.03621548
0.05183341 0.70371209 0.29628791 0.03621548
0.13331824 0.70371209 0.29628791 0.03621548
0.21480308 0.70371209 0.29628791 0.03621548
0.29628791 0.70371209 0.29628791 0.03621548
0.37777275 0.70371209 0.29628791 0.03621548
0.45925758 0.70371209 0.29628791 0.03621548
0.54074242 0.70371209 0.29628791 0.03621548
0.62222725 0.70371209 0.29628791 0.03621548
0.70371209 0.70371209 0.29628791 0.03621548
0.78519692 0.70371209 0.29628791 0.03621548
0.86668176 0.70371209 0.29628791 0.03621548
0.94816659 0.70371209 0.29628791 0.03621548
0.05183341 0.78519692 0.29628791 0.03621548
0.13331824 0.78519692 0.29628791 0.03621548
0.21480308 0.78519692 0.29628791 0.03621548
0.29628791 0.78519692 0.29628791 0.03621548
0.37777275 0.78519692 0.29628791 0.03621548
0.45925758 0.78519692 0.29628791 0.03621548
0.54074242 0.78519692 0.29628791 0.03621548
0.62222725 0.78519692 0.29628791 0.03621548
0.70371209 0.78519692 0.29628791 0.03621548
0.78519692 0.78519692 0.29628791 0.03621548
0.86668176 0.78519692 0.29628791 0.03621548
0.94816659 0.78519692 0.29628791 0.03621548
0.05183341 0.86668176 0.29628791 0.03621548
0.13331824 0.86668176 0.29628791 0.03621548
0.21480308 0.86668176 0.29628791 0.03621548
0.29628791 0.86668176 0.29628791 0.03621548
0.37777275 0.86668176 0.29628791 0.03621548
0.45925758 0.86668176 0.29628791 0.03621548
0.54074242 0.86668176 0.29628791 0.03621548
0.62222725 0.86668176 0.29628791 0.03621548
0.70371209 0.86668176 0.29628791 0.03621548
0.78519692 0.86668176 0.29628791 0.03621548
0.86668176 0.86668176 0.29628791 0.03621548
0.94816659 0.86668176 0.29628791 0.03621548
0.05183341 0.94816659 0.29628791 0.03621548
0.13331824 0.94816659 0.29628791 0.03621548
0.21480308 0.94816659 0.29628791 0.03621548
0.29628791 0.94816659 0.29628791 0.03621548
0.37777275 0.94816659 0.29628791 0.03621548
0.45925758 0.94816659 0.29628791 0.03621548
0.54074242 0.94816659 0.29628791 0.03621548
0.62222725 0.94816659 0.29628791 0.03621548
0.70371209 0.94816659 0.29628791 0.03621548
0.78519692 0.94816659 0.29628791 0.03621548
0.86668176 0.94816659 0.29628791 0.03621548
0.94816659 0.94816659 0.29628791 0.03621548
0.05183341 0.05183341 0.37777275 0.03621548
0.13331824 0.05183341 0.37777275 0.03621548
0.21480308 0.05183341 0.37777275 0.03621548
0.29628791 0.05183341 0.37777275 0.03621548
0.37777275 0.05183341 0.37777275 0.03621548
0.45925758 0.05183341 0.37777275 0.03621548
0.54074242 0.05183341 0.37777275 0.03621548
0.62222725 0.05183341 0.37777275 0.03621548
0.70371209 0.05183341 0.37777275 0.03621548
0.78519692 0.05183341 0.37777275 0.03621548
0.86668176 0.05183341 0.37777275 0.03621548
0.94816659 0.05183341 0.37777275 0.03621548
0.05183341 0.13331824 0.37777275 0.03621548
0.13331824 0.13331824 0.37777275 0.03621548
0.21480308 0.13331824 0.37777275 0.03621548
0.29628791 0.13331824 0.37777275 0.03621548
0.37777275 0.13331824 0.37777275 0.03621548
0.45925758 0.13331824 0.37777275 0.03621548
0.54074242 0.13331824 0.37777275 0.03621548
0.62222725 0.13331824 0.37777275 0.03621548
0.70371209 0.13331824 0.37777275 0.03621548
0.78519692 0.13331824 0.37777275 0.03621548
0.86668176 0.13331824 0.37777275 0.03621548
0.94816659 0.13331824 0.37777275 0.03621548
0.05183341 0.21480308 0.37777275 0.03621548
0.13331824 0.21480308 0.37777275 0.03621548
0.21480308 0.21480308 0.37777275 0.03621548
0.29628791 0.21480308 0.37777275 0.03621548
0.37777275 0.21480308 0.37777275 0.03621548
0.45925758 0.21480308 0.37777275 0.03621548
0.54074242 0.21480308 0.37777275 0.03621548
0.62222725 0.21480308 0.37777275 0.03621548
0.70371209 0.21480308 0.37777275 0.03621548
0.78519692 0.21480308 0.37777275 0.03621548
0.86668176 0.21480308 0.37777275 0.03621548
0.94816659 0.21480308 0.37777275 0.03621548
0.05183341 0.29628791 0.37777275 0.03621548
0.13331824 0.29628791 0.37777275 0.03621548
0.21480308 0.29628791 0.37777275 0.03621548
0.29628791 0.29628791 0.37777275 0.03621548
0.37777275 0.29628791 0.37777275 0.03621548
0.45925758 0.29628791 0.37777275 0.03621548
0.54074242 0.29628791 0.37777275 0.03621548
0.62222725 0.29628791 0.37777275 0.03621548
0.70371209 0.29628791 0.37777275 0.03621548
0.78519692 0.29628791 0.37777275 0.03621548
0.86668176 0.29628791 0.37777275 0.03621548
0.94816659 0.29628791 0.37777275 0.03621548
0.05183341 0.37777275 0.37777275 0.03621548
0.13331824 0.37777275 0.37777275 0.03621548
0.21480308 0.37777275 0.37777275 0.03621548
0.29628791 0.37777275 0.37777275 0.03621548
0.37777275 0.37777275 0.37777275 0.03621548
0.45925758 0.37777275 0.37777275 0.03621548
0.54074242 0.37777275 0.37777275 0.03621548
0.62222725 0.37777275 0.37777275 0.03621548
0.70371209 0.37777275 0.37777275 0.03621548
0.78519692 0.37777275 0.37777275 0.03621548
0.86668176 0.37777275 0.37777275 0.03621548
0.94816659 0.37777275 0.37777275 0.03621548
0.05183341 0.45925758 0.37777275 0.03621548
0.13331824 0.45925758 0.37777275 0.03621548
0.21480308 0.45925758 0.37777275 0.03621548
0.29628791 0.45925758 0.37777275 0.03621548
0.37777275 0.45925758 0.37777275 0.03621548
0.45925758 0.45925758 0.37777275 0.03621548
0.54074242 0.45925758 0.37777275 0.03621548
0.62222725 0.45925758 0.37777275 0.03621548
0.70371209 0.45925758 0.37777275 0.03621548
0.78519692 0.45925758 0.37777275 0.03621548
0.86668176 0.45925758 0.37777275 0.03621548
0.94816659 0.45925758 0.37777275 0.03621548
0.05183341 0.54074242 0.37777275 0.03621548
0.13331824 0.54074242 0.37777275 0.03621548
0.21480308 0.54074242 0.37777275 0.03621548
0.29628791 0.54074242 0.37777275 0.03621548
0.37777275 0.54074242 0.37777275 0.03621548
0.45925758 0.54074242 0.37777275 0.03621548
0.54074242 0.54074242 0.37777275 0.03621548
0.62222725 0.54074242 0.37777275 0.03621548
0.70371209 0.54074242 0.37777275 0.03621548
0.78519692 0.54074242 0.37777275 0.03621548
0.86668176 0.54074242 0.37777275 0.03621548
0.94816659 0.54074242 0.37777275 0.03621548
0.05183341 0.62222725 0.37777275 0.03621548
0.13331824 0.62222725 0.37777275 0.03621548
0.21480308 0.62222725 0.37777275 0.03621548
0.29628791 0.62222725 0.37777275 0.03621548
0.37777275 0.62222725 0.37777275 0.03621548
0.45925758 0.62222725 0.37777275 0.03621548
0.54074242 0.62222725 0.37777275 0.03621548
0.62222725 0.62222725 0.37777275 0.03621548
0.70371209 0.62222725 0.37777275 0.03621548
0.78519692 0.62222725 0.37777275 0.03621548
0.86668176 0.62222725 0.37777275 0.03621548
0.94816659 0.62222725 0.37777275 0.03621548
0.05183341 0.70371209 0.37777275 0.03621548
0.13331824 0.70371209 0.37777275 0.03621548
0.21480308 0.70371209 0.37777275 0.03621548
0.29628791 0.70371209 0.37777275 0.03621548
0.37777275 0.70371209 0.37777275 0.03621548
0.45925758 0.70371209 0.37777275 0.03621548
0.54074242 0.70371209 0.37777275 0.03621548
0.62222725 0.70371209 0.37777275 0.03621548
0.70371209 0.70371209 0.37777275 0.03621548
0.78519692 0.70371209 0.37777275 0.03621548
0.86668176 0.70371209 0.37777275 0.03621548
0.94816659 0.70371209 0.37777275 0.03621548
0.05183341 0.78519692 0.37777275 0.03621548
0.13331824 0.78519692 0.37777275 0.03621548
0.21480308 0.78519692 0.37777275 0.03621548
0.29628791 0.78519692 0.37777275 0.03621548
0.37777275 0.78519692 0.37777275 0.03621548
0.45925758 0.78519692 0.37777275 0.03621548
0.54074242 0.78519692 0.37777275 0.03621548
0.62222725 0.78519692 0.37777275 0.03621548
0.70371209 0.78519692 0.37777275 0.03621548
0.78519692 0.78519692 0.37777275 0.03621548
0.86668176 0.78519692 0.37777275 0.03621548
0.94816659 0.78519692 0.37777275 0.03621548
0.05183341 0.86668176 0.37777275 0.03621548
0.13331824 0.86668176 0.37777275 0.03621548
0.21480308 0.86668176 0.37777275 0.03621548
0.29628791 0.86668176 0.37777275 0.03621548
0.37777275 0.86668176 0.37777275 0.03621548
0.45925758 0.86668176 0.37777275 0.03621548
0.54074242 0.86668176 0.37777275 0.03621548
0.62222725 0.86668176 0.37777275 0.03621548
0.70371209 0.86668176 0.37777275 0.03621548
0.78519692 0.86668176 0.37777275 0.03621548
0.86668176 0.86668176 0.37777275 0.03621548
0.94816659 0.86668176 0.37777275 0.03621548
0.05183341 0.94816659 0.37777275 0.03621548
0.13331824 0.94816659 0.37777275 0.03621548
0.21480308 0.94816659 0.37777275 0.03621548
0.29628791 0.94816659 0.37777275 0.03621548
0.37777275 0.94816659 0.37777275 0.03621548
0.45925758 0.94816659 0.37777275 0.03621548
0.54074242 0.94816659 0.37777275 0.03621548
0.62222725 0.94816659 0.37777275 0.03621548
0.70371209 0.94816659 0.37777275 0.03621548
0.78519692 0.94816659 0.37777275 0.03621548
0.86668176 0.94816659 0.37777275 0.03621548
0.94816659 0.94816659 0.37777275 0.03621548
0.05183341 0.05183341 0.45925758 0.03621548
0.13331824 0.05183341 0.45925758 0.03621548
0.21480308 0.05183341 0.45925758 0.03621548
0.29628791 0.05183341 0.45925758 0.03621548
0.37777275 0.05183341 0.45925758 0.03621548
0.45925758 0.05183341 0.45925758 0.03621548
0.54074242 0.05183341 0.45925758 0.03621548
0.62222725 0.05183341 0.45925758 0.03621548
0.70371209 0.05183341 0.45925758 0.03621548
0.78519692 0.05183341 0.45925758 0.03621548
0.86668176 0.05183341 0.45925758 0.03621548
0.94816659 0.05183341 0.45925758 0.03621548
0.05183341 0.13331824 0.45925758 0.03621548
0.13331824 0.13331824 0.45925758 0.03621548
0.21480308 0.13331824 0.45925758 0.03621548
0.29628791 0.13331824 0.45925758 0.03621548
0.37777275 0.13331824 0.45925758 0.03621548
0.45925758 0.13331824 0.45925758 0.03621548
0.54074242 0.13331824 0.45925758 0.03621548
0.62222725 0.13331824 0.45925758 0.03621548
0.70371209 0.13331824 0.45925758 0.03621548
0.78519692 0.13331824 0.45925758 0.03621548
0.86668176 0.13331824 0.45925758 0.03621548
0.94816659 0.13331824 0.45925758 0.03621548
0.05183341 0.21480308 0.45925758 0.03621548
0.13331824 0.21480308 0.45925758 0.03621548
0.21480308 0.21480308 0.45925758 0.03621548
0.29628791 0.21480308 0.45925758 0.03621548
0.37777275 0.21480308 0.45925758 0.03621548
0.45925758 0.21480308 0.45925758 0.03621548
0.54074242 0.21480308 0.45925758 0.03621548
0.62222725 0.21480308 0.45925758 0.03621548
0.70371209 0.21480308 0.45925758 0.03621548
0.78519692 0.21480308 0.45925758 0.03621548
0.86668176 0.21480308 0.45925758 0.03621548
0.94816659 0.21480308 0.45925758 0.03621548
0.05183341 0.29628791 0.45925758 0.03621548
0.13331824 0.29628791 0.45925758 0.03621548
0.21480308 0.29628791 0.45925758 0.03621548
0.29628791 0.29628791 0.45925758 0.03621548
0.37777275 0.29628791 0.45925758 0.03621548
0.45925758 0.29628791 0.45925758 0.03621548
0.54074242 0.29628791 0.45925758 0.03621548
0.62222725 0.29628791 0.45925758 0.03621548
0.70371209 0.29628791 0.45925758 0.03621548
0.78519692 0.29628791 0.45925758 0.03621548
0.86668176 0.29628791 0.45925758 0.03621548
0.94816659 0.29628791 0.45925758 0.03621548
0.05183341 0.37777275 0.45925758 0.03621548
0.13331824 0.37777275 0.45925758 0.03621548
0.21480308 0.37777275 0.45925758 0.03621548
0.29628791 0.37777275 0.45925758 0.03621548
0.37777275 0.37777275 0.45925758 0.03621548
0.45925758 0.37777275 0.45925758 0.03621548
0.54074242 0.37777275 0.45925758 0.03621548
0.62222725 0.37777275 0.45925758 0.03621548
0.70371209 0.37777275 0.45925758 0.03621548
0.78519692 0.37777275 0.45925758 0.03621548
0.86668176 0.37777275 0.45925758 0.03621548
0.94816659 0.37777275 0.45925758 0.03621548
0.05183341 0.45925758 0.45925758 0.03621548
0.13331824 0.45925758 0.45925758 0.03621548
0.21480308 0.45925758 0.45925758 0.03621548
0.29628791 0.45925758 0.45925758 0.03621548
0.37777275 0.45925758 0.45925758 0.03621548
0.45925758 0.45925758 0.45925758 0.03621548
0.54074242 0.45925758 0.45925758 0.03621548
0.62222725 0.45925758 0.45925758 0.03621548
0.70371209 0.45925758 0.45925758 0.03621548
0.78519692 0.45925758 0.45925758 0.03621548
0.86668176 0.45925758 0.45925758 0.03621548
0.94816659 0.45925758 0.45925758 0.03621548
0.05183341 0.54074242 0.45925758 0.03621548
0.13331824 0.54074242 0.45925758 0.03621548
0.21480308 0.54074242 0.45925758 0.03621548
0.29628791 0.54074242 0.45925758 0.03621548
0.37777275 0.54074242 0.45925758 0.03621548
0.45925758 0.54074242 0.45925758 0.03621548
0.54074242 0.54074242 0.45925758 0.03621548
0.62222725 0.54074242 0.45925758 0.03621548
0.70371209 0.54074242 0.45925758 0.03621548
0.78519692 0.54074242 0.45925758 0.03621548
0.86668176 0.54074242 0.45925758 0.03621548
0.94816659 0.54074242 0.45925758 0.03621548
0.05183341 0.62222725 0.45925758 0.03621548
0.13331824 0.62222725 0.45925758 0.03621548
0.21480308 0.62222725 0.45925758 0.03621548
0.29628791 0.62222725 0.45925758 0.03621548
0.37777275 0.62222725 0.45925758 0.03621548
0.45925758 0.62222725 0.45925758 0.03621548
0.54074242 0.62222725 0.45925758 0.03621548
0.62222725 0.62222725 0.45925758 0.03621548
0.70371209 0.62222725 0.45925758 0.03621548
0.78519692 0.62222725 0.45925758 0.03621548
0.86668176 0.62222725 0.45925758 0.03621548
0.94816659 0.62222725 0.45925758 0.03621548
0.05183341 0.70371209 0.45925758 0.03621548
0.13331824 0.70371209 0.45925758 0.03621548
0.21480308 0.70371209 0.45925758 0.03621548
0.29628791 0.70371209 0.45925758 0.03621548
0.37777275 0.70371209 0.45925758 0.03621548
0.45925758 0.70371209 0.45925758 0.03621548
0.54074242 0.70371209 0.45925758 0.03621548
0.62222725 0.70371209 0.45925758 0.03621548
0.70371209 0.70371209 0.45925758 0.03621548
0.78519692 0.70371209 0.45925758 0.03621548
0.86668176 0.70371209 0.45925758 0.03621548
0.94816659 0.70371209 0.45925758 0.03621548
0.05183341 0.78519692 0.45925758 0.03621548
0.13331824 0.78519692 0.45925758 0.03621548
0.21480308 0.78519692 0.45925758 0.03621548
0.29628791 0.78519692 0.45925758 0.03621548
0.37777275 0.78519692 0.45925758 0.03621548
0.45925758 0.78519692 0.45925758 0.03621548
0.54074242 0.78519692 0.45925758 0.03621548
0.62222725 0.78519692 0.45925758 0.03621548
0.70371209 0.78519692 0.45925758 0.03621548
0.78519692 0.78519692 0.45925758 0.03621548
0.86668176 0.78519692 0.45925758 0.03621548
0.94816659 0.78519692 0.45925758 0.03621548
0.05183341 0.86668176 0.45925758 0.03621548
0.13331824 0.86668176 0.45925758 0.03621548
0.21480308 0.86668176 0.45925758 0.03621548
0.29628791 0.86668176 0.45925758 0.03621548
0.37777275 0.86668176 0.45925758 0.03621548
0.45925758 0.86668176 0.45925758 0.03621548
0.54074242 0.86668176 0.45925758 0.03621548
0.62222725 0.86668176 0.45925758 0.03621548
0.70371209 0.86668176 0.45925758 0.03621548
0.78519692 0.86668176 0.45925758 0.03621548
0.86668176 0.86668176 0.45925758 0.03621548
0.94816659 0.86668176 0.45925758 0.03621548
0.05183341 0.94816659 0.45925758 0.03621548
0.13331824 0.94816659 0.45925758 0.03621548
0.21480308 0.94816659 0.45925758 0.03621548
0.29628791 0.94816659 0.45925758 0.03621548
0.37777275 0.94816659 0.45925758 0.03621548
0.45925758 0.94816659 0.45925758 0.03621548
0.54074242 0.94816659 0.45925758 0.03621548
0.62222725 0.94816659 0.45925758 0.03621548
0.70371209 0.94816659 0.45925758 0.03621548
0.78519692 0.94816659 0.45925758 0.03621548
0.86668176 0.94816659 0.45925758 0.03621548
0.94816659 0.94816659 0.45925758 0.03621548
0.05183341 0.05183341 0.54074242 0.03621548
0.13331824 0.05183341 0.54074242 0.03621548
0.21480308 0.05183341 0.54074242 0.03621548
0.29628791 0.05183341 0.54074242 0.03621548
0.37777275 0.05183341 0.54074242 0.03621548
0.45925758 0.05183341 0.54074242 0.03621548
0.54074242 0.05183341 0.54074242 0.03621548
0.62222725 0.05183341 0.54074242 0.03621548
0.70371209 0.05183341 0.54074242 0.03621548
0.78519692 0.05183341 0.54074242 0.03621548
0.86668176 0.05183341 0.54074242 0.03621548
0.94816659 0.05183341 0.54074242 0.03621548
0.05183341 0.13331824 0.54074242 0.03621548
0.13331824 0.13331824 0.54074242 0.03621548
0.21480308 0.13331824 0.54074242 0.03621548
0.29628791 0.13331824 0.54074242 0.03621548
0.37777275 0.13331824 0.54074242 0.03621548
0.45925758 0.13331824 0.54074242 0.03621548
0.54074242 0.13331824 0.54074242 0.03621548
0.62222725 0.13331824 0.54074242 0.03621548
0.70371209 0.13331824 0.54074242 0.03621548
0.78519692 0.13331824 0.54074242 0.03621548
0.86668176 0.13331824 0.54074242 0.03621548
0.94816659 0.13331824 0.54074242 0.03621548
0.05183341 0.21480308 0.54074242 0.03621548
0.13331824 0.21480308 0.54074242 0.03621548
0.21480308 0.21480308 0.54074242 0.03621548
0.29628791 0.21480308 0.54074242 0.03621548
0.37777275 0.21480308 0.54074242 0.03621548
0.45925758 0.21480308 0.54074242 0.03621548
0.54074242 0.21480308 0.54074242 0.03621548
0.62222725 0.21480308 0.54074242 0.03621548
0.70371209 0.21480308 0.54074242 0.03621548
0.78519692 0.21480308 0.54074242 0.03621548
0.86668176 0.21480308 0.54074242 0.03621548
0.94816659 0.21480308 0.54074242 0.03621548
0.05183341 0.29628791 0.54074242 0.03621548
0.13331824 0.29628791 0.54074242 0.03621548
0.21480308 0.29628791 0.54074242 0.03621548
0.29628791 0.29628791 0.54074242 0.03621548
0.37777275 0.29628791 0.54074242 0.03621548
0.45925758 0.29628791 0.54074242 0.03621548
0.54074242 0.29628791 0.54074242 0.03621548
0.62222725 0.29628791 0.54074242 0.03621548
0.70371209 0.29628791 0.54074242 0.03621548
0.78519692 0.29628791 0.54074242 0.03621548
0.86668176 0.29628791 0.54074242 0.03621548
0.94816659 0.29628791 0.54074242 0.03621548
0.05183341 0.37777275 0.54074242 0.03621548
0.13331824 0.37777275 0.54074242 0.03621548
0.21480308 0.37777275 0.54074242 0.03621548
0.29628791 0.37777275 0.54074242 0.03621548
0.37777275 0.37777275 0.54074242 0.03621548
0.45925758 0.37777275 0.54074242 0.03621548
0.54074242 0.37777275 0.54074242 0.03621548
0.62222725 0.37777275 0.54074242 0.03621548
0.70371209 0.37777275 0.54074242 0.03621548
0.78519692 0.37777275 0.54074242 0.03621548
0.86668176 0.37777275 0.54074242 0.03621548
0.94816659 0.37777275 0.54074242 0.03621548
0.05183341 0.45925758 0.54074242 0.03621548
0.13331824 0.45925758 0.54074242 0.03621548
0.21480308 0.45925758 0.54074242 0.03621548
0.29628791 0.45925758 0.54074242 0.03621548
0.37777275 0.45925758 0.54074242 0.03621548
0.45925758 0.45925758 0.54074242 0.03621548
0.54074242 0.45925758 0.54074242 0.03621548
0.62222725 0.45925758 0.54074242 0.03621548
0.70371209 0.45925758 0.54074242 0.03621548
0.78519692 0.45925758 0.54074242 0.03621548
0.86668176 0.45925758 0.54074242 0.03621548
0.94816659 0.45925758 0.54074242 0.03621548
0.05183341 0.54074242 0.54074242 0.03621548
0.13331824 0.54074242 0.54074242 0.03621548
0.21480308 0.54074242 0.54074242 0.03621548
0.29628791 0.54074242 0.54074242 0.03621548
0.37777275 0.54074242 0.54074242 0.03621548
0.45925758 0.54074242 0.54074242 0.03621548
0.54074242 0.54074242 0.54074242 0.03621548
0.62222725 0.54074242 0.54074242 0.03621548
0.70371209 0.54074242 0.54074242 0.03621548
0.78519692 0.54074242 0.54074242 0.03621548
0.86668176 0.54074242 0.54074242 0.03621548
0.94816659 0.54074242 0.54074242 0.03621548
0.05183341 0.62222725 0.54074242 0.03621548
0.13331824 0.62222725 0.54074242 0.03621548
0.21480308 0.62222725 0.54074242 0.03621548
0.29628791 0.62222725 0.54074242 0.03621548
0.37777275 0.62222725 0.54074242 0.03621548
0.45925758 0.62222725 0.54074242 0.03621548
0.54074242 0.62222725 0.54074242 0.03621548
0.62222725 0.62222725 0.54074242 0.03621548
0.70371209 0.62222725 0.54074242 0.03621548
0.78519692 0.62222725 0.54074242 0.03621548
0.86668176 0.62222725 0.54074242 0.03621548
0.94816659 0.62222725 0.54074242 0.03621548
0.05183341 0.70371209 0.54074242 0.03621548
0.13331824 0.70371209 0.54074242 0.03621548
0.21480308 0.70371209 0.54074242 0.03621548
0.29628791 0.70371209 0.54074242 0.03621548
0.37777275 0.70371209 0.54074242 0.03621548
0.45925758 0.70371209 0.54074242 0.03621548
0.54074242 0.70371209 0.54074242 0.03621548
0.62222725 0.70371209 0.54074242 0.03621548
0.70371209 0.70371209 0.54074242 0.03621548
0.78519692 0.70371209 0.54074242 0.03621548
0.86668176 0.70371209 0.54074242 0.03621548
0.94816659 0.70371209 0.54074242 0.03621548
0.05183341 0.78519692 0.54074242 0.03621548
0.13331824 0.78519692 0.54074242 0.03621548
0.21480308 0.78519692 0.54074242 0.03621548
0.29628791 0.78519692 0.54074242 0.03621548
0.37777275 0.78519692 0.54074242 0.03621548
0.45925758 0.78519692 0.54074242 0.03621548
0.54074242 0.78519692 0.54074242 0.03621548
0.62222725 0.78519692 0.54074242 0.03621548
0.70371209 0.78519692 0.54074242 0.03621548
0.78519692 0.78519692 0.54074242 0.03621548
0.86668176 0.78519692 0.54074242 0.03621548
0.94816659 0.78519692 0.54074242 0.03621548
0.05183341 0.86668176 0.54074242 0.03621548
0.13331824 0.86668176 0.54074242 0.03621548
0.21480308 0.86668176 0.54074242 0.03621548
0.29628791 0.86668176 0.54074242 0.03621548
0.37777275 0.86668176 0.54074242 0.03621548
0.45925758 0.86668176 0.54074242 0.03621548
0.54074242 0.86668176 0.54074242 0.03621548
0.62222725 0.86668176 0.54074242 0.03621548
0.70371209 0.86668176 0.54074242 0.03621548
0.78519692 0.86668176 0.54074242 0.03621548
0.86668176 0.86668176 0.54074242 0.03621548
0.94816659 0.86668176 0.54074242 0.03621548
0.05183341 0.94816659 0.54074242 0.03621548
0.13331824 0.94816659 0.54074242 0.03621548
0.21480308 0.94816659 0.54074242 0.03621548
0.29628791 0.94816659 0.54074242 0.03621548
0.37777275 0.94816659 0.54074242 0.03621548
0.45925758 0.94816659 0.54074242 0.03621548
0.54074242 0.94816659 0.54074242 0.03621548
0.62222725 0.94816659 0.54074242 0.03621548
0.70371209 0.94816659 0.54074242 0.03621548
0.78519692 0.94816659 0.54074242 0.03621548
0.86668176 0.94816659 0.54074242 0.03621548
0.94816659 0.94816659 0.54074242 0.03621548
0.05183341 0.05183341 0.62222725 0.03621548
0.13331824 0.05183341 0.62222725 0.03621548
0.21480308 0.05183341 0.62222725 0.03621548
0.29628791 0.05183341 0.62222725 0.03621548
0.37777275 0.05183341 0.62222725 0.03621548
0.45925758 0.05183341 0.62222725 0.03621548
0.54074242 0.05183341 0.62222725 0.03621548
0.62222725 0.05183341 0.62222725 0.03621548
0.70371209 0.05183341 0.62222725 0.03621548
0.78519692 0.05183341 0.62222725 0.03621548
0.86668176 0.05183341 0.62222725 0.03621548
0.94816659 0.05183341 0.62222725 0.03621548
0.05183341 0.13331824 0.62222725 0.03621548
0.13331824 0.13331824 0.62222725 0.03621548
0.21480308 0.13331824 0.62222725 0.03621548
0.29628791 0.13331824 0.62222725 0.03621548
0.37777275 0.13331824 0.62222725 0.03621548
0.45925758 0.13331824 0.62222725 0.03621548
0.54074242 0.13331824 0.62222725 0.03621548
0.62222725 0.13331824 0.62222725 0.03621548
0.70371209 0.13331824 0.62222725 0.03621548
0.78519692 0.13331824 0.62222725 0.03621548
0.86668176 0.13331824 0.62222725 0.03621548
0.94816659 0.13331824 0.62222725 0.03621548
0.05183341 0.21480308 0.62222725 0.03621548
0.13331824 0.21480308 0.62222725 0.03621548
0.21480308 0.21480308 0.62222725 0.03621548
0.29628791 0.21480308 0.62222725 0.03621548
0.37777275 0.21480308 0.62222725 0.03621548
0.45925758 0.21480308 0.62222725 0.03621548
0.54074242 0.21480308 0.62222725 0.03621548
0.62222725 0.21480308 0.62222725 0.03621548
0.70371209 0.21480308 0.62222725 0.03621548
0.78519692 0.21480308 0.62222725 0.03621548
0.86668176 0.21480308 0.62222725 0.03621548
0.94816659 0.21480308 0.62222725 0.03621548
0.05183341 0.29628791 0.62222725 0.03621548
0.13331824 0.29628791 0.62222725 0.03621548
0.21480308 0.29628791 0.62222725 0.03621548
0.29628791 0.29628791 0.62222725 0.03621548
0.37777275 0.29628791 0.62222725 0.03621548
0.45925758 0.29628791 0.62222725 0.03621548
0.54074242 0.29628791 0.62222725 0.03621548
0.62222725 0.29628791 0.62222725 0.03621548
0.70371209 0.29628791 0.62222725 0.03621548
0.78519692 0.29628791 0.62222725 0.03621548
0.86668176 0.29628791 0.62222725 0.03621548
0.94816659 0.29628791 0.62222725 0.03621548
0.05183341 0.37777275 0.62222725 0.03621548
0.13331824 0.37777275 0.62222725 0.03621548
0.21480308 0.37777275 0.62222725 0.03621548
0.29628791 0.37777275 0.62222725 0.03621548
0.37777275 0.37777275 0.62222725 0.03621548
0.45925758 0.37777275 0.62222725 0.03621548
0.54074242 0.37777275 0.62222725 0.03621548
0.62222725 0.37777275 0.62222725 0.03621548
0.70371209 0.37777275 0.62222725 0.03621548
0.78519692 0.37777275 0.62222725 0.03621548
0.86668176 0.37777275 0.62222725 0.03621548
0.94816659 0.37777275 0.62222725 0.03621548
0.05183341 0.45925758 0.62222725 0.03621548
0.13331824 0.45925758 0.62222725 0.03621548
0.21480308 0.45925758 0.62222725 0.03621548
0.29628791 0.45925758 0.62222725 0.03621548
0.37777275 0.45925758 0.62222725 0.03621548
0.45925758 0.45925758 0.62222725 0.03621548
0.54074242 0.45925758 0.62222725 0.03621548
0.62222725 0.45925758 0.62222725 0.03621548
0.70371209 0.45925758 0.62222725 0.03621548
0.78519692 0.45925758 0.62222725 0.03621548
0.86668176 0.45925758 0.62222725 0.03621548
0.94816659 0.45925758 0.62222725 0.03621548
0.05183341 0.54074242 0.62222725 0.03621548
0.13331824 0.54074242 0.62222725 0.03621548
0.21480308 0.54074242 0.62222725 0.03621548
0.29628791 0.54074242 0.62222725 0.03621548
0.37777275 0.54074242 0.62222725 0.03621548
0.45925758 0.54074242 0.62222725 0.03621548
0.54074242 0.54074242 0.62222725 0.03621548
0.62222725 0.54074242 0.62222725 0.03621548
0.70371209 0.54074242 0.62222725 0.03621548
0.78519692 0.54074242 0.62222725 0.03621548
0.86668176 0.54074242 0.62222725 0.03621548
0.94816659 0.54074242 0.62222725 0.03621548
0.05183341 0.62222725 0.62222725 0.03621548
0.13331824 0.62222725 0.62222725 0.03621548
0.21480308 0.62222725 0.62222725 0.03621548
0.29628791 0.62222725 0.62222725 0.03621548
0.37777275 0.62222725 0.62222725 0.03621548
0.45925758 0.62222725 0.62222725 0.03621548
0.54074242 0.62222725 0.62222725 0.03621548
0.62222725 0.62222725 0.62222725 0.03621548
0.70371209 0.62222725 0.62222725 0.03621548
0.78519692 0.62222725 0.62222725 0.03621548
0.86668176 0.62222725 0.62222725 0.03621548
0.94816659 0.62222725 0.62222725 0.03621548
0.05183341 0.70371209 0.62222725 0.03621548
0.13331824 0.70371209 0.62222725 0.03621548
0.21480308 0.70371209 0.62222725 0.03621548
0.29628791 0.70371209 0.62222725 0.03621548
0.37777275 0.70371209 0.62222725 0.03621548
0.45925758 0.70371209 0.62222725 0.03621548
0.54074242 0.70371209 0.62222725 0.03621548
0.62222725 0.70371209 0.62222725 0.03621548
0.70371209 0.70371209 0.62222725 0.03621548
0.78519692 0.70371209 0.62222725 0.03621548
0.86668176 0.70371209 0.62222725 0.03621548
0.94816659 0.70371209 0.62222725 0.03621548
0.05183341 0.78519692 0.62222725 0.03621548
0.13331824 0.78519692 0.62222725 0.03621548
0.21480308 0.78519692 0.62222725 0.03621548
0.29628791 0.78519692 0.62222725 0.03621548
0.37777275 0.78519692 0.62222725 0.03621548
0.45925758 0.78519692 0.62222725 0.03621548
0.54074242 0.78519692 0.62222725 0.03621548
0.62222725 0.78519692 0.62222725 0.03621548
0.70371209 0.78519692 0.62222725 0.03621548
0.78519692 0.78519692 0.62222725 0.03621548
0.86668176 0.78519692 0.62222725 0.03621548
0.94816659 0.78519692 0.62222725 0.03621548
0.05183341 0.86668176 0.62222725 0.03621548
0.13331824 0.86668176 0.62222725 0.03621548
0.21480308 0.86668176 0.62222725 0.03621548
0.29628791 0.86668176 0.62222725 0.03621548
0.37777275 0.86668176 0.62222725 0.03621548
0.45925758 0.86668176 0.62222725 0.03621548
0.54074242 0.86668176 0.62222725 0.03621548
0.62222725 0.86668176 0.62222725 0.03621548
0.70371209 0.86668176 0.62222725 0.03621548
0.78519692 0.86668176 0.62222725 0.03621548
0.86668176 0.86668176 0.62222725 0.03621548
0.94816659 0.86668176 0.62222725 0.03621548
0.05183341 0.94816659 0.62222725 0.03621548
0.13331824 0.94816659 0.62222725 0.03621548
0.21480308 0.94816659 0.62222725 0.03621548
0.29628791 0.94816659 0.62222725 0.03621548
0.37777275 0.94816659 0.62222725 0.03621548
0.45925758 0.94816659 0.62222725 0.03621548
0.54074242 0.94816659 0.62222725 0.03621548
0.62222725 0.94816659 0.62222725 0.03621548
0.70371209 0.94816659 0.62222725 0.03621548
0.78519692 0.94816659 0.62222725 0.03621548
0.86668176 0.94816659 0.62222725 0.03621548
0.94816659 0.94816659 0.62222725 0.03621548
0.05183341 0.05183341 0.70371209 0.03621548
0.13331824 0.05183341 0.70371209 0.03621548
0.21480308 0.05183341 0.70371209 0.03621548
0.29628791 0.05183341 0.70371209 0.03621548
0.37777275 0.05183341 0.70371209 0.03621548
0.45925758 0.05183341 0.70371209 0.03621548
0.54074242 0.05183341 0.70371209 0.03621548
0.62222725 0.05183341 0.70371209 0.03621548
0.70371209 0.05183341 0.70371209 0.03621548
0.78519692 0.05183341 0.70371209 0.03621548
0.86668176 0.05183341 0.70371209 0.03621548
0.94816659 0.05183341 0.70371209 0.03621548
0.05183341 0.13331824 0.70371209 0.03621548
0.13331824 0.13331824 0.70371209 0.03621548
0.21480308 0.13331824 0.70371209 0.03621548
0.29628791 0.13331824 0.70371209 0.03621548
0.37777275 0.13331824 0.70371209 0.03621548
0.45925758 0.13331824 0.70371209 0.03621548
0.54074242 0.13331824 0.70371209 0.03621548
0.62222725 0.13331824 0.70371209 0.03621548
0.70371209 0.13331824 0.70371209 0.03621548
0.78519692 0.13331824 0.70371209 0.03621548
0.86668176 0.13331824 0.70371209 0.03621548
0.94816659 0.13331824 0.70371209 0.03621548
0.05183341 0.21480308 0.70371209 0.03621548
0.13331824 0.21480308 0.70371209 0.03621548
0.21480308 0.21480308 0.70371209 0.03621548
0.29628791 0.21480308 0.70371209 0.03621548
0.37777275 0.21480308 0.70371209 0.03621548
0.45925758 0.21480308 0.70371209 0.03621548
0.54074242 0.21480308 0.70371209 0.03621548
0.62222725 0.21480308 0.70371209 0.03621548
0.70371209 0.21480308 0.70371209 0.03621548
0.78519692 0.21480308 0.70371209 0.03621548
0.86668176 0.21480308 0.70371209 0.03621548
0.94816659 0.21480308 0.70371209 0.03621548
0.05183341 0.29628791 0.70371209 0.03621548
0.13331824 0.29628791 0.70371209 0.03621548
0.21480308 0.29628791 0.70371209 0.03621548
0.29628791 0.29628791 0.70371209 0.03621548
0.37777275 0.29628791 0.70371209 0.03621548
0.45925758 0.29628791 0.70371209 0.03621548
0.54074242 0.29628791 0.70371209 0.03621548
0.62222725 0.29628791 0.70371209 0.03621548
0.70371209 0.29628791 0.70371209 0.03621548
0.78519692 0.29628791 0.70371209 0.03621548
0.86668176 0.29628791 0.70371209 0.03621548
0.94816659 0.29628791 0.70371209 0.03621548
0.05183341 0.37777275 0.70371209 0.03621548
0.13331824 0.37777275 0.70371209 0.03621548
0.21480308 0.37777275 0.70371209 0.03621548
0.29628791 0.37777275 0.70371209 0.03621548
0.37777275 0.37777275 0.70371209 0.03621548
0.45925758 0.37777275 0.70371209 0.03621548
0.54074242 0.37777275 0.70371209 0.03621548
0.62222725 0.37777275 0.70371209 0.03621548
0.70371209 0.37777275 0.70371209 0.03621548
0.78519692 0.37777275 0.70371209 0.03621548
0.86668176 0.37777275 0.70371209 0.03621548
0.94816659 0.37777275 0.70371209 0.03621548
0.05183341 0.45925758 0.70371209 0.03621548
0.13331824 0.45925758 0.70371209 0.03621548
0.21480308 0.45925758 0.70371209 0.03621548
0.29628791 0.45925758 0.70371209 0.03621548
0.37777275 0.45925758 0.70371209 0.03621548
0.45925758 0.45925758 0.70371209 0.03621548
0.54074242 0.45925758 0.70371209 0.03621548
0.62222725 0.45925758 0.70371209 0.03621548
0.70371209 0.45925758 0.70371209 0.03621548
0.78519692 0.45925758 0.70371209 0.03621548
0.86668176 0.45925758 0.70371209 0.03621548
0.94816659 0.45925758 0.70371209 0.03621548
0.05183341 0.54074242 0.70371209 0.03621548
0.13331824 0.54074242 0.70371209 0.03621548
0.21480308 0.54074242 0.70371209 0.03621548
0.29628791 0.54074242 0.70371209 0.03621548
0.37777275 0.54074242 0.70371209 0.03621548
0.45925758 0.54074242 0.70371209 0.03621548
0.54074242 0.54074242 0.70371209 0.03621548
0.62222725 0.54074242 0.70371209 0.03621548
0.70371209 0.54074242 0.70371209 0.03621548
0.78519692 0.54074242 0.70371209 0.03621548
0.86668176 0.54074242 0.70371209 0.03621548
0.94816659 0.54074242 0.70371209 0.03621548
0.05183341 0.62222725 0.70371209 0.03621548
0.13331824 0.62222725 0.70371209 0.03621548
0.21480308 0.62222725 0.70371209 0.03621548
0.29628791 0.62222725 0.70371209 0.03621548
0.37777275 0.62222725 0.70371209 0.03621548
0.45925758 0.62222725 0.70371209 0.03621548
0.54074242 0.62222725 0.70371209 0.03621548
0.62222725 0.62222725 0.70371209 0.03621548
0.70371209 0.62222725 0.70371209 0.03621548
0.78519692 0.62222725 0.70371209 0.03621548
0.86668176 0.62222725 0.70371209 0.03621548
0.94816659 0.62222725 0.70371209 0.03621548
0.05183341 0.70371209 0.70371209 0.03621548
0.13331824 0.70371209 0.70371209 0.03621548
0.21480308 0.70371209 0.70371209 0.03621548
0.29628791 0.70371209 0.70371209 0.03621548
0.37777275 0.70371209 0.70371209 0.03621548
0.45925758 0.70371209 0.70371209 0.03621548
0.54074242 0.70371209 0.70371209 0.03621548
0.62222725 0.70371209 0.70371209 0.03621548
0.70371209 0.70371209 0.70371209 0.03621548
0.78519692 0.70371209 0.70371209 0.03621548
0.86668176 0.70371209 0.70371209 0.03621548
0.94816659 0.70371209 0.70371209 0.03621548
0.05183341 0.78519692 0.70371209 0.03621548
0.13331824 0.78519692 0.70371209 0.03621548
0.21480308 0.78519692 0.70371209 0.03621548
0.29628791 0.78519692 0.70371209 0.03621548
0.37777275 0.78519692 0.70371209 0.03621548
0.45925758 0.78519692 0.70371209 0.03621548
0.54074242 0.78519692 0.70371209 0.03621548
0.62222725 0.78519692 0.70371209 0.03621548
0.70371209 0.78519692 0.70371209 0.03621548
0.78519692 0.78519692 0.70371209 0.03621548
0.86668176 0.78519692 0.70371209 0.03621548
0.94816659 0.78519692 0.70371209 0.03621548
0.05183341 0.86668176 0.70371209 0.03621548
0.13331824 0.86668176 0.70371209 0.03621548
0.21480308 0.86668176 0.70371209 0.03621548
0.29628791 0.86668176 0.70371209 0.03621548
0.37777275 0.86668176 0.70371209 0.03621548
0.45925758 0.86668176 0.70371209 0.03621548
0.54074242 0.86668176 0.70371209 0.03621548
0.62222725 0.86668176 0.70371209 0.03621548
0.70371209 0.86668176 0.70371209 0.03621548
0.78519692 0.86668176 0.70371209 0.03621548
0.86668176 0.86668176 0.70371209 0.03621548
0.94816659 0.86668176 0.70371209 0.03621548
0.05183341 0.94816659 0.70371209 0.03621548
0.13331824 0.94816659 0.70371209 0.03621548
0.21480308 0.94816659 0.70371209 0.03621548
0.29628791 0.94816659 0.70371209 0.03621548
0.37777275 0.94816659 0.70371209 0.03621548
0.45925758 0.94816659 0.70371209 0.03621548
0.54074242 0.94816659 0.70371209 0.03621548
0.62222725 0.94816659 0.70371209 0.03621548
0.70371209 0.94816659 0.70371209 0.03621548
0.78519692 0.94816659 0.70371209 0.03621548
0.86668176 0.94816659 0.70371209 0.03621548
0.94816659 0.94816659 0.70371209 0.03621548
0.05183341 0.05183341 0.78519692 0.03621548
0.13331824 0.05183341 0.78519692 0.03621548
0.21480308 0.05183341 0.78519692 0.03621548
0.29628791 0.05183341 0.78519692 0.03621548
0.37777275 0.05183341 0.78519692 0.03621548
0.45925758 0.05183341 0.78519692 0.03621548
0.54074242 0.05183341 0.78519692 0.03621548
0.62222725 0.05183341 0.78519692 0.03621548
0.70371209 0.05183341 0.78519692 0.03621548
0.78519692 0.05183341 0.78519692 0.03621548
0.86668176 0.05183341 0.78519692 0.03621548
0.94816659 0.05183341 0.78519692 0.03621548
0.05183341 0.13331824 0.78519692 0.03621548
0.13331824 0.13331824 0.78519692 0.03621548
0.21480308 0.13331824 0.78519692 0.03621548
0.29628791 0.13331824 0.78519692 0.03621548
0.37777275 0.13331824 0.78519692 0.03621548
0.45925758 0.13331824 0.78519692 0.03621548
0.54074242 0.13331824 0.78519692 0.03621548
0.62222725 0.13331824 0.78519692 0.03621548
0.70371209 0.13331824 0.78519692 0.03621548
0.78519692 0.13331824 0.78519692 0.03621548
0.86668176 0.13331824 0.78519692 0.03621548
0.94816659 0.13331824 0.78519692 0.03621548
0.05183341 0.21480308 0.78519692 0.03621548
0.13331824 0.21480308 0.78519692 0.03621548
0.21480308 0.21480308 0.78519692 0.03621548
0.29628791 0.21480308 0.78519692 0.03621548
0.37777275 0.21480308 0.78519692 0.03621548
0.45925758 0.21480308 0.78519692 0.03621548
0.54074242 0.21480308 0.78519692 0.03621548
0.62222725 0.21480308 0.78519692 0.03621548
0.70371209 0.21480308 0.78519692 0.03621548
0.78519692 0.21480308 0.78519692 0.03621548
0.86668176 0.21480308 0.78519692 0.03621548
0.94816659 0.21480308 0.78519692 0.03621548
0.05183341 0.29628791 0.78519692 0.03621548
0.13331824 0.29628791 0.78519692 0.03621548
0.21480308 0.29628791 0.78519692 0.03621548
0.29628791 0.29628791 0.78519692 0.03621548
0.37777275 0.29628791 0.78519692 0.03621548
0.45925758 0.29628791 0.78519692 0.03621548
0.54074242 0.29628791 0.78519692 0.03621548
0.62222725 0.29628791 0.78519692 0.03621548
0.70371209 0.29628791 0.78519692 0.03621548
0.78519692 0.29628791 0.78519692 0.03621548
0.86668176 0.29628791 0.78519692 0.03621548
0.94816659 0.29628791 0.78519692 0.03621548
0.05183341 0.37777275 0.78519692 0.03621548
0.13331824 0.37777275 0.78519692 0.03621548
0.21480308 0.37777275 0.78519692 0.03621548
0.29628791 0.37777275 0.78519692 0.03621548
0.37777275 0.37777275 0.78519692 0.03621548
0.45925758 0.37777275 0.78519692 0.03621548
0.54074242 0.37777275 0.78519692 0.03621548
0.62222725 0.37777275 0.78519692 0.03621548
0.70371209 0.37777275 0.78519692 0.03621548
0.78519692 0.37777275 0.78519692 0.03621548
0.86668176 0.37777275 0.78519692 0.03621548
0.94816659 0.37777275 0.78519692 0.03621548
0.05183341 0.45925758 0.78519692 0.03621548
0.13331824 0.45925758 0.78519692 0.03621548
0.21480308 0.45925758 0.78519692 0.03621548
0.29628791 0.45925758 0.78519692 0.03621548
0.37777275 0.45925758 0.78519692 0.03621548
0.45925758 0.45925758 0.78519692 0.03621548
0.54074242 0.45925758 0.78519692 0.03621548
0.62222725 0.45925758 0.78519692 0.03621548
0.70371209 0.45925758 0.78519692 0.03621548
0.78519692 0.45925758 0.78519692 0.03621548
0.86668176 0.45925758 0.78519692 0.03621548
0.94816659 0.45925758 0.78519692 0.03621548
0.05183341 0.54074242 0.78519692 0.03621548
0.13331824 0.54074242 0.78519692 0.03621548
0.21480308 0.54074242 0.78519692 0.03621548
0.29628791 0.54074242 0.78519692 0.03621548
0.37777275 0.54074242 0.78519692 0.03621548
0.45925758 0.54074242 0.78519692 0.03621548
0.54074242 0.54074242 0.78519692 0.03621548
0.62222725 0.54074242 0.78519692 0.03621548
0.70371209 0.54074242 0.78519692 0.03621548
0.78519692 0.54074242 0.78519692 0.03621548
0.86668176 0.54074242 0.78519692 0.03621548
0.94816659 0.54074242 0.78519692 0.03621548
0.05183341 0.62222725 0.78519692 0.03621548
0.13331824 0.62222725 0.78519692 0.03621548
0.21480308 0.62222725 0.78519692 0.03621548
0.29628791 0.62222725 0.78519692 0.03621548
0.37777275 0.62222725 0.78519692 0.03621548
0.45925758 0.62222725 0.78519692 0.03621548
0.54074242 0.62222725 0.78519692 0.03621548
0.62222725 0.62222725 0.78519692 0.03621548
0.70371209 0.62222725 0.78519692 0.03621548
0.78519692 0.62222725 0.78519692 0.03621548
0.86668176 0.62222725 0.78519692 0.03621548
0.94816659 0.62222725 0.78519692 0.03621548
0.05183341 0.70371209 0.78519692 0.03621548
0.13331824 0.70371209 0.78519692 0.03621548
0.21480308 0.70371209 0.78519692 0.03621548
0.29628791 0.70371209 0.78519692 0.03621548
0.37777275 0.70371209 0.78519692 0.03621548
0.45925758 0.70371209 0.78519692 0.03621548
0.54074242 0.70371209 0.78519692 0.03621548
0.62222725 0.70371209 0.78519692 0.03621548
0.70371209 0.70371209 0.78519692 0.03621548
0.78519692 0.70371209 0.78519692 0.03621548
0.86668176 0.70371209 0.78519692 0.03621548
0.94816659 0.70371209 0.78519692 0.03621548
0.05183341 0.78519692 0.78519692 0.03621548
0.13331824 0.78519692 0.78519692 0.03621548
0.21480308 0.78519692 0.78519692 0.03621548
0.29628791 0.78519692 0.78519692 0.03621548
0.37777275 0.78519692 0.78519692 0.03621548
0.45925758 0.78519692 0.78519692 0.03621548
0.54074242 0.78519692 0.78519692 0.03621548
0.62222725 0.78519692 0.78519692 0.03621548
0.70371209 0.78519692 0.78519692 0.03621548
0.78519692 0.78519692 0.78519692 0.03621548
0.86668176 0.78519692 0.78519692 0.03621548
0.94816659 0.78519692 0.78519692 0.03621548
0.05183341 0.86668176 0.78519692 0.03621548
0.13331824 0.86668176 0.78519692 0.03621548
0.21480308 0.86668176 0.78519692 0.03621548
0.29628791 0.86668176 0.78519692 0.03621548
0.37777275 0.86668176 0.78519692 0.03621548
0.45925758 0.86668176 0.78519692 0.03621548
0.54074242 0.86668176 0.78519692 0.03621548
0.62222725 0.86668176 0.78519692 0.03621548
0.70371209 0.86668176 0.78519692 0.03621548
0.78519692 0.86668176 0.78519692 0.03621548
0.86668176 0.86668176 0.78519692 0.03621548
0.94816659 0.86668176 0.78519692 0.03621548
0.05183341 0.94816659 0.78519692 0.03621548
0.13331824 0.94816659 0.78519692 0.03621548
0.21480308 0.94816659 0.78519692 0.03621548
0.29628791 0.94816659 0.78519692 0.03621548
0.37777275 0.94816659 0.78519692 0.03621548
0.45925758 0.94816659 0.78519692 0.03621548
0.54074242 0.94816659 0.78519692 0.03621548
0.62222725 0.94816659 0.78519692 0.03621548
0.70371209 0.94816659 0.78519692 0.03621548
0.78519692 0.94816659 0.78519692 0.03621548
0.86668176 0.94816659 0.78519692 0.03621548
0.94816659 0.94816659 0.78519692 0.03621548
0.05183341 0.05183341 0.86668176 0.03621548
0.13331824 0.05183341 0.86668176 0.03621548
0.21480308 0.05183341 0.86668176 0.03621548
0.29628791 0.05183341 0.86668176 0.03621548
0.37777275 0.05183341 0.86668176 0.03621548
0.45925758 0.05183341 0.86668176 0.03621548
0.54074242 0.05183341 0.86668176 0.03621548
0.62222725 0.05183341 0.86668176 0.03621548
0.70371209 0.05183341 0.86668176 0.03621548
0.78519692 0.05183341 0.86668176 0.03621548
0.86668176 0.05183341 0.86668176 0.03621548
0.94816659 0.05183341 0.86668176 0.03621548
0.05183341 0.13331824 0.86668176 0.03621548
0.13331824 0.13331824 0.86668176 0.03621548
0.21480308 0.13331824 0.86668176 0.03621548
0.29628791 0.13331824 0.86668176 0.03621548
0.37777275 0.13331824 0.86668176 0.03621548
0.45925758 0.13331824 0.86668176 0.03621548
0.54074242 0.13331824 0.86668176 0.03621548
0.62222725 0.13331824 0.86668176 0.03621548
0.70371209 0.13331824 0.86668176 0.03621548
0.78519692 0.13331824 0.86668176 0.03621548
0.86668176 0.13331824 0.86668176 0.03621548
0.94816659 0.13331824 0.86668176 0.03621548
0.05183341 0.21480308 0.86668176 0.03621548
0.13331824 0.21480308 0.86668176 0.03621548
0.21480308 0.21480308 0.86668176 0.03621548
0.29628791 0.21480308 0.86668176 0.03621548
0.37777275 0.21480308 0.86668176 0.03621548
0.45925758 0.21480308 0.86668176 0.03621548
0.54074242 0.21480308 0.86668176 0.03621548
0.62222725 0.21480308 0.86668176 0.03621548
0.70371209 0.21480308 0.86668176 0.03621548
0.78519692 0.21480308 0.86668176 0.03621548
0.86668176 0.21480308 0.86668176 0.03621548
0.94816659 0.21480308 0.86668176 0.03621548
0.05183341 0.29628791 0.86668176 0.03621548
0.13331824 0.29628791 0.86668176 0.03621548
0.21480308 0.29628791 0.86668176 0.03621548
0.29628791 0.29628791 0.86668176 0.03621548
0.37777275 0.29628791 0.86668176 0.03621548
0.45925758 0.29628791 0.86668176 0.03621548
0.54074242 0.29628791 0.86668176 0.03621548
0.62222725 0.29628791 0.86668176 0.03621548
0.70371209 0.29628791 0.86668176 0.03621548
0.78519692 0.29628791 0.86668176 0.03621548
0.86668176 0.29628791 0.86668176 0.03621548
0.94816659 0.29628791 0.86668176 0.03621548
0.05183341 0.37777275 0.86668176 0.03621548
0.13331824 0.37777275 0.86668176 0.03621548
0.21480308 0.37777275 0.86668176 0.03621548
0.29628791 0.37777275 0.86668176 0.03621548
0.37777275 0.37777275 0.86668176 0.03621548
0.45925758 0.37777275 0.86668176 0.03621548
0.54074242 0.37777275 0.86668176 0.03621548
0.62222725 0.37777275 0.86668176 0.03621548
0.70371209 0.37777275 0.86668176 0.03621548
0.78519692 0.37777275 0.86668176 0.03621548
0.86668176 0.37777275 0.86668176 0.03621548
0.94816659 0.37777275 0.86668176 0.03621548
0.05183341 0.45925758 0.86668176 0.03621548
0.13331824 0.45925758 0.86668176 0.03621548
0.21480308 0.45925758 0.86668176 0.03621548
0.29628791 0.45925758 0.86668176 0.03621548
0.37777275 0.45925758 0.86668176 0.03621548
0.45925758 0.45925758 0.86668176 0.03621548
0.54074242 0.45925758 0.86668176 0.03621548
0.62222725 0.45925758 0.86668176 0.03621548
0.70371209 0.45925758 0.86668176 0.03621548
0.78519692 0.45925758 0.86668176 0.03621548
0.86668176 0.45925758 0.86668176 0.03621548
0.94816659 0.45925758 0.86668176 0.03621548
0.05183341 0.54074242 0.86668176 0.03621548
0.13331824 0.54074242 0.86668176 0.03621548
0.21480308 0.54074242 0.86668176 0.03621548
0.29628791 0.54074242 0.86668176 0.03621548
0.37777275 0.54074242 0.86668176 0.03621548
0.45925758 0.54074242 0.86668176 0.03621548
0.54074242 0.54074242 0.86668176 0.03621548
0.62222725 0.54074242 0.86668176 0.03621548
0.70371209 0.54074242 0.86668176 0.03621548
0.78519692 0.54074242 0.86668176 0.03621548
0.86668176 0.54074242 0.86668176 0.03621548
0.94816659 0.54074242 0.86668176 0.03621548
0.05183341 0.62222725 0.86668176 0.03621548
0.13331824 0.62222725 0.86668176 0.03621548
0.21480308 0.62222725 0.86668176 0.03621548
0.29628791 0.62222725 0.86668176 0.03621548
0.37777275 0.62222725 0.86668176 0.03621548
0.45925758 0.62222725 0.86668176 0.03621548
0.54074242 0.62222725 0.86668176 0.03621548
0.62222725 0.62222725 0.86668176 0.03621548
0.70371209 0.62222725 0.86668176 0.03621548
0.78519692 0.62222725 0.86668176 0.03621548
0.86668176 0.62222725 0.86668176 0.03621548
0.94816659 0.62222725 0.86668176 0.03621548
0.05183341 0.70371209 0.86668176 0.03621548
0.13331824 0.70371209 0.86668176 0.03621548
0.21480308 0.70371209 0.86668176 0.03621548
0.29628791 0.70371209 0.86668176 0.03621548
0.37777275 0.70371209 0.86668176 0.03621548
0.45925758 0.70371209 0.86668176 0.03621548
0.54074242 0.70371209 0.86668176 0.03621548
0.62222725 0.70371209 0.86668176 0.03621548
0.70371209 0.70371209 0.86668176 0.03621548
0.78519692 0.70371209 0.86668176 0.03621548
0.86668176 0.70371209 0.86668176 0.03621548
0.94816659 0.70371209 0.86668176 0.03621548
0.05183341 0.78519692 0.86668176 0.03621548
0.13331824 0.78519692 0.86668176 0.03621548
0.21480308 0.78519692 0.86668176 0.03621548
0.29628791 0.78519692 0.86668176 0.03621548
0.37777275 0.78519692 0.86668176 0.03621548
0.45925758 0.78519692 0.86668176 0.03621548
0.54074242 0.78519692 0.86668176 0.03621548
0.62222725 0.78519692 0.86668176 0.03621548
0.70371209 0.78519692 0.86668176 0.03621548
0.78519692 0.78519692 0.86668176 0.03621548
0.86668176 0.78519692 0.86668176 0.03621548
0.94816659 0.78519692 0.86668176 0.03621548
0.05183341 0.86668176 0.86668176 0.03621548
0.13331824 0.86668176 0.86668176 0.03621548
0.21480308 0.86668176 0.86668176 0.03621548
0.29628791 0.86668176 0.86668176 0.03621548
0.37777275 0.86668176 0.86668176 0.03621548
0.45925758 0.86668176 0.86668176 0.03621548
0.54074242 0.86668176 0.86668176 0.03621548
0.62222725 0.86668176 0.86668176 0.03621548
0.70371209 0.86668176 0.86668176 0.03621548
0.78519692 0.86668176 0.86668176 0.03621548
0.86668176 0.86668176 0.86668176 0.03621548
0.94816659 0.86668176 0.86668176 0.03621548
0.05183341 0.94816659 0.86668176 0.03621548
0.13331824 0.94816659 0.86668176 0.03621548
0.21480308 0.94816659 0.86668176 0.03621548
0.29628791 0.94816659 0.86668176 0.03621548
0.37777275 0.94816659 0.86668176 0.03621548
0.45925758 0.94816659 0.86668176 0.03621548
0.54074242 0.94816659 0.86668176 0.03621548
0.62222725 0.94816659 0.86668176 0.03621548
0.70371209 0.94816659 0.86668176 0.03621548
0.78519692 0.94816659 0.86668176 0.03621548
0.86668176 0.94816659 0.86668176 0.03621548
0.94816659 0.94816659 0.86668176 0.03621548
0.05183341 0.05183341 0.94816659 0.03621548
0.13331824 0.05183341 0.94816659 0.03621548
0.21480308 0.05183341 0.94816659 0.03621548
0.29628791 0.05183341 0.94816659 0.03621548
0.37777275 0.05183341 0.94816659 0.03621548
0.45925758 0.05183341 0.94816659 0.03621548
0.54074242 0.05183341 0.94816659 0.03621548
0.62222725 0.05183341 0.94816659 0.03621548
0.70371209 0.05183341 0.94816659 0.03621548
0.78519692 0.05183341 0.94816659 0.03621548
0.86668176 0.05183341 0.94816659 0.03621548
0.94816659 0.05183341 0.94816659 0.03621548
0.05183341 0.13331824 0.94816659 0.03621548
0.13331824 0.13331824 0.94816659 0.03621548
0.21480308 0.13331824 0.94816659 0.03621548
0.29628791 0.13331824 0.94816659 0.03621548
0.37777275 0.13331824 0.94816659 0.03621548
0.45925758 0.13331824 0.94816659 0.03621548
0.54074242 0.13331824 0.94816659 0.03621548
0.62222725 0.13331824 0.94816659 0.03621548
0.70371209 0.13331824 0.94816659 0.03621548
0.78519692 0.13331824 0.94816659 0.03621548
0.86668176 0.13331824 0.94816659 0.03621548
0.94816659 0.13331824 0.94816659 0.03621548
0.05183341 0.21480308 0.94816659 0.03621548
0.13331824 0.21480308 0.94816659 0.03621548
0.21480308 0.21480308 0.94816659 0.03621548
0.29628791 0.21480308 0.94816659 0.03621548
0.37777275 0.21480308 0.94816659 0.03621548
0.45925758 0.21480308 0.94816659 0.03621548
0.54074242 0.21480308 0.94816659 0.03621548
0.62222725 0.21480308 0.94816659 0.03621548
0.70371209 0.21480308 0.94816659 0.03621548
0.78519692 0.21480308 0.94816659 0.03621548
0.86668176 0.21480308 0.94816659 0.03621548
0.94816659 0.21480308 0.94816659 0.03621548
0.05183341 0.29628791 0.94816659 0.03621548
0.13331824 0.29628791 0.94816659 0.03621548
0.21480308 0.29628791 0.94816659 0.03621548
0.29628791 0.29628791 0.94816659 0.03621548
0.37777275 0.29628791 0.94816659 0.03621548
0.45925758 0.29628791 0.94816659 0.03621548
0.54074242 0.29628791 0.94816659 0.03621548
0.62222725 0.29628791 0.94816659 0.03621548
0.70371209 0.29628791 0.94816659 0.03621548
0.78519692 0.29628791 0.94816659 0.03621548
0.86668176 0.29628791 0.94816659 0.03621548
0.94816659 0.29628791 0.94816659 0.03621548
0.05183341 0.37777275 0.94816659 0.03621548
0.13331824 0.37777275 0.94816659 0.03621548
0.21480308 0.37777275 0.94816659 0.03621548
0.29628791 0.37777275 0.94816659 0.03621548
0.37777275 0.37777275 0.94816659 0.03621548
0.45925758 0.37777275 0.94816659 0.03621548
0.54074242 0.37777275 0.94816659 0.03621548
0.62222725 0.37777275 0.94816659 0.03621548
0.70371209 0.37777275 0.94816659 0.03621548
0.78519692 0.37777275 0.94816659 0.03621548
0.86668176 0.37777275 0.94816659 0.03621548
0.94816659 0.37777275 0.94816659 0.03621548
0.05183341 0.45925758 0.94816659 0.03621548
0.13331824 0.45925758 0.94816659 0.03621548
0.21480308 0.45925758 0.94816659 0.03621548
0.29628791 0.45925758 0.94816659 0.03621548
0.37777275 0.45925758 0.94816659 0.03621548
0.45925758 0.45925758 0.94816659 0.03621548
0.54074242 0.45925758 0.94816659 0.03621548
0.62222725 0.45925758 0.94816659 0.03621548
0.70371209 0.45925758 0.94816659 0.03621548
0.78519692 0.45925758 0.94816659 0.03621548
0.86668176 0.45925758 0.94816659 0.03621548
0.94816659 0.45925758 0.94816659 0.03621548
0.05183341 0.54074242 0.94816659 0.03621548
0.13331824 0.54074242 0.94816659 0.03621548
0.21480308 0.54074242 0.94816659 0.03621548
0.29628791 0.54074242 0.94816659 0.03621548
0.37777275 0.54074242 0.94816659 0.03621548
0.45925758 0.54074242 0.94816659 0.03621548
0.54074242 0.54074242 0.94816659 0.03621548
0.62222725 0.54074242 0.94816659 0.03621548
0.70371209 0.54074242 0.94816659 0.03621548
0.78519692 0.54074242 0.94816659 0.03621548
0.86668176 0.54074242 0.94816659 0.03621548
0.94816659 0.54074242 0.94816659 0.03621548
0.05183341 0.62222725 0.94816659 0.03621548
0.13331824 0.62222725 0.94816659 0.03621548
0.21480308 0.62222725 0.94816659 0.03621548
0.29628791 0.62222725 0.94816659 0.03621548
0.37777275 0.62222725 0.94816659 0.03621548
0.45925758 0.62222725 0.94816659 0.03621548
0.54074242 0.62222725 0.94816659 0.03621548
0.62222725 0.62222725 0.94816659 0.03621548
0.70371209 0.62222725 0.94816659 0.03621548
0.78519692 0.62222725 0.94816659 0.03621548
0.86668176 0.62222725 0.94816659 0.03621548
0.94816659 0.62222725 0.94816659 0.03621548
0.05183341 0.70371209 0.94816659 0.03621548
0.13331824 0.70371209 0.94816659 0.03621548
0.21480308 0.70371209 0.94816659 0.03621548
0.29628791 0.70371209 0.94816659 0.03621548
0.37777275 0.70371209 0.94816659 0.03621548
0.45925758 0.70371209 0.94816659 0.03621548
0.54074242 0.70371209 0.94816659 0.03621548
0.62222725 0.70371209 0.94816659 0.03621548
0.70371209 0.70371209 0.94816659 0.03621548
0.78519692 0.70371209 0.94816659 0.03621548
0.86668176 0.70371209 0.94816659 0.03621548
0.94816659 0.70371209 0.94816659 0.03621548
0.05183341 0.78519692 0.94816659 0.03621548
0.13331824 0.78519692 0.94816659 0.03621548
0.21480308 0.78519692 0.94816659 0.03621548
0.29628791 0.78519692 0.94816659 0.03621548
0.37777275 0.78519692 0.94816659 0.03621548
0.45925758 0.78519692 0.94816659 0.03621548
0.54074242 0.78519692 0.94816659 0.03621548
0.62222725 0.78519692 0.94816659 0.03621548
0.70371209 0.78519692 0.94816659 0.03621548
0.78519692 0.78519692 0.94816659 0.03621548
0.86668176 0.78519692 0.94816659 0.03621548
0.94816659 0.78519692 0.94816659 0.03621548
0.05183341 0.86668176 0.94816659 0.03621548
0.13331824 0.86668176 0.94816659 0.03621548
0.21480308 0.86668176 0.94816659 0.03621548
0.29628791 0.86668176 0.94816659 0.03621548
0.37777275 0.86668176 0.94816659 0.03621548
0.45925758 0.86668176 0.94816659 0.03621548
0.54074242 0.86668176 0.94816659 0.03621548
0.62222725 0.86668176 0.94816659 0.03621548
0.70371209 0.86668176 0.94816659 0.03621548
0.78519692 0.86668176 0.94816659 0.03621548
0.86668176 0.86668176 0.94816659 0.03621548
0.94816659 0.86668176 0.94816659 0.03621548
0.05183341 0.94816659 0.94816659 0.03621548
0.13331824 0.94816659 0.94816659 0.03621548
0.21480308 0.94816659 0.94816659 0.03621548
0.29628791 0.94816659 0.94816659 0.03621548
0.37777275 0.94816659 0.94816659 0.03621548
0.45925758 0.94816659 0.94816659 0.03621548
0.54074242 0.94816659 0.94816659 0.03621548
0.62222725 0.94816659 0.94816659 0.03621548
0.70371209 0.94816659 0.94816659 0.03621548
0.78519692 0.94816659 0.94816659 0.03621548
0.86668176 0.94816659 0.94816659 0.03621548
0.94816659 0.94816659 0.94816659 0.03621548
