0.67279068 0.10709129 0.34447292 0.05327239
0.16469178 0.24190210 0.37285858 0.03624562
0.53033567 0.43604850 0.64573148 0.05199635
0.80768535 0.11497266 0.63860495 0.03988049
0.54583007 0.21728408 0.26261459 0.05329020
0.84307755 0.36276142 0.64067932 0.07744691
0.78498548 0.19947503 0.16621349 0.08221252
0.80948997 0.17087906 0.43520287 0.03769932
0.52318371 0.63621889 0.36817278 0.08734704
0.67525697 0.34410593 0.70436581 0.08929825
0.45668999 0.83813650 0.32895160 0.03350324
0.20269809 0.11384004 0.64337407 0.04512985
0.30912096 0.49294491 0.13655481 0.04033257
0.22971916 0.56793017 0.65233665 0.06316941
0.52982936 0.63664790 0.51228441 0.03014707
0.56136815 0.78759829 0.24072271 0.08650947
0.75283029 0.41560047 0.22437918 0.03577441
0.39052463 0.67923430 0.66145948 0.08543304
0.81862209 0.44186546 0.87415669 0.04400546
0.59118177 0.20991153 0.83771098 0.06879681
0.56094630 0.42797726 0.29433888 0.05534446
0.55259925 0.14185226 0.58387642 0.08391291
0.52134652 0.80763042 0.38590535 0.04757863
0.81259693 0.65612147 0.22164911 0.07449420
0.10222788 0.10398654 0.28686454 0.02825245
0.52776444 0.53791428 0.74772355 0.08118176
0.31762355 0.57058850 0.88730377 0.03482292
0.13099210 0.72996041 0.29515766 0.06234490
0.22099372 0.16231949 0.20940893 0.06204313
0.17174925 0.27056717 0.67789175 0.02980677
0.12624011 0.17176263 0.85768606 0.06226217
0.27270514 0.31021505 0.68621302 0.06279033
0.56614994 0.88309491 0.78263507 0.03931206
0.10470503 0.14692736 0.48860887 0.03687786
0.55198889 0.36090182 0.87093564 0.06519876
0.32303769 0.17384051 0.40204814 0.06916167
0.28036842 0.69091533 0.17168440 0.06667220
0.74562556 0.25247940 0.61228474 0.04339985
0.70169443 0.80238995 0.82032318 0.07330916
0.53997350 0.79599636 0.60053760 0.08686110
0.19400288 0.20116347 0.50444405 0.03795921
0.87572067 0.77431937 0.09294243 0.02835606
0.36242336 0.19793384 0.75299895 0.03810036
0.84975427 0.56497863 0.80102460 0.04871841
0.34237840 0.49246168 0.57233852 0.07731203
0.81358992 0.12496754 0.85720621 0.06978134
0.59754767 0.33584166 0.56603378 0.06320682
0.76490981 0.68848128 0.64626232 0.07425137
0.37106190 0.62339001 0.46398335 0.08146220
0.42926829 0.42189438 0.35544249 0.05107247
