0.69589717 0.05553657 0.32424791 0.02969256
0.13431737 0.21856744 0.36146405 0.02584127
0.53453610 0.42810559 0.66479385 0.02940394
0.83854364 0.07685124 0.65262637 0.02666344
0.55218242 0.18026012 0.23157540 0.02969659
0.91109655 0.33620121 0.66884401 0.03516061
0.84556139 0.13661866 0.09634521 0.03623855
0.83894854 0.13997765 0.42928471 0.02617008
0.52896424 0.66757207 0.33888424 0.03739993
0.79489158 0.07548765 0.72044170 0.03353264
0.71650602 0.30845376 0.75237463 0.03784127
0.45319291 0.86704012 0.31460421 0.02522097
0.16965034 0.07083994 0.65968330 0.02785080
0.29013371 0.49245688 0.10020127 0.02676570
0.18751691 0.57899442 0.67669448 0.03193118
0.42279451 0.67463414 0.42290526 0.02520827
0.53230150 0.64739114 0.51339802 0.02446184
0.57562474 0.85245973 0.18325493 0.03721048
0.77580496 0.40819117 0.19974110 0.02573469
0.36691423 0.71926437 0.69757143 0.03696700
0.60827612 0.71970234 0.36770915 0.03633711
0.85369553 0.43575471 0.91530076 0.02759647
0.60732732 0.16023226 0.89641883 0.03320404
0.56962326 0.41840992 0.26643540 0.03016125
0.56446384 0.06505005 0.60249272 0.03662316
0.52412961 0.84417173 0.37271740 0.02840469
0.60791196 0.07645402 0.87565963 0.03669663
0.93820592 0.21128950 0.18026954 0.03359528
0.67203266 0.12065418 0.72329235 0.03703949
0.87196120 0.68599158 0.16962525 0.03449274
0.07324319 0.07513068 0.27140425 0.02403329
0.53402335 0.54628203 0.79968368 0.03600540
0.30177648 0.57698482 0.92154910 0.02551947
0.07403972 0.76603689 0.26370269 0.03174468
0.40157137 0.81909339 0.71690730 0.03525125
0.17823985 0.11049928 0.16486498 0.03167642
0.14674039 0.25313538 0.69169243 0.02438486
0.06863068 0.12121360 0.91352169 0.03172597
0.23749852 0.28087841 0.71571685 0.03184543
0.57286534 0.92095155 0.81062109 0.02653487
0.49442822 0.60727711 0.79420958 0.02716783
0.06829176 0.11442500 0.48775522 0.02598428
0.56083714 0.33862141 0.93174128 0.03239019
0.39399965 0.54505742 0.71696805 0.03201137
0.29271487 0.11761030 0.38544511 0.03328657
0.24410774 0.72316214 0.11728774 0.03272347
0.77236161 0.22601975 0.62463731 0.02745949
0.87637373 0.29028435 0.11544779 0.03122655
0.73947295 0.85881245 0.88006604 0.03422469
0.54948970 0.86305520 0.62366594 0.03729001
0.48753282 0.59282792 0.54409366 0.02930761
0.16510500 0.17294669 0.50507461 0.02622887
0.90347947 0.79462758 0.06318550 0.02405673
0.34950119 0.16931215 0.77735484 0.02626080
0.89224222 0.57309447 0.83763093 0.02866250
0.85538138 0.46482961 0.54062927 0.03578747
0.31186473 0.49144276 0.58701719 0.03513010
0.58421354 0.44025176 0.77688842 0.02397135
0.85049736 0.56945669 0.21810442 0.02824224
0.59839644 0.10820069 0.42990650 0.03497799
0.86898709 0.05961677 0.92025137 0.03342673
0.61328644 0.31033713 0.57680615 0.03193964
0.81510208 0.72431991 0.67417204 0.03443781
0.34465811 0.64962104 0.45696268 0.03606883
0.42060869 0.41230202 0.33744426 0.02919496
0.43839825 0.91843578 0.65702391 0.03261235
0.43435989 0.35971471 0.76653905 0.02657962
0.85360626 0.64247837 0.29879308 0.03628998
0.81725755 0.52477524 0.77011395 0.02734623
0.70623524 0.51681747 0.73962084 0.03190796
0.46966371 0.36082770 0.11799708 0.03185623
0.12575270 0.92983875 0.21654871 0.02913542
0.82906487 0.66535073 0.56098802 0.03531899
0.47030429 0.36117969 0.25346804 0.02604384
0.33404583 0.86801567 0.86211934 0.03219329
0.24320273 0.27826230 0.80948134 0.03413235
0.60375222 0.26318538 0.14608341 0.02967584
0.47974136 0.19218267 0.60794992 0.03110096
0.63647638 0.18527330 0.72270791 0.03150214
0.51731651 0.75529027 0.07256890 0.02691420
0.83258600 0.80742480 0.53428275 0.02837217
0.89402857 0.78593145 0.81020396 0.03609917
0.63593604 0.68284535 0.59904343 0.02515709
0.09137506 0.73725711 0.70344699 0.03514452
0.28288650 0.61824292 0.36173831 0.02745070
0.45271412 0.74826590 0.93065490 0.03510139
0.18136789 0.85818443 0.53709347 0.02802854
0.61923350 0.93110601 0.54021234 0.03764005
0.17701308 0.37216426 0.08026079 0.03125157
0.72024493 0.07894370 0.38033894 0.02603563
0.66880904 0.66728846 0.22720810 0.03603843
0.57247364 0.93509707 0.23694929 0.03004714
0.28736476 0.72367305 0.46153269 0.02728019
0.50766163 0.24086512 0.76863914 0.02456124
0.07832851 0.58340030 0.80692115 0.02798697
0.72241939 0.50991794 0.53645456 0.02917948
0.89730201 0.25270786 0.29322316 0.03037627
0.43583315 0.14853428 0.62026526 0.02491100
0.43755849 0.78402805 0.61088692 0.03580338
0.12176129 0.06788525 0.11129914 0.02579378
0.15668006 0.08071122 0.72629562 0.03028482
0.71972042 0.45765087 0.45558829 0.02937662
0.47693247 0.76901102 0.41338831 0.03056253
0.09498195 0.73960838 0.17247950 0.03664178
0.06753209 0.53411732 0.06104351 0.03256382
0.19296321 0.21978675 0.60988622 0.02582420
0.92863804 0.68470081 0.70279094 0.03665779
0.41328932 0.28118194 0.21433312 0.03670743
0.78066893 0.18288212 0.28838089 0.02545226
0.33381212 0.92326576 0.29525233 0.03542202
0.33566914 0.86383101 0.38180613 0.03135456
0.51092385 0.89001479 0.08317962 0.02992869
0.84424162 0.08383753 0.51941327 0.03396552
0.82058881 0.55218445 0.66964322 0.02839535
0.61394914 0.31358847 0.06426056 0.03020316
0.33322919 0.51527257 0.86829599 0.03196877
0.27547193 0.38559893 0.88386153 0.02982727
0.80092517 0.86723706 0.26220003 0.03710037
0.25491774 0.33316970 0.20769358 0.02499662
0.42364688 0.77952116 0.22178822 0.03240109
0.25602765 0.64763461 0.49752605 0.02456174
0.21175302 0.56266490 0.94019842 0.03114598
0.08670541 0.14075739 0.11582628 0.03223741
0.38937165 0.92216609 0.20513057 0.03018720
0.73347746 0.78302557 0.61575968 0.03761222
0.47961537 0.07069477 0.37038413 0.03327944
0.06112485 0.73175077 0.33844530 0.02571169
0.25588864 0.35926369 0.52085072 0.03777746
0.46822159 0.17012138 0.33513992 0.03450720
0.65413005 0.73950799 0.17226523 0.03093940
0.66470283 0.45525249 0.86570590 0.03333270
0.06337955 0.48625827 0.81709405 0.03293215
0.23275781 0.71673010 0.31562644 0.03594555
0.25495041 0.24854316 0.23520526 0.03435874
0.38972475 0.07531459 0.15093753 0.02578089
0.79882937 0.44226595 0.87789943 0.02808938
0.48065246 0.17080811 0.91924535 0.03381124
0.23334017 0.43829458 0.41410327 0.02602763
0.70570492 0.22079638 0.62907807 0.02584121
0.24565355 0.58876678 0.71887708 0.03449886
0.58573121 0.31947865 0.70443174 0.03284462
0.43496316 0.74654160 0.11220146 0.03722065
0.23013031 0.40800917 0.32468864 0.03565262
0.86375213 0.38327218 0.52759615 0.02489148
0.17377176 0.23966053 0.12413112 0.03079116
0.28861968 0.37328871 0.15255978 0.03098788
0.71268256 0.18987742 0.54525767 0.03127263
0.73197646 0.69950566 0.21051638 0.02683680
0.07925945 0.81561527 0.55160753 0.03603302
0.73016404 0.69296560 0.93349292 0.02949589
0.05679400 0.88755701 0.81966974 0.02771271
0.51468648 0.68212583 0.74687189 0.03413613
0.27186842 0.16812353 0.25521326 0.03652394
0.84184816 0.53852550 0.30964281 0.02805488
0.65593710 0.25178097 0.47080903 0.02867621
0.61317009 0.83664985 0.45333245 0.02823541
0.46219882 0.63723130 0.17661039 0.03492852
0.86374084 0.59373539 0.73707298 0.02991999
0.49827618 0.80400435 0.11683105 0.03094198
0.89165262 0.51579839 0.22973491 0.03191913
0.60861987 0.79525573 0.07013281 0.03727092
0.13159338 0.34482376 0.88922844 0.03784810
0.79079631 0.82547024 0.44578447 0.02387738
0.77055647 0.48021214 0.17315666 0.02739437
0.66311585 0.40930503 0.50510514 0.02971474
0.06409381 0.69372417 0.55786123 0.02580649
0.50621689 0.75624831 0.67190073 0.03507274
0.92267477 0.34018746 0.92913965 0.02954864
0.76179833 0.44005038 0.37262211 0.02734147
0.22372260 0.57471067 0.84857297 0.03640951
0.87473731 0.30368196 0.59667259 0.03010717
0.18322170 0.69321286 0.67764751 0.02862283
0.28269264 0.66950770 0.25969466 0.03356109
0.38615062 0.37138213 0.10679607 0.02980125
0.68303164 0.60028297 0.63093948 0.03275096
0.18578230 0.51270577 0.83642878 0.02617166
0.46670613 0.43632772 0.49757128 0.02637134
0.35873317 0.28650331 0.80890092 0.02605153
0.32000873 0.81880375 0.65210917 0.03101199
0.16872777 0.47403477 0.92954992 0.03277700
0.62674831 0.19574326 0.62154265 0.03726326
0.47227591 0.43632841 0.58783270 0.03181069
0.72010326 0.56955814 0.87224589 0.03586207
0.94192751 0.09795378 0.22971990 0.02467254
0.15108998 0.60993840 0.09818219 0.02977423
0.10800667 0.68174234 0.65043101 0.02780589
0.48937606 0.52253982 0.08597736 0.03508304
0.36820543 0.26102537 0.44165255 0.03293031
0.47310803 0.92680715 0.37927754 0.02920016
0.39057422 0.93815025 0.10912512 0.03167880
0.08444969 0.56307724 0.21682537 0.03111307
0.92459819 0.83099419 0.45747716 0.03274117
0.38286379 0.17910548 0.70350276 0.02589868
0.45463622 0.84252601 0.52450828 0.03054744
0.12608384 0.40958726 0.76641000 0.02579640
0.73985156 0.31216715 0.24641598 0.02648138
0.40870963 0.39287533 0.64354177 0.02398820
0.41411686 0.34209651 0.55109414 0.03303800
0.79176959 0.67412951 0.86484322 0.03790681
0.11323482 0.47660171 0.36422776 0.02431613
0.83490652 0.28111525 0.29908304 0.03011455
0.54241402 0.25043307 0.65286686 0.02842915
0.13585065 0.83211425 0.26393409 0.02578480
0.56367506 0.52296469 0.12264584 0.02925056
0.89509424 0.77368674 0.31065860 0.03620629
0.65060149 0.34472675 0.74489050 0.02819177
0.84764599 0.72447163 0.73421393 0.02839279
0.24327520 0.09301427 0.34185563 0.03044008
0.67451414 0.65335393 0.43740873 0.02427886
0.53164727 0.09559050 0.17902571 0.03469099
0.35281026 0.09902357 0.59414914 0.02650618
0.06965492 0.83130253 0.63871452 0.03022034
0.42953424 0.82725052 0.12368664 0.02465264
0.16767261 0.74218371 0.80300934 0.03049185
0.48779602 0.26545747 0.90724806 0.02436690
0.59954859 0.91370442 0.36444930 0.03720047
0.70533601 0.28212861 0.58879617 0.03237021
0.10872785 0.17576741 0.80050148 0.03535832
0.52763493 0.27767802 0.31900334 0.03256143
0.43139353 0.11851967 0.84768713 0.03618578
0.84272072 0.56045224 0.15625988 0.02777049
0.80920736 0.59161628 0.91562708 0.02605633
0.58522246 0.58821711 0.60311732 0.02867593
0.72518128 0.90320200 0.53119672 0.02459328
0.83291442 0.34295440 0.16922466 0.03547174
0.23008630 0.75954570 0.06076079 0.02426397
0.07285149 0.94398099 0.57320774 0.02807268
0.88294131 0.50635581 0.45955184 0.02793061
0.29146482 0.32784773 0.38652477 0.03212717
0.57559976 0.67512004 0.11724738 0.02723338
0.72091669 0.76726352 0.71966816 0.03758794
0.68147193 0.66133807 0.67510807 0.03014451
0.26707386 0.21712591 0.40472247 0.03663347
0.78138902 0.60125920 0.73190804 0.02831805
0.14397503 0.15783568 0.38748181 0.02984423
0.13472408 0.26502288 0.46594235 0.03074832
0.57148301 0.23600634 0.52606360 0.03311318
0.66324319 0.85597610 0.12165870 0.02845029
0.22928449 0.80627401 0.64633702 0.03626988
0.43671331 0.35380060 0.94055314 0.02656912
0.93653242 0.88232551 0.18809336 0.02964836
0.46581451 0.55423080 0.74946102 0.02937707
0.42902785 0.28887462 0.86441805 0.03069251
0.18275547 0.23467298 0.85457545 0.02699327
0.49366392 0.28144805 0.84262312 0.02926460
0.61020970 0.62371968 0.34580966 0.02721120
0.84223395 0.46398745 0.73731155 0.02471172
0.58169062 0.43635029 0.39461026 0.02736791
0.50280376 0.26279703 0.21342276 0.03341687
0.80842553 0.93235638 0.87067292 0.02638601
0.74972633 0.54139870 0.78200238 0.02870001
0.57980314 0.75485485 0.14533552 0.03064311
0.38131148 0.59237677 0.90632706 0.03140235
0.66813337 0.41458004 0.17621124 0.02936285
0.35293990 0.24951465 0.87815107 0.03017167
0.58707765 0.71734628 0.53698349 0.03357736
0.87925783 0.81941025 0.20706677 0.03373260
0.40018092 0.53412234 0.35556572 0.02524559
0.66510629 0.55420407 0.37489853 0.03341837
0.88493027 0.58559151 0.92367090 0.03248685
0.06162526 0.30256093 0.53086736 0.03113551
0.88068147 0.12477001 0.30306818 0.03300656
0.11643913 0.06363249 0.92428505 0.02475522
0.80706562 0.66638611 0.48881957 0.02510043
0.08276034 0.46613429 0.30752004 0.03409041
0.84639309 0.74403120 0.34668217 0.02416277
0.34602490 0.33131252 0.87589819 0.03510096
0.21682067 0.52413212 0.42549890 0.02501822
0.88031840 0.21718998 0.81611098 0.03515940
0.33119891 0.09962067 0.31424059 0.02383261
0.90418647 0.47946529 0.30242989 0.02882323
0.14606576 0.25642117 0.91869652 0.03007422
0.86380391 0.84876238 0.87729564 0.02780589
0.19690915 0.45040136 0.12904742 0.02866790
0.22854163 0.67125279 0.56616303 0.02610579
0.27635037 0.61351072 0.09225465 0.03619485
0.82190331 0.92904894 0.06563323 0.03110583
0.25314194 0.09553192 0.06213024 0.02735299
0.09684600 0.30337868 0.62415642 0.03073528
0.17248064 0.89028098 0.77219623 0.02784038
0.22505079 0.87853930 0.88080923 0.03711691
0.29874175 0.54592991 0.21895402 0.02779051
0.22043695 0.89744770 0.49451384 0.03004994
0.61871704 0.64523484 0.44064575 0.02579045
0.49345341 0.46863524 0.77594284 0.02459584
0.40295885 0.26776208 0.66664588 0.02740742
0.21859097 0.78042870 0.26531562 0.03785584
0.61526268 0.19645551 0.06930136 0.03041971
0.22853617 0.13212267 0.83030485 0.02791547
0.66510715 0.15884049 0.06024744 0.02500669
0.86030507 0.81901615 0.35702410 0.03169107
0.77092960 0.77554528 0.83183060 0.02413701
0.50542615 0.66990902 0.66187569 0.03169901
0.21287045 0.91963159 0.71607113 0.02776629
0.57260192 0.90687850 0.12530998 0.02745203
0.60708699 0.25235483 0.73836650 0.02494036
0.64702915 0.15302694 0.13220884 0.03184617
0.42028809 0.13552287 0.38614287 0.03265798
0.70091328 0.41816894 0.71284730 0.03745241
0.33429320 0.59455483 0.58468898 0.02785381
0.28511747 0.73308641 0.88617089 0.03627092
0.81909909 0.37847893 0.85145587 0.02636829
0.12664259 0.93351155 0.59860681 0.02414489
0.54326328 0.66244444 0.26487110 0.02818194
0.58319402 0.26306633 0.43543354 0.03301817
0.35042407 0.61044044 0.28704359 0.03392347
0.59921771 0.25050773 0.88395531 0.03718061
0.61770826 0.68846413 0.71676319 0.02717136
0.73122171 0.85857745 0.57779611 0.02931127
0.74980820 0.08656696 0.26801789 0.02555164
0.90373486 0.33015833 0.76908846 0.02436918
0.70273080 0.55902234 0.49317892 0.02421518
0.34523164 0.27608433 0.24909848 0.02744386
0.50210270 0.13406056 0.74317894 0.03514517
0.71203134 0.51363455 0.41137978 0.03135450
0.24590435 0.60608705 0.21342990 0.02932059
0.10489270 0.86971940 0.87570100 0.03405408
0.08802247 0.09478394 0.18566334 0.02474445
0.90518931 0.15370006 0.63128724 0.02938374
0.39312177 0.42640681 0.48425868 0.03314126
0.80647620 0.77015815 0.17649912 0.03611369
0.85495538 0.73986344 0.42977929 0.03138804
0.85137358 0.07132809 0.39447070 0.03527419
0.38038768 0.57519109 0.52992649 0.03033064
0.63924611 0.91158318 0.05619075 0.02732965
0.15584473 0.53854093 0.61170911 0.03405789
0.15331370 0.54853284 0.14404131 0.03472438
0.63956392 0.77757826 0.77245579 0.03121965
0.45681320 0.41870051 0.83098086 0.03258047
0.18267662 0.88046552 0.08964150 0.02428557
0.21879071 0.75408104 0.59073485 0.03313459
0.25773089 0.47056161 0.84526652 0.03771974
0.24343604 0.15529988 0.74091835 0.02395760
0.94804386 0.40076783 0.86425296 0.02490734
0.51123059 0.56559644 0.44701469 0.03033575
0.76867153 0.76257371 0.29785640 0.03666421
0.43628299 0.81265586 0.45559422 0.02687294
0.30933548 0.16541179 0.64906469 0.03133359
0.82359962 0.17597801 0.76320641 0.03345938
0.62854782 0.24116936 0.29072767 0.03553145
0.53716302 0.47994038 0.47106901 0.02971358
0.91050117 0.59425253 0.59195549 0.03188687
0.66163142 0.10036011 0.17402088 0.02829999
0.63929437 0.20860847 0.35742803 0.02560595
0.52063633 0.89778323 0.82798351 0.02590281
0.30767250 0.73290275 0.26906757 0.02933694
0.12822072 0.82550321 0.45342758 0.02737281
0.70946584 0.76236339 0.45354988 0.03175545
0.79452283 0.07980528 0.90023890 0.02637382
0.36153110 0.73908916 0.76846603 0.03101605
0.65996702 0.71131255 0.92171013 0.03740419
0.14777635 0.30803588 0.73997125 0.02801235
0.76595256 0.51511047 0.26355318 0.03288115
0.32694309 0.08458886 0.85612859 0.03269846
0.20569474 0.34026490 0.27378456 0.02478335
0.72075125 0.25935028 0.21175367 0.03143775
0.18275848 0.81634834 0.14411234 0.02431623
0.08192083 0.65780026 0.25993353 0.02693694
0.17925562 0.39081787 0.43280749 0.02964368
0.43152242 0.14744803 0.74191390 0.03048975
0.43206722 0.29537522 0.32144356 0.02570519
0.51568201 0.22675923 0.47278678 0.03333200
0.68228751 0.25584300 0.80752024 0.02858846
0.92763338 0.17419346 0.30781652 0.03047342
0.64466156 0.30576675 0.33727473 0.03515914
0.59138203 0.69500198 0.81765599 0.02973426
0.26817191 0.87523669 0.74784999 0.03345584
0.32596438 0.84012911 0.16633744 0.02813019
0.30376313 0.78885491 0.38040028 0.03277682
0.22936187 0.48367445 0.76712959 0.03420047
0.45655995 0.85765188 0.83223055 0.02774275
0.58005196 0.77950390 0.85899380 0.03382742
0.64189595 0.49666234 0.60682702 0.03084620
0.43662448 0.06225160 0.22986148 0.03204977
0.10814805 0.39079664 0.67559463 0.02638687
0.22676518 0.45863526 0.60882940 0.02521516
0.15680117 0.60959394 0.40094490 0.03443927
0.74350202 0.40520124 0.93347731 0.03139619
0.48123199 0.72107133 0.56442086 0.03109181
0.49042007 0.22310810 0.40521220 0.02891513
0.46625977 0.29692809 0.52405596 0.02417695
0.54960329 0.31360341 0.56977706 0.02416713
0.44750287 0.64356274 0.27026518 0.03419197
0.27575384 0.88446450 0.25337577 0.03798004
0.72582082 0.87310613 0.44789419 0.03002628
0.11555556 0.40323703 0.47097700 0.03127351
0.15917417 0.70228315 0.53979470 0.03650571
0.08451899 0.18786807 0.30912886 0.03239313
0.65243996 0.83366542 0.54232644 0.02381943
0.77350735 0.23605713 0.34744208 0.03194289
0.31541358 0.42313768 0.24594136 0.02900222
0.32672530 0.51912445 0.68746453 0.03269933
0.06497853 0.29319925 0.76481374 0.02810072
0.79623998 0.53499394 0.53782049 0.02494730
0.08945322 0.83154955 0.09177766 0.03550875
0.50840436 0.84464250 0.55832101 0.02767533
0.63678769 0.53796888 0.84217293 0.02880736
0.39078341 0.64555277 0.13197208 0.02942803
0.18557331 0.67523974 0.86120665 0.02922363
0.73771626 0.31044411 0.90785403 0.02828305
0.61011325 0.87938947 0.29657344 0.03375800
0.65570350 0.73726075 0.56263302 0.03691152
0.36650792 0.45409446 0.80728524 0.03665163
0.07763814 0.61199334 0.14290903 0.03055382
0.93687893 0.60049398 0.39043370 0.02405039
0.40079566 0.45727726 0.88813456 0.02412803
0.60252051 0.64752453 0.21950766 0.02771868
0.75399378 0.14235203 0.59400431 0.03095713
0.07856718 0.30858813 0.35281845 0.02396502
0.23788768 0.72044387 0.41326451 0.02539293
0.84373462 0.17835445 0.91197293 0.03065370
0.13946932 0.25089599 0.77594717 0.02435747
0.63608630 0.21079870 0.20405064 0.03024619
0.59919269 0.54164842 0.40153566 0.02962497
0.69067007 0.13000133 0.82886557 0.02519525
0.68262145 0.48810672 0.67447012 0.03605414
0.36564807 0.39633648 0.21606677 0.03017522
0.54609624 0.58621528 0.18119007 0.02472085
0.56031613 0.36139811 0.36776885 0.03161798
0.86750610 0.19238542 0.27431753 0.03377556
0.69388276 0.92196434 0.88514182 0.02604089
0.82527772 0.21999283 0.10115446 0.02643547
0.14723793 0.40212856 0.31152135 0.02765333
0.36550721 0.87954608 0.75698587 0.03106453
0.17538347 0.56577349 0.25010381 0.03601941
0.30182249 0.14067124 0.16083541 0.02947984
0.90211827 0.23899948 0.72058011 0.02828071
0.72719254 0.70314507 0.36894930 0.03033470
0.09169955 0.71430913 0.29509896 0.02381078
0.22675564 0.80797493 0.50299677 0.03061117
0.36491328 0.30702234 0.13016755 0.02770145
0.70631397 0.21785418 0.42394019 0.03418614
0.42878386 0.63532453 0.87255463 0.03606793
0.80043306 0.78740066 0.07168739 0.03573294
0.94664481 0.16018260 0.49114485 0.02755532
0.16821546 0.64263324 0.48953184 0.03500787
0.83911499 0.21472839 0.62454086 0.02651863
0.22850296 0.85343819 0.39761242 0.03589035
0.34728329 0.17169258 0.39708986 0.03131881
0.08189922 0.29851640 0.21410519 0.02681341
0.88954703 0.48137742 0.62681758 0.02875268
0.77215344 0.40872970 0.45420323 0.03424722
0.25619240 0.69354243 0.72167620 0.02629952
0.78570525 0.50297703 0.09738048 0.02425391
0.41642101 0.87574473 0.41428859 0.03643685
0.27100840 0.36537401 0.72542179 0.02484486
0.07287898 0.68487876 0.93039979 0.02521995
0.73252910 0.65410886 0.75956245 0.03493860
0.28817970 0.67588582 0.83034215 0.02432025
0.87452346 0.73735972 0.50916472 0.02571449
0.14285866 0.33897239 0.16309823 0.03021344
0.32918851 0.39964145 0.31906834 0.02746067
0.84262304 0.26518363 0.73126588 0.02646230
0.06218650 0.56737578 0.32836541 0.02782241
0.88859973 0.84870950 0.58599364 0.02401167
0.20634182 0.22294704 0.46735178 0.02802745
0.51026462 0.94067268 0.17166714 0.03101570
0.26930140 0.08139984 0.70844190 0.03304066
0.39009597 0.60042718 0.64015446 0.02840678
0.79192385 0.39273875 0.61796201 0.02664131
0.55656364 0.37681797 0.60387057 0.03752136
0.78657005 0.13145555 0.15329992 0.03136520
0.42308874 0.25338252 0.05089912 0.02428833
0.89839413 0.40407411 0.32400680 0.03352146
0.43832861 0.23893788 0.62744227 0.02383850
0.16430190 0.13204285 0.85781201 0.03386165
0.52972717 0.91225806 0.73054301 0.02929665
0.13065931 0.53212631 0.35385624 0.02838895
0.74422122 0.39634007 0.56423746 0.02405902
0.55792943 0.32977452 0.83256121 0.03285501
0.74208042 0.56424886 0.18704257 0.03784071
0.24636739 0.27891915 0.15734488 0.03245151
0.49772303 0.49090521 0.94221696 0.02813314
0.45876674 0.91407002 0.79768573 0.03146097
0.44588407 0.20326808 0.52603470 0.02680159
0.64829822 0.64570671 0.07294899 0.03731730
0.79614576 0.19915409 0.56492264 0.03707983
0.11668196 0.15403013 0.67692812 0.03570497
0.78284496 0.06335476 0.20195181 0.02741531
0.25737184 0.15566136 0.92242998 0.03322766
0.42726320 0.31824757 0.06681727 0.02626282
0.26028667 0.90677131 0.55763247 0.02829072
0.22900155 0.90590000 0.63325187 0.03778026
0.08261866 0.93097256 0.34002476 0.03356191
0.77789726 0.92621797 0.71397559 0.02409063
0.42800833 0.63032431 0.59379544 0.02807448
0.72792823 0.65642353 0.11708428 0.02706817
0.74467445 0.26255160 0.09061365 0.03784702
0.86659906 0.49598810 0.83207859 0.02876821
0.06651679 0.42544408 0.07793720 0.03229593
0.48360686 0.56732031 0.26683933 0.02822428
0.40700395 0.50582526 0.23092973 0.03170558
0.72823390 0.34753132 0.62930509 0.02598371
0.85350261 0.83682663 0.44966530 0.03180774
0.61835602 0.62251358 0.67227749 0.02666747
0.74720267 0.60960488 0.58832500 0.03668149
0.36572979 0.53348372 0.06271845 0.03097376
0.55384385 0.08341214 0.77862636 0.03624277
0.07881467 0.46620136 0.91337418 0.02567880
0.10965647 0.84140167 0.78877778 0.02508400
0.47176487 0.43638453 0.41320137 0.03543456
0.22654403 0.73773649 0.92833623 0.02692581
0.27379546 0.76332939 0.69743456 0.02397672
0.54908075 0.57652455 0.69794562 0.02725521
0.41552757 0.32955706 0.26767917 0.03035735
0.49936905 0.39060806 0.77388561 0.03771129
0.72287431 0.14321498 0.37610687 0.03010229
0.05389167 0.26363488 0.65510309 0.02750127
0.31085466 0.29940017 0.06222615 0.03460269
0.93063143 0.67159855 0.29256910 0.02725468
0.14615350 0.77641685 0.30568163 0.03640372
0.69430167 0.74488778 0.31848161 0.03219010
0.31221751 0.94029749 0.77788757 0.03240512
0.86765565 0.29514943 0.36846938 0.02976530
0.38536781 0.40141775 0.56750915 0.02681674
0.21477627 0.17062574 0.66483302 0.02548988
0.73333373 0.68988848 0.55155684 0.02636269
0.11124264 0.78755172 0.92315448 0.03707440
0.84851807 0.31263217 0.76716463 0.02755863
0.42838589 0.49715958 0.56791359 0.03496799
0.65576507 0.29790390 0.14931753 0.02654515
0.63965851 0.90428968 0.72975379 0.02499355
0.06944117 0.35174704 0.94255242 0.02541571
0.24018941 0.92747417 0.11339687 0.02898896
0.84144325 0.57916258 0.46177536 0.02429702
0.41011347 0.48145136 0.31474491 0.03349183
0.44673691 0.05385355 0.60170330 0.02394281
0.69060731 0.19506000 0.79438937 0.02636286
0.83158676 0.17188978 0.49907585 0.03073635
0.92280361 0.65233413 0.22147670 0.03481674
0.31541650 0.23496821 0.76739085 0.02904092
0.21264636 0.40897422 0.48684849 0.02957267
0.69777097 0.56540429 0.12890813 0.02531178
0.29078162 0.06127471 0.26405764 0.03504865
0.62402891 0.12154787 0.27348832 0.03353885
0.70560319 0.20904895 0.32358991 0.03615943
0.73537888 0.88470779 0.34361415 0.02557333
0.33207433 0.11135528 0.45952382 0.03600625
0.51699536 0.53400890 0.31583400 0.02670132
0.90193853 0.83038690 0.72335989 0.03318598
0.17609294 0.25024869 0.23648791 0.02692299
0.64424827 0.52425685 0.10749306 0.03184349
0.91660649 0.67414287 0.38397675 0.02892507
0.29289895 0.12746509 0.52474659 0.03332067
0.15020360 0.48209540 0.41580340 0.03405730
0.75071644 0.39526387 0.81027837 0.03392006
0.08289038 0.58485800 0.55668442 0.02976674
0.84346564 0.84244362 0.80019535 0.02793729
0.10974176 0.37847994 0.36923734 0.02936276
0.84051113 0.90564541 0.34949817 0.03608515
0.72171841 0.18195360 0.14808077 0.02680095
0.81477538 0.91171838 0.92682066 0.02886209
0.42408409 0.70097934 0.85269516 0.02770620
0.53078754 0.63067897 0.84992086 0.03148127
0.79269121 0.68876384 0.41125649 0.02589847
0.83957299 0.06702887 0.79081847 0.03650829
0.55898283 0.62625493 0.74062944 0.02507262
0.26252015 0.72139477 0.20491371 0.03261449
0.55547008 0.09705517 0.92665476 0.03419088
0.30110841 0.72608617 0.34147632 0.02950534
0.11959740 0.57110885 0.70824858 0.02839420
0.18994624 0.74342560 0.44994733 0.02486927
0.64850422 0.82424276 0.23248389 0.03362659
0.55923543 0.42506283 0.11247024 0.03510300
0.55201714 0.39408223 0.46059562 0.02905795
0.15220731 0.91535325 0.67968247 0.03505774
0.09438274 0.13964170 0.23248271 0.02735648
0.34764777 0.44112249 0.70638105 0.03393561
0.18021483 0.38817951 0.25625221 0.02561889
0.26530154 0.31823245 0.31044581 0.03235110
0.37697421 0.44611676 0.09044061 0.02846785
0.50965537 0.06486938 0.45120780 0.02680095
0.15817432 0.36460728 0.65851615 0.02696185
0.20812488 0.56799192 0.47907447 0.02432965
0.64166025 0.74014978 0.25042443 0.03350469
0.09330831 0.46756861 0.63836130 0.02600435
0.80432854 0.20116515 0.84838103 0.02664360
0.70236032 0.78230182 0.06735222 0.03536514
0.35838090 0.70928022 0.92872075 0.02624124
0.46423995 0.76408194 0.30406091 0.02926460
0.74699384 0.60330848 0.05984704 0.02741497
0.49033139 0.32900850 0.64403022 0.03780342
0.70878361 0.90878517 0.07515480 0.03040793
0.88512829 0.92605917 0.88397559 0.03561283
0.84646731 0.18843101 0.37480831 0.02559183
0.38570744 0.57481534 0.17118334 0.02486887
0.16166797 0.29910299 0.09476490 0.02506714
0.47759970 0.89110509 0.44085511 0.02581834
0.36839957 0.93212980 0.37051533 0.03428225
0.81450330 0.58529672 0.08759448 0.03769766
0.42403371 0.57943330 0.41653951 0.03199547
0.33295548 0.79686251 0.81146084 0.03269382
0.38008669 0.06952168 0.54423659 0.02904730
0.08344757 0.93262486 0.64196073 0.02597201
0.11060882 0.09704496 0.77140993 0.02926467
0.53816077 0.10705559 0.53409672 0.02638901
0.72276124 0.35748866 0.47338970 0.03354080
0.62638792 0.14514628 0.54496324 0.03648918
0.23873187 0.17301489 0.51325543 0.03328975
0.84248872 0.08846551 0.24662630 0.03644989
0.90202679 0.48039476 0.77647242 0.03420930
0.77859468 0.73259845 0.90849717 0.02985213
0.73766347 0.87586366 0.77704661 0.02854655
0.89339231 0.31631929 0.44747719 0.03535431
0.36534347 0.67054710 0.87847338 0.02665497
0.30381423 0.53202394 0.53217379 0.02484347
0.89222116 0.21768395 0.48469699 0.02972553
0.33427258 0.26567780 0.37615181 0.03514270
0.55125431 0.64531290 0.41562939 0.03442970
0.15520445 0.70115573 0.92232987 0.02952619
0.75797583 0.53333811 0.92436236 0.03205573
0.07307926 0.45419478 0.23267927 0.02959994
0.41152016 0.11897077 0.47102074 0.03002764
0.54031449 0.84726642 0.70539094 0.02878436
0.53625062 0.33461090 0.15967861 0.02696488
0.51168579 0.05144669 0.68706541 0.02494417
0.91639001 0.64353961 0.49491232 0.03428159
0.74649878 0.13545668 0.50939651 0.03328465
0.80694461 0.78456615 0.35999568 0.02661678
0.37348233 0.15323429 0.83823321 0.02523681
0.27968294 0.42990121 0.64833790 0.02554888
0.36584589 0.94156615 0.59306696 0.02800983
0.93857912 0.49612987 0.39736873 0.03144135
0.60625588 0.42015981 0.65655784 0.03244733
0.33478217 0.52838950 0.47487264 0.03169101
0.85969255 0.32559316 0.89199461 0.03354613
0.56235512 0.53948209 0.87001417 0.03068863
0.73289000 0.08766510 0.92511454 0.03342227
0.08741527 0.21259040 0.92524660 0.02395724
0.31861010 0.06110468 0.93542816 0.02742456
0.60805351 0.57303363 0.54102318 0.02453478
0.80162279 0.37451069 0.08563366 0.02676581
0.27585858 0.80396445 0.09237415 0.03524498
0.33889199 0.80969278 0.52668909 0.03166931
0.30410961 0.07570188 0.11915472 0.03644533
0.90686420 0.73680993 0.92098460 0.03372509
0.66714199 0.53142755 0.22302798 0.02586729
0.89509810 0.55284682 0.66740925 0.02545236
0.39988707 0.10252458 0.65944665 0.03727263
0.08978881 0.32381699 0.27427142 0.02942884
0.46875368 0.93679482 0.91034123 0.03036930
0.25577511 0.64556024 0.42124091 0.02709990
0.23943479 0.55718460 0.33020939 0.03038200
0.15656204 0.88902117 0.26381361 0.02940979
0.66463721 0.35738610 0.63269271 0.03337385
0.35112107 0.56978781 0.82218158 0.03096289
0.93000776 0.89390793 0.73299625 0.03126273
0.53572383 0.77040910 0.30188985 0.03030872
0.90567508 0.19278177 0.40754846 0.03476362
0.80181937 0.12775110 0.81943097 0.02606905
0.07375138 0.85293517 0.29348455 0.03109133
0.50898244 0.74959441 0.22314310 0.03185829
0.23800458 0.65467195 0.78337123 0.03531337
0.56438349 0.49078609 0.35947595 0.02448602
0.07105964 0.34595712 0.47142791 0.02709990
0.67564840 0.33061250 0.55385992 0.02399819
0.21914565 0.27934432 0.56964255 0.03239699
0.65119546 0.80049960 0.91646678 0.02633195
0.62933023 0.88909653 0.61314737 0.03654278
0.65097767 0.94044448 0.20028643 0.03174795
0.46576330 0.58519372 0.64426017 0.03003058
0.46563656 0.50034877 0.86593617 0.03707565
0.24421708 0.33276135 0.90517501 0.02561298
0.82006055 0.46672867 0.47000553 0.03786843
0.07936462 0.24510020 0.09710227 0.02529250
0.89372184 0.46990940 0.07789613 0.02703080
0.71919728 0.90213713 0.16807072 0.02653634
0.43588705 0.53040569 0.67184627 0.02385247
0.64684263 0.49875915 0.46913902 0.03698701
0.57046972 0.91001700 0.67230988 0.02660044
0.89185176 0.40469217 0.70582474 0.02547901
0.21931796 0.80667852 0.92635248 0.03757903
0.41410068 0.14424715 0.18310684 0.03783276
0.07521624 0.40461391 0.82088253 0.03524756
0.27419762 0.75787037 0.53882373 0.03417529
0.33472080 0.36228906 0.80535804 0.03621634
0.21707111 0.57031571 0.06127699 0.03330730
0.48263407 0.38969982 0.91227056 0.02380064
0.43799774 0.71549684 0.19355060 0.02914256
0.71904957 0.58529590 0.28588118 0.02989190
0.48525818 0.82415335 0.76639330 0.02706143
0.94114011 0.07913487 0.40378685 0.02622253
0.91654725 0.18533106 0.87284806 0.03450022
0.67075048 0.10935165 0.61648384 0.03051794
0.62783057 0.64593942 0.54379101 0.03525282
0.36468664 0.16123712 0.30914392 0.02614428
0.46713758 0.63409960 0.40531888 0.02558964
0.57467227 0.52246681 0.64203972 0.03424137
0.46954440 0.15435764 0.08464167 0.03762349
0.38042249 0.25804476 0.59770548 0.03368261
0.49718233 0.46738048 0.29480531 0.02718314
0.13106918 0.36179513 0.52736146 0.03321588
0.38283978 0.62725784 0.20294952 0.03158080
0.59859755 0.60519481 0.81289537 0.03707644
0.05955732 0.67976498 0.76021722 0.03002956
0.53428814 0.12430709 0.30780534 0.02833090
0.51016091 0.63628607 0.60304711 0.02664084
0.21296865 0.49753815 0.06928780 0.02565433
0.94073346 0.09476074 0.77709186 0.03149809
0.08671442 0.11598161 0.83677795 0.02386156
0.93407929 0.31011549 0.15220851 0.03007739
0.58027765 0.77450942 0.94234218 0.02389997
0.41883607 0.70462723 0.58050451 0.02668271
0.16183626 0.73857540 0.06994643 0.02703339
0.17491655 0.68831804 0.11519782 0.02742504
0.54759095 0.15283985 0.46544736 0.03643091
0.43104727 0.69187946 0.67610771 0.02577329
0.60716247 0.52006267 0.72567690 0.02565772
0.39501275 0.73281821 0.34834181 0.02816173
0.09174422 0.17163407 0.47258098 0.02465914
0.69386377 0.47680969 0.26069686 0.02721107
0.69219718 0.10209081 0.06614237 0.02929640
0.36983536 0.88987121 0.62870563 0.02604844
0.41334637 0.85196201 0.92023143 0.03046272
0.38746218 0.68154120 0.28652117 0.02998215
0.54394568 0.58604516 0.30848507 0.02436127
0.82341486 0.60634810 0.62467486 0.02882701
0.26957042 0.55806667 0.63676995 0.03016872
0.41540456 0.36769482 0.17666207 0.03368042
0.15742562 0.44977579 0.70697420 0.02403375
0.24957224 0.07807806 0.79990666 0.02451509
0.88850367 0.20010726 0.08730327 0.02775165
0.48464716 0.39504582 0.34570041 0.02839513
0.07051421 0.82261532 0.17897779 0.02512593
0.13412214 0.09677103 0.49433005 0.03573973
0.90218112 0.07906227 0.59999538 0.03098975
0.79042334 0.66452332 0.15142265 0.02963050
0.19321331 0.15953808 0.25799808 0.02574350
0.83741232 0.67940757 0.79345707 0.03545096
0.75931287 0.87178132 0.08812679 0.02815432
0.87897264 0.89940875 0.65793100 0.03589428
0.72398075 0.40423267 0.30124884 0.02404591
0.27237577 0.94572691 0.42894201 0.02603789
0.75330294 0.47308250 0.83824951 0.03458447
0.37025704 0.37402969 0.68960661 0.02487779
0.59341446 0.06757384 0.31243424 0.03101212
0.91929454 0.10113364 0.66332049 0.02554845
0.82957489 0.16285409 0.20407724 0.02843055
0.46131779 0.57481753 0.33981426 0.02639200
0.79876378 0.32869524 0.82373578 0.02931454
0.71601060 0.82352290 0.36642161 0.03579009
0.91996306 0.45419391 0.70617997 0.02594380
0.69443737 0.30404217 0.43066053 0.03409879
0.75023972 0.08620933 0.82940212 0.03451025
0.12141849 0.51341576 0.80075583 0.02710767
0.19875226 0.42948424 0.80428014 0.02874854
0.11475668 0.31680942 0.82283727 0.02591926
0.24386979 0.36186635 0.63336967 0.02430551
0.15852096 0.64947530 0.25140029 0.03339982
0.21336402 0.17189995 0.38223159 0.02927590
0.41195991 0.05456546 0.41092098 0.02627269
0.41042951 0.26396535 0.79795142 0.02427407
0.50918479 0.44907847 0.17961099 0.03535742
0.40641058 0.21748688 0.89935440 0.02485106
0.90770120 0.55117044 0.54745900 0.02420454
0.62512454 0.50009330 0.77384369 0.02442513
0.55659262 0.41787780 0.54655460 0.02474108
0.12161462 0.42080833 0.58704070 0.02685792
0.83300388 0.37086535 0.67815790 0.03416877
0.21790551 0.33725032 0.42656277 0.02988719
0.89924830 0.20297346 0.56068657 0.02557864
0.54972472 0.19667715 0.79782184 0.02552010
0.17113616 0.35058339 0.34640856 0.03173349
0.71032041 0.58914821 0.71107151 0.03080126
0.50095570 0.24771889 0.14477957 0.02747251
0.13197452 0.07245697 0.32735772 0.02381326
0.42183945 0.93695730 0.52998932 0.03377289
0.71780309 0.77563446 0.52080282 0.02519883
0.60207178 0.46872448 0.90523490 0.02942688
0.43798803 0.26491874 0.43649586 0.02681339
0.64576085 0.16223815 0.46274688 0.02505997
0.63431002 0.41694992 0.09823930 0.03399899
0.10944454 0.76635051 0.81861846 0.02898301
0.75697178 0.25328637 0.48414715 0.02943509
0.58141872 0.55033584 0.34184224 0.02749195
0.61549927 0.37610509 0.45221694 0.02723846
0.49198615 0.26471264 0.58568960 0.03063030
0.79154992 0.22442629 0.94494836 0.02541685
0.54195494 0.12925079 0.10175420 0.03046762
0.36059511 0.17759798 0.50741782 0.03198188
0.91255183 0.73115589 0.22026715 0.03295927
0.79372665 0.44384900 0.06794380 0.03375281
0.23870677 0.23019739 0.07441474 0.03408497
0.23387866 0.84939808 0.58725100 0.03037253
0.27946992 0.21141817 0.71043740 0.03218074
0.06378875 0.32391243 0.16598661 0.02508256
0.50208534 0.55488991 0.92953183 0.02741286
0.92755748 0.89957485 0.28567307 0.03202522
0.38462322 0.08427762 0.77183464 0.03761511
0.34941444 0.53284452 0.28037345 0.03276576
0.31734821 0.32143206 0.63614513 0.02953795
0.64745128 0.81311731 0.31467317 0.03501594
0.48516025 0.84625020 0.91080707 0.02506773
0.73467728 0.24951468 0.67659430 0.02568611
0.09655416 0.22066543 0.55898832 0.03457049
0.13332674 0.67247871 0.78179682 0.02701610
0.76258912 0.44545202 0.68415115 0.02440611
0.76293318 0.80522777 0.22824353 0.03528809
0.65497638 0.66346964 0.78517351 0.03058081
0.33039073 0.65467249 0.08019932 0.02766072
0.52329238 0.71144199 0.50502022 0.02413493
0.14122468 0.55698818 0.43499621 0.02420879
0.94667556 0.53815771 0.06056773 0.02651581
0.05820204 0.93270975 0.09409030 0.02566671
0.46179399 0.09974732 0.31054984 0.02525164
0.21896662 0.14421020 0.11386433 0.02658955
0.67131230 0.29896145 0.87796755 0.03271178
0.62306108 0.87948122 0.92835105 0.02866982
0.32256164 0.61571233 0.73782566 0.03403262
0.55750766 0.83326668 0.77518215 0.02710220
0.52421223 0.15045603 0.66382200 0.03085364
0.20366664 0.06314147 0.45004831 0.03602794
0.17200671 0.77456638 0.69174978 0.02964845
0.09853865 0.76454050 0.49262793 0.03765558
0.67106100 0.31343923 0.49332844 0.02547457
0.44096536 0.48231964 0.13627909 0.03388829
0.68040122 0.16828049 0.24385955 0.03444682
0.80686651 0.73963530 0.52896584 0.02862029
0.88204313 0.55207348 0.07213899 0.02502606
0.50856355 0.43805155 0.91124522 0.02624363
0.15741105 0.45624731 0.85596066 0.02458360
0.30462601 0.19132673 0.33380995 0.02925797
0.46897654 0.10180475 0.92771222 0.02924444
0.33310747 0.72157057 0.83032743 0.02533572
0.31552145 0.05701050 0.36092236 0.02632694
0.08099382 0.08803694 0.38979589 0.03555476
0.18954028 0.48593533 0.23940717 0.03686270
0.30777792 0.88523808 0.60326335 0.03239921
0.18021039 0.07025957 0.83104983 0.02779460
0.56989785 0.79865406 0.57844370 0.03003439
0.68403444 0.58991174 0.80034698 0.03675327
0.90435231 0.56830618 0.13277657 0.02930091
0.90748968 0.77425469 0.43560185 0.02527703
0.90103911 0.89968479 0.43698855 0.02854077
0.53683134 0.51554586 0.18621651 0.03079242
0.37645215 0.24682599 0.08741833 0.02887067
0.69992465 0.07774108 0.55652191 0.02780986
0.40733877 0.83389178 0.26789648 0.03000335
0.92842281 0.57037066 0.77808551 0.02616646
0.30675235 0.80315190 0.91247335 0.02799135
0.85986202 0.91872967 0.81646362 0.03193072
0.11572317 0.58333677 0.93479121 0.03776531
0.54260825 0.17735613 0.56702186 0.02908323
0.57383173 0.87169272 0.52927762 0.03195249
0.54612230 0.49510716 0.57820969 0.02670060
0.25700864 0.26002168 0.49428229 0.03254464
0.91604519 0.77150268 0.56191959 0.03457043
0.22493773 0.61207545 0.52399006 0.02433695
0.40635806 0.27372718 0.94497848 0.02788616
0.32103404 0.68894570 0.50850395 0.02755171
0.75352925 0.11615367 0.75779662 0.02698352
0.25755690 0.30670710 0.65090622 0.02517298
0.33869179 0.17160081 0.08224221 0.02514529
0.78041636 0.83856037 0.63515399 0.02936569
0.92967199 0.55837052 0.30641453 0.02443361
0.17757537 0.93802291 0.83053617 0.02847822
0.26790267 0.50081628 0.47039257 0.02647343
0.09537515 0.81583122 0.73619451 0.02753116
0.66439888 0.33404159 0.24670853 0.03082839
0.57829352 0.60456507 0.10014925 0.03379314
0.11787241 0.48859338 0.06979667 0.03019603
0.71508506 0.74527617 0.14982235 0.02544967
0.92490075 0.38335377 0.09219023 0.03477976
0.83157114 0.91368172 0.58009392 0.03306391
0.54299021 0.31987490 0.49235248 0.03771688
0.76968387 0.12801351 0.43255569 0.03265893
0.07199663 0.71387666 0.43005586 0.03313667
0.81466192 0.45264740 0.26591385 0.03147662
0.53226195 0.44538762 0.83710138 0.02458862
0.22670310 0.82727284 0.78625622 0.03337317
0.60879093 0.08005481 0.06912631 0.02445236
0.38134244 0.39368169 0.74003697 0.02482173
0.15048090 0.27392100 0.53374218 0.02744086
0.12002110 0.50752792 0.49970026 0.03716561
0.78543355 0.37662801 0.34432105 0.02853450
0.28904460 0.58803323 0.82081401 0.02633582
0.82271840 0.66014703 0.22404184 0.02998107
0.89261286 0.50659674 0.91330072 0.03207304
0.27781783 0.45394818 0.16720195 0.02893911
0.19665601 0.64114193 0.31878920 0.03449490
0.73521120 0.83416893 0.49930592 0.02756526
0.46225489 0.73683576 0.82737568 0.02473932
0.07267776 0.68822701 0.07824464 0.02461593
0.89956122 0.14185302 0.57405947 0.02450506
0.06621128 0.18559908 0.64625168 0.02650259
0.87209615 0.28795899 0.52369444 0.02739895
0.64847750 0.24229211 0.67651854 0.03166849
0.47497317 0.86463819 0.21072815 0.03342798
0.23421967 0.50897065 0.55823802 0.03306313
0.81022953 0.59519555 0.51813325 0.02930734
0.12933929 0.90588033 0.50122444 0.03165808
0.85952847 0.87836226 0.07845538 0.02835778
0.29078491 0.46584507 0.35112753 0.03228982
0.92159981 0.36235851 0.21779471 0.02376953
0.87727393 0.79940598 0.67096864 0.02765594
0.83127995 0.75611020 0.88351262 0.02786661
0.77375997 0.40396421 0.27361092 0.02398701
0.77920334 0.70451526 0.09369155 0.03516500
0.68673211 0.66622539 0.29918944 0.02415865
0.91126154 0.14480697 0.05989570 0.02532992
0.37915889 0.35919468 0.45572276 0.03568726
0.18993600 0.30701415 0.19336477 0.02423431
0.13690135 0.88938858 0.40753583 0.03249994
0.38644962 0.07508301 0.91680325 0.03087431
0.22008350 0.62999255 0.62386665 0.03443306
0.44070950 0.33607000 0.42091215 0.03212301
0.45110962 0.34144699 0.70781841 0.02593526
0.83298018 0.82373554 0.71223241 0.02924436
0.21768640 0.12887510 0.59675420 0.02476992
0.42692949 0.92996435 0.26318457 0.03321862
0.71525591 0.06209876 0.67522632 0.03523899
0.16014804 0.30035221 0.65687788 0.02409227
0.74538371 0.62434737 0.23020359 0.02885052
0.93659907 0.83396286 0.36804166 0.03606069
0.05441057 0.24505494 0.36894522 0.02731414
0.61472945 0.89105165 0.86750359 0.02670140
0.25069940 0.91946551 0.35420741 0.03094243
0.06004980 0.54113317 0.88164566 0.03237707
0.37081971 0.74205031 0.06942020 0.03450739
0.17962296 0.09801232 0.27071268 0.02586734
0.46330984 0.61982144 0.05471106 0.02894545
0.71296414 0.16759846 0.67824681 0.03051940
0.14573201 0.45867485 0.17394666 0.03432893
0.35932233 0.34230441 0.31134016 0.03102946
0.67363205 0.37499948 0.91649116 0.02831472
0.70365226 0.94924359 0.58837342 0.02465009
0.83495248 0.80930229 0.92350741 0.02407801
0.50358519 0.32326831 0.73608599 0.03124013
0.05481602 0.80275943 0.85924769 0.02874676
0.27688950 0.60073883 0.55984678 0.02815348
0.09166929 0.90691993 0.71311015 0.02958145
0.73516880 0.62085533 0.39419138 0.02488142
0.90672803 0.29245297 0.82598243 0.03354120
0.45073607 0.73631930 0.49070315 0.03195032
0.91607609 0.67299846 0.80426784 0.02794286
0.76988016 0.60487606 0.46543109 0.03107361
0.75894184 0.78388758 0.94506169 0.02809265
0.36110732 0.82796420 0.07917946 0.03197572
0.47124207 0.73158577 0.76645337 0.02381924
0.20750960 0.15060402 0.32578567 0.02637836
0.51491817 0.08563778 0.05473949 0.02452970
0.07568575 0.89144538 0.14999408 0.03037339
0.59033327 0.64213440 0.92675213 0.02956809
0.28124361 0.69980836 0.59586681 0.03262568
0.70631997 0.36763459 0.07933668 0.02576774
0.06825395 0.44782177 0.71556157 0.02593004
0.79306655 0.77977333 0.47972947 0.02717673
0.70792634 0.46470881 0.11021183 0.02558506
0.57236982 0.16718538 0.28721657 0.02436251
0.78362681 0.08586794 0.35552271 0.02996955
0.88820163 0.11817908 0.16538809 0.03534032
0.89992578 0.26789951 0.91526866 0.02459109
0.52563811 0.69141947 0.94119679 0.02520270
0.70198598 0.77797837 0.83920927 0.03214452
0.37540897 0.06652971 0.35138753 0.02681047
0.62757409 0.41411499 0.55585274 0.02581859
0.92696148 0.83668034 0.93304212 0.03636032
0.20655827 0.29486214 0.47511540 0.02405635
0.69917145 0.89908338 0.67509279 0.03324189
0.49813701 0.30473256 0.08367783 0.03388464
0.35816652 0.31243557 0.54647605 0.02386997
0.61377538 0.77651934 0.41889235 0.02816102
0.71454569 0.12483613 0.13629002 0.02497083
0.65567657 0.42026476 0.43953391 0.02482394
0.79352237 0.29292697 0.69665848 0.03447515
0.33922628 0.65030105 0.67461203 0.03391673
0.75843059 0.93073974 0.40604235 0.02823014
0.21064944 0.87588628 0.19465783 0.03684749
0.94461114 0.80766320 0.66183177 0.02568220
0.93578161 0.33589470 0.32783739 0.02875526
0.56970281 0.32130676 0.22499889 0.03623033
0.88840935 0.39641923 0.60252451 0.03596210
0.41089042 0.46255625 0.73810431 0.02841898
0.06711081 0.39487994 0.61470850 0.03012508
0.47056397 0.79291902 0.87895040 0.02851965
0.85326636 0.63908973 0.88907909 0.02865857
0.35993838 0.22531892 0.65037669 0.02641450
0.24038649 0.06735751 0.20593089 0.02428355
0.77352765 0.90161111 0.62180419 0.02874301
0.92674034 0.92959557 0.59095328 0.03103393
0.35275364 0.86043048 0.68845548 0.02562068
0.91724857 0.40068919 0.47491446 0.02483913
0.19258740 0.35436130 0.78590872 0.02968075
0.80542788 0.29880155 0.55812888 0.03716127
0.90039861 0.89418388 0.51958393 0.03130845
0.61282617 0.36858104 0.83884440 0.02564987
0.88388923 0.70341496 0.60299191 0.03198577
0.77241759 0.59079148 0.66065310 0.02921819
0.50422569 0.08956166 0.24560599 0.02935694
0.42284952 0.65616131 0.35946676 0.03264517
0.81317240 0.90201594 0.47927636 0.02703969
0.49532071 0.59734760 0.12176748 0.03439804
0.18153486 0.48582052 0.32151650 0.03419895
0.51861609 0.57858580 0.36892893 0.03087042
0.50697871 0.49440779 0.66389730 0.02568278
0.93795745 0.20073829 0.94425447 0.02890396
0.84797675 0.87880393 0.18194558 0.02931558
0.83566600 0.35220031 0.41287195 0.03141678
0.25630609 0.37889232 0.27139211 0.02522282
0.74220702 0.60399515 0.93056498 0.02680097
0.74611417 0.26911470 0.81745323 0.02819932
0.58919144 0.84399857 0.11502722 0.02424288
0.77287084 0.52086223 0.69418444 0.02873991
0.07477851 0.62811754 0.44248930 0.02862742
0.68062146 0.94521468 0.42787465 0.02782403
0.76397273 0.63239935 0.31045431 0.02698046
0.91637597 0.16149089 0.73723179 0.03561690
0.92686417 0.67132627 0.87005295 0.02763120
0.70310807 0.23410866 0.92086843 0.03279503
0.69149174 0.87868888 0.81612242 0.02632719
0.12530980 0.22418171 0.62918586 0.03634281
0.73897406 0.31756843 0.53876424 0.02945179
0.76530967 0.38221679 0.71822838 0.02840905
0.64494928 0.81818946 0.82017490 0.02469388
0.09800403 0.50631897 0.12451471 0.02449195
0.47577367 0.56815333 0.83360802 0.02468672
0.61014263 0.49452998 0.53509530 0.02691088
0.84946429 0.39259582 0.12446728 0.02446383
0.19814943 0.22009715 0.29519053 0.03594934
0.66883487 0.41132005 0.78575963 0.02697837
0.25411362 0.81470353 0.34006290 0.02733736
0.29045568 0.22562992 0.89665449 0.03417473
0.78264135 0.29564633 0.20134325 0.02914626
0.79819183 0.49834141 0.89218147 0.02410588
0.79551125 0.68597931 0.31755848 0.02788336
0.27917315 0.94838841 0.87121581 0.02403138
0.56989213 0.19568396 0.15555589 0.03174939
0.30676159 0.29507094 0.19051616 0.02747053
0.12521482 0.27658826 0.14697706 0.02710967
0.19404875 0.07142200 0.53235384 0.03076888
0.20266476 0.37645719 0.13886380 0.02628093
0.87022691 0.57881521 0.40847607 0.02555538
0.07169376 0.84386192 0.23021992 0.02401255
0.13821636 0.12162283 0.57249408 0.02812630
0.34707729 0.46811761 0.14898583 0.02638308
0.77659692 0.12044643 0.66140416 0.03567581
0.14925871 0.16669138 0.07671106 0.02883323
0.45385727 0.70962474 0.27894749 0.02451144
0.16927388 0.57162120 0.79703188 0.03141032
0.39552645 0.81251541 0.85032183 0.03121234
0.88189185 0.74290956 0.66249976 0.02447316
0.86508195 0.21655538 0.17615441 0.03346935
0.58998991 0.12550589 0.71985365 0.03200431
0.92145672 0.75889758 0.15828450 0.03034376
0.42185771 0.21852149 0.38751158 0.03453211
0.80860856 0.74925020 0.78365966 0.02450666
0.05805959 0.07197097 0.07739243 0.03055363
0.23712362 0.15260695 0.19547408 0.02825500
0.94247206 0.43016009 0.81227006 0.02540318
0.54793814 0.89020331 0.42433140 0.02646714
0.07626188 0.40441515 0.89309379 0.02816858
0.20958182 0.39688050 0.87617425 0.02450904
0.48046906 0.22786667 0.27867627 0.03783818
0.46449614 0.79283249 0.06142063 0.02692157
0.20829799 0.09493585 0.94200514 0.02592780
0.41079096 0.18848439 0.59051861 0.02461388
0.60480855 0.46610553 0.19776283 0.02427022
0.27424317 0.38722526 0.43935987 0.03088530
0.07611860 0.75195783 0.07452766 0.02741022
0.53458589 0.82671396 0.26882508 0.02687132
0.66035832 0.70513086 0.49110785 0.02475029
0.05576573 0.21785519 0.14578057 0.02438874
0.06422657 0.64385908 0.83853509 0.03061398
0.94393203 0.94902625 0.42721600 0.02412976
0.31351704 0.24831702 0.14591249 0.03018458
0.44284317 0.62873387 0.48893445 0.02847450
0.23439537 0.41639324 0.08320181 0.03371297
0.42786216 0.55248925 0.48172514 0.02412724
0.11245309 0.75949500 0.60160834 0.03083436
0.88915033 0.45668188 0.15225645 0.02504207
0.57681996 0.73904798 0.61610248 0.03514122
0.47786551 0.81040685 0.24450855 0.02400924
0.18926132 0.73336581 0.20353309 0.02404083
0.37990141 0.61459651 0.76731339 0.02444857
0.54920974 0.75810102 0.44804280 0.03487373
0.66363139 0.88768520 0.37925982 0.02748365
0.79800511 0.60399533 0.40697298 0.02710062
0.32506690 0.11115856 0.72857165 0.02377998
0.23735892 0.24098742 0.65789013 0.02845598
0.21491312 0.27160457 0.33623590 0.02629167
0.56227338 0.38420445 0.71402406 0.03175265
0.89099169 0.10885155 0.83704015 0.02820538
0.30678253 0.23650794 0.28675519 0.02733634
0.48635285 0.41062677 0.06987899 0.03374494
0.38931933 0.86211357 0.56850273 0.03741724
0.57840858 0.76182423 0.20667706 0.02605709
0.83424138 0.64899513 0.68410314 0.03105856
0.05423863 0.05677633 0.67054428 0.02604978
0.67636788 0.41334651 0.36023603 0.03038525
0.63409272 0.44603508 0.31290281 0.03585465
0.35038530 0.21576145 0.21913300 0.03203914
0.16538631 0.79385090 0.39229856 0.02730707
0.53837725 0.05578514 0.11260166 0.02610282
0.13499611 0.06310501 0.43033881 0.02832006
0.35042346 0.18853127 0.89987087 0.02912579
0.25694258 0.38431037 0.77628176 0.02553620
0.10650778 0.41364399 0.12321056 0.02438374
0.13155107 0.81959036 0.16914069 0.02555447
0.47664105 0.13115985 0.47793097 0.02800012
0.74612961 0.81411611 0.14483339 0.03724094
0.68631318 0.40325606 0.26165244 0.02578322
0.13081534 0.17710536 0.93896737 0.02793628
0.38939434 0.24950585 0.31850869 0.02766843
0.77980807 0.23272641 0.18724735 0.02991980
0.15281050 0.88983257 0.34239764 0.02664273
0.43307418 0.52731111 0.80843537 0.02924746
0.23862649 0.39014422 0.20529308 0.02887634
0.72666866 0.71198118 0.80797805 0.02858405
0.35673682 0.74956291 0.61069329 0.03317539
0.66974464 0.28918027 0.08585929 0.02739481
0.32574684 0.92205893 0.47893604 0.03520559
0.44044615 0.21610669 0.13434979 0.03429260
0.51528109 0.25462482 0.71032099 0.02748389
0.52676327 0.52100962 0.71974349 0.02423930
0.15202508 0.05793973 0.22013253 0.02967503
0.77924659 0.92387379 0.19471522 0.03525312
0.46694370 0.21774370 0.81269500 0.02760195
0.53971599 0.21165541 0.06854936 0.03647672
0.93625287 0.93332156 0.12482896 0.03544355
0.75624596 0.32795441 0.39701659 0.03546314
0.54234008 0.53647800 0.50783913 0.03029573
0.76368365 0.45727232 0.54478851 0.03170685
0.64401098 0.10735328 0.34852615 0.03114664
0.71646150 0.14647540 0.30170694 0.02558219
0.05242855 0.40478387 0.52984609 0.02645377
0.81515161 0.51761112 0.42239418 0.02423150
0.20373271 0.47768517 0.66945080 0.03126499
0.42230247 0.45873737 0.93659204 0.02384785
0.30436103 0.52225808 0.74787577 0.02603379
0.26637244 0.43578360 0.70369340 0.02554585
0.11942507 0.66454127 0.18342553 0.03535809
0.79337157 0.05185719 0.06372836 0.02479039
0.35605132 0.74058887 0.39394569 0.02404755
0.74572946 0.38809129 0.14532595 0.02654034
0.62359407 0.61557647 0.16088188 0.03565604
0.86820904 0.39488557 0.18939679 0.02463135
0.83696823 0.94440149 0.70000613 0.02662500
0.91979640 0.09202470 0.08902247 0.02860358
0.05860199 0.47286875 0.54742404 0.02786699
0.07042667 0.91682244 0.43731395 0.02709013
0.49199213 0.32995875 0.92299413 0.02625882
0.30853060 0.42706721 0.52067220 0.03782467
0.80200432 0.19151601 0.41825371 0.03114881
0.11705265 0.91618070 0.92166418 0.02452969
0.84361792 0.77846428 0.60069511 0.03543624
0.34749741 0.90232048 0.93772621 0.02699699
0.10478647 0.06379407 0.61789499 0.02448028
0.49100371 0.36478317 0.18562524 0.02667447
0.60360989 0.81691528 0.69684334 0.03481047
0.43463101 0.54746036 0.93808540 0.03428106
0.93392233 0.82253919 0.25759561 0.03185393
0.38236488 0.10593306 0.29160428 0.02425371
0.83877747 0.44438370 0.35195701 0.03468557
0.27349882 0.06722310 0.61876478 0.02850751
0.11884475 0.69839233 0.36111025 0.02855157
0.32332694 0.68168764 0.18676730 0.02939022
0.67320951 0.87959424 0.20466677 0.02481535
0.88034591 0.39000325 0.80532299 0.03001346
0.79720694 0.55860084 0.86256942 0.03138962
0.37517432 0.79467875 0.16268812 0.02908263
0.32902219 0.10078043 0.05388976 0.02713031
0.51198273 0.22206652 0.86338759 0.02537863
0.33710917 0.21818882 0.56283869 0.02827641
0.07921796 0.25521905 0.29608899 0.03105078
0.88924009 0.08396910 0.73191742 0.03308058
0.74276721 0.33392403 0.32861716 0.02560916
0.10716874 0.17975632 0.16972757 0.02747275
0.74921480 0.45665811 0.61810604 0.02415089
0.40163754 0.76633776 0.44969513 0.02561997
0.94193587 0.27812588 0.07360603 0.02746528
0.17929832 0.91575004 0.56757207 0.02700688
0.42890344 0.67173935 0.78932054 0.02815200
0.06266442 0.38281847 0.73025370 0.03168407
0.35725800 0.94042420 0.83630769 0.02506871
0.71749225 0.37008134 0.22042636 0.02429436
0.28331579 0.59350068 0.46007930 0.02387717
0.59349775 0.46035983 0.83632099 0.02898762
0.48998667 0.18129400 0.21677362 0.02623941
0.60421404 0.06766556 0.18781675 0.02651552
0.67786336 0.92709944 0.30599456 0.02492105
0.60208321 0.52023123 0.24649458 0.03112959
0.10935303 0.13012376 0.33212926 0.02566096
0.58072404 0.39642076 0.18627359 0.03283055
0.27331606 0.18611306 0.58620734 0.02470061
0.12084050 0.61743813 0.86769313 0.03091763
0.31960184 0.38750860 0.59246190 0.03707258
0.40142889 0.39205495 0.89465262 0.03368892
0.88007373 0.26722588 0.66037353 0.03422689
0.20134040 0.06230641 0.07503542 0.02572968
0.05854265 0.14427286 0.75267815 0.02963206
0.65897031 0.56433757 0.73918623 0.02704394
0.64346704 0.71006054 0.30691711 0.02444788
0.31990957 0.93631190 0.67725339 0.02429680
0.92022601 0.29866098 0.22620361 0.02854296
0.07975811 0.18246061 0.39949042 0.03265075
0.32779724 0.61156898 0.16049452 0.03411983
0.45245637 0.63913747 0.73042854 0.02901197
0.28537593 0.79631442 0.75521642 0.02872025
0.07353844 0.86046169 0.35808314 0.02901761
0.93235702 0.50647402 0.15426701 0.03301376
0.20747065 0.05551472 0.75584425 0.02882029
0.31317831 0.93439627 0.16644950 0.03014184
0.83663690 0.26997371 0.20182933 0.02497657
0.20399952 0.22510997 0.72350454 0.02731410
0.23911008 0.54453490 0.14454223 0.03162915
0.61245925 0.36225265 0.14422012 0.02469890
0.76972877 0.65376746 0.67183114 0.02805174
0.18187849 0.60770314 0.73742328 0.02903677
0.92555531 0.54142973 0.62262315 0.02510552
0.94159908 0.75276546 0.85813648 0.02759098
0.32420223 0.92863446 0.06620428 0.03502663
0.38521711 0.66887439 0.62399584 0.02903140
0.90714963 0.71274663 0.04984172 0.02396215
0.65266497 0.64183936 0.87440760 0.02911063
0.72699385 0.46790349 0.32407064 0.02410202
0.46773242 0.86937576 0.60394786 0.03314766
0.80998036 0.12673057 0.94248617 0.02637352
0.22686611 0.36968069 0.83210689 0.02434004
0.33312986 0.87712816 0.21449077 0.02598750
0.22085460 0.16484889 0.44712432 0.02500827
0.75309675 0.53618119 0.62009470 0.03232607
0.91545308 0.64008479 0.94498234 0.02567430
0.94380694 0.30107657 0.49977624 0.02571494
0.25235222 0.71994092 0.80726988 0.02539463
0.94761829 0.87936651 0.83476802 0.02438443
0.14863175 0.70171707 0.43738456 0.02595702
0.72980056 0.46950331 0.91538313 0.02950532
0.69388354 0.63150087 0.49521881 0.02965345
0.59142351 0.08351306 0.50349817 0.03295411
0.28135077 0.07022064 0.46688644 0.02413479
0.92646039 0.42031778 0.54882686 0.02426690
0.30840478 0.49743929 0.25066825 0.02381756
0.92060094 0.71501366 0.46577346 0.03503936
0.19316690 0.93087880 0.93807647 0.03546602
0.89166852 0.10330906 0.46673851 0.02449744
0.16709627 0.46200196 0.55013574 0.02818967
0.20870685 0.76773799 0.86596077 0.02804190
0.86262500 0.50810418 0.69682804 0.02503027
0.21005769 0.40390658 0.71779108 0.03144775
0.05260081 0.53018004 0.56356480 0.02680374
0.65935128 0.81664524 0.64155872 0.02578610
0.62361492 0.13243976 0.79980231 0.02794993
0.67951099 0.90419093 0.48437033 0.02791774
0.63044072 0.42131415 0.94621869 0.02459394
0.84204842 0.25150262 0.42304172 0.02470881
0.75632575 0.05668101 0.46116182 0.02818348
0.48603809 0.05910781 0.85356105 0.02880010
0.93994567 0.47253568 0.46294882 0.03249925
0.47576823 0.70182939 0.40186547 0.02943862
0.33828207 0.52774305 0.17825626 0.02652020
0.18015762 0.82777844 0.05918058 0.02788188
0.42859678 0.43337155 0.19954057 0.02739601
0.79611694 0.51214629 0.33815912 0.02413525
0.26899449 0.87770015 0.15770724 0.02493117
0.16922080 0.52405621 0.72918026 0.03392434
0.78296621 0.06939387 0.54539909 0.02749703
0.25493050 0.47054127 0.93693599 0.02527745
0.81589171 0.36265823 0.49619261 0.02682468
0.83105689 0.72858973 0.23342394 0.03084232
0.55659017 0.25925545 0.26601812 0.02520947
0.40975142 0.25581678 0.73366371 0.03286365
0.78109030 0.84730284 0.92860880 0.02421367
0.77877952 0.06372457 0.61651183 0.02856024
0.92695841 0.23852282 0.61732879 0.02474441
0.61740101 0.30615747 0.92558470 0.02394320
0.70390673 0.80111928 0.28117809 0.02399073
0.50935463 0.82600534 0.44958039 0.03439623
0.57750095 0.24033586 0.36446229 0.03398663
0.52318918 0.89184219 0.27882376 0.03289787
0.59692822 0.34752362 0.29217632 0.03400676
0.89368163 0.64436484 0.09589249 0.03435865
0.69133876 0.56051587 0.06896351 0.02882087
0.10563765 0.06192006 0.86380745 0.02395842
0.54381487 0.88847506 0.90560592 0.03424384
0.68806120 0.13327916 0.94633436 0.02572162
0.93385619 0.44634676 0.24492469 0.03530344
0.94470823 0.62978677 0.76016880 0.02869415
0.67311909 0.83773883 0.46449394 0.02381200
0.36124624 0.76348583 0.89572395 0.02466047
0.94505976 0.38534123 0.27487137 0.02819611
0.93385193 0.29301163 0.71220170 0.02515218
0.61245614 0.17856246 0.39570502 0.02440656
0.57502155 0.29086411 0.76495802 0.02588313
0.57991424 0.44716667 0.71781120 0.02766195
0.80554022 0.42629773 0.79959964 0.02403877
0.93217719 0.73177847 0.76183900 0.02724588
0.07003616 0.52083173 0.67717245 0.03413842
0.07364632 0.28758346 0.87200898 0.02751656
0.08697491 0.18622689 0.05626123 0.02521914
0.33802526 0.65277454 0.37575156 0.02664544
0.29841716 0.44334880 0.06920694 0.02541497
0.28954388 0.85673096 0.51338447 0.03016869
0.17309672 0.16369181 0.61834098 0.02694505
0.77872695 0.80604182 0.75926370 0.03166935
0.26640768 0.81364706 0.18983757 0.02501617
0.81114435 0.29435786 0.94462983 0.02388902
0.61458455 0.23807080 0.80727034 0.03205844
0.57626315 0.85462011 0.05333142 0.02519550
0.66346008 0.27598154 0.53744662 0.02785491
0.57927833 0.40182626 0.88434803 0.03469498
0.35831759 0.19618149 0.15199441 0.03250299
0.06207339 0.06133662 0.94125688 0.02659815
0.07944535 0.61862405 0.07053014 0.03003070
0.12609798 0.67208324 0.71385963 0.03217466
0.34699587 0.81777859 0.30886564 0.03295334
0.64138309 0.56660624 0.44998183 0.02644955
0.93728113 0.07269553 0.32287284 0.03302519
0.37229545 0.76496300 0.26038575 0.02511451
0.93232980 0.36126756 0.39205755 0.03017235
0.77476236 0.33471163 0.12686852 0.02447894
0.06691223 0.14440941 0.57549614 0.02788689
0.29783656 0.89682924 0.90396895 0.02377259
0.54751661 0.16457390 0.92978312 0.02588858
0.31385606 0.55393853 0.36644843 0.02836804
0.39054525 0.49187541 0.65314068 0.02619375
0.74894587 0.07887952 0.10918494 0.02560455
0.27303921 0.05568102 0.52494805 0.02445421
0.40516522 0.08208894 0.06672736 0.03347135
0.50152989 0.79327111 0.51957500 0.03174362
0.32669272 0.49181975 0.40831924 0.02501366
0.15270651 0.80594667 0.62146870 0.02439262
0.20647767 0.67891562 0.19338652 0.02876453
0.06751535 0.22394064 0.70291140 0.02876453
0.63124586 0.61732969 0.27600089 0.02903650
0.85429517 0.63215542 0.37009502 0.02409361
0.37557770 0.81604997 0.94941082 0.02390527
0.46812720 0.92475539 0.05417215 0.02717008
0.94716309 0.11841433 0.54246466 0.02674621
0.15677600 0.17877839 0.73796154 0.02729227
0.94340337 0.73165803 0.63103755 0.02840789
0.28620124 0.16874120 0.79520294 0.03256393
0.09402687 0.60203427 0.62636358 0.03799516
0.68559739 0.57250530 0.56402391 0.03406908
0.48265205 0.05833585 0.53937396 0.02667791
0.69326349 0.22752184 0.73985064 0.02829297
0.78040820 0.92834758 0.12151509 0.03211221
0.05849412 0.80045002 0.44248895 0.02586243
0.68147928 0.07353410 0.85611185 0.02411724
0.51841723 0.15088682 0.38826616 0.03591029
0.45940634 0.76679063 0.72315276 0.02552848
0.06182061 0.61584458 0.73253558 0.02660965
0.73853920 0.48675406 0.06659846 0.02538804
0.06351617 0.28362753 0.93855548 0.02814147
0.23251514 0.33380272 0.10546432 0.02722182
0.41221850 0.88692708 0.14183814 0.02711758
0.82130563 0.07243561 0.15064398 0.03046137
0.49586123 0.53831138 0.59652573 0.03133207
0.94531286 0.82110088 0.77760829 0.02874832
0.46698617 0.22505706 0.68392058 0.02390222
0.57958164 0.60096390 0.47220611 0.02904746
0.88331282 0.43633086 0.44232674 0.02891094
0.52698215 0.84615524 0.85440283 0.02738414
0.80282021 0.45336969 0.59329935 0.02566644
0.47810405 0.09664458 0.64452319 0.03207486
0.92539691 0.43350363 0.39061015 0.02808027
0.11559177 0.70481969 0.85853827 0.03001255
0.05501316 0.09513013 0.62218565 0.02858521
0.63002307 0.07732869 0.69217245 0.02504924
0.07654473 0.22865253 0.20561921 0.02384414
0.85065172 0.37428725 0.24828450 0.03426030
0.22042239 0.74130630 0.72832977 0.02580397
0.32396814 0.38274115 0.07669630 0.03528967
0.35987535 0.35293918 0.38441504 0.02548448
0.63955443 0.05936258 0.78668180 0.02827141
0.93671547 0.49286146 0.84253913 0.03152908
0.47647637 0.36404400 0.51341955 0.02518306
0.86220805 0.52313534 0.58288194 0.02442411
0.55540642 0.69969403 0.21246241 0.02404347
0.64602843 0.76747132 0.86648976 0.02393596
0.45335136 0.06524021 0.11679798 0.02465706
0.42792833 0.16257112 0.26935938 0.02785399
0.56356981 0.70008638 0.86960102 0.02442665
0.66603868 0.64863680 0.36064783 0.02411574
0.39128251 0.57016172 0.11134623 0.03024852
0.16678485 0.06196754 0.37076480 0.02738488
0.20960733 0.23210200 0.93010366 0.03163334
0.73260845 0.67578930 0.62891193 0.02456557
0.75713766 0.16930222 0.89321104 0.02796834
0.40836759 0.79721763 0.78208853 0.02792709
0.24221827 0.19758870 0.85249591 0.02653823
0.62641970 0.72189533 0.07118471 0.02472223
0.49154749 0.94373540 0.52170676 0.02814478
0.45824316 0.13236419 0.54814143 0.02504232
0.11229060 0.64052143 0.54840050 0.02649780
0.13293275 0.73112008 0.23651521 0.02753723
0.55863986 0.58133031 0.93590479 0.02487760
0.28919092 0.87555268 0.67102998 0.02959158
0.60740674 0.83692239 0.37503506 0.02971032
0.83738496 0.25000137 0.88244047 0.03575928
0.41793829 0.55775676 0.86793733 0.02599130
0.36592390 0.84869261 0.47869256 0.02820483
0.37907182 0.34171913 0.61020241 0.02885903
0.39989078 0.26264499 0.50840842 0.03504921
0.47373056 0.86118734 0.14736320 0.02525021
0.86430614 0.62177921 0.15941460 0.02408771
0.20365658 0.24751361 0.40751133 0.02667403
0.69332631 0.87538769 0.92426377 0.02625862
0.22273491 0.91640649 0.28358045 0.02526331
0.46566339 0.83894834 0.71063828 0.02410785
0.82119734 0.25661802 0.79054280 0.02942841
0.28768020 0.80549800 0.44179230 0.02482967
0.09911216 0.54349930 0.28853690 0.02409673
0.92495313 0.26149581 0.55452673 0.02850751
0.24366033 0.63836309 0.89526630 0.02506896
0.61571321 0.58111643 0.21749089 0.02402355
0.44207840 0.41750142 0.27727931 0.02537894
0.94356707 0.57022947 0.22026731 0.02631343
0.29443215 0.31657320 0.45576997 0.02759686
0.80994125 0.94526292 0.25456387 0.02669756
0.32055567 0.31366607 0.72718447 0.03267306
0.57689779 0.06282153 0.38198343 0.02757712
0.49130963 0.36251478 0.84875349 0.03093302
0.55364448 0.75273011 0.76684660 0.02870148
0.12396845 0.86245402 0.57649406 0.02394542
0.65436342 0.05898613 0.40179886 0.02751055
0.83417404 0.94288776 0.15949036 0.02506637
0.53495530 0.73752568 0.90274129 0.02437125
0.85566609 0.06125792 0.05933364 0.03191440
0.69534894 0.94502410 0.82913270 0.02613716
0.16485943 0.45504431 0.48329812 0.02824137
0.15921795 0.56483702 0.55012063 0.02472793
0.24080460 0.08417660 0.88814394 0.03051864
0.06657690 0.36176888 0.09773864 0.02789391
0.48831048 0.68109127 0.89596608 0.02842794
0.77829152 0.68849084 0.60058375 0.02589240
0.65451529 0.53024479 0.91926292 0.02375435
0.15207172 0.84020947 0.70190776 0.03044170
0.62402587 0.05682838 0.56027135 0.03101190
0.52880860 0.14329587 0.86505205 0.03533130
0.15521356 0.32269084 0.58825144 0.02418681
0.83522107 0.89997147 0.74957705 0.03189467
0.21857094 0.63893840 0.14537738 0.02917248
0.57906277 0.72905219 0.69753137 0.02444598
0.16414459 0.37458846 0.83600036 0.02468634
0.26323094 0.49477297 0.21660750 0.02739945
0.09459332 0.44891423 0.42948685 0.02723673
0.31540920 0.35588234 0.23223459 0.03030514
0.85856003 0.71878439 0.09393055 0.02376205
0.87405926 0.52107044 0.37246087 0.03279305
0.28159963 0.71802560 0.05932361 0.02729459
0.30182645 0.66821896 0.94011748 0.02986727
0.27915006 0.28433884 0.87205132 0.02468205
0.08041309 0.55981855 0.39831700 0.02842292
0.42360396 0.53436343 0.17421597 0.02482982
0.74851935 0.15165251 0.08465616 0.02745295
0.12368781 0.37556072 0.22017914 0.03442833
0.05716734 0.86469499 0.46960176 0.02385633
0.10070149 0.67742789 0.49109557 0.03304120
0.13154714 0.60196514 0.29909859 0.02749398
0.38353246 0.92187325 0.69885410 0.02378335
0.46120393 0.39841572 0.67826842 0.02472408
0.39173986 0.49124548 0.42584624 0.02456574
0.48121104 0.55453025 0.17748136 0.02909908
0.51304489 0.67694968 0.13320266 0.02885011
0.33591641 0.42658202 0.90559766 0.02989998
0.48467560 0.32535970 0.37366023 0.02695341
0.06600376 0.31419483 0.41209330 0.03089760
0.21711588 0.69145152 0.25303791 0.02703480
0.72444279 0.83847777 0.66066089 0.02502537
0.68589458 0.22189724 0.11224402 0.02701004
0.56960339 0.19981017 0.70592510 0.03114838
0.14166291 0.92810965 0.06719868 0.03685409
0.44905117 0.64474203 0.94052582 0.02898674
0.48485138 0.15736963 0.81349825 0.02484993
0.09282488 0.23512550 0.84177312 0.03081658
0.56872150 0.36142406 0.08293804 0.02851711
0.45289556 0.30454745 0.77584927 0.02562201
0.71729204 0.66493324 0.87273703 0.02442202
0.50513017 0.69738500 0.82097541 0.02898102
0.46404638 0.09491044 0.70529987 0.02510267
0.59567316 0.44743746 0.46351958 0.03060210
0.65031386 0.80219975 0.16245370 0.02478230
0.84821581 0.15427214 0.70130778 0.02647732
0.72182798 0.53706428 0.33030495 0.02422583
0.92471156 0.05941193 0.45996027 0.02518061
0.57941166 0.36783925 0.77966371 0.02908512
0.41497579 0.90293602 0.85363240 0.03131023
0.16594626 0.83623746 0.82349031 0.02604129
0.81659976 0.60617672 0.81503520 0.02442928
0.65033240 0.74939445 0.65739172 0.02960424
0.62818951 0.31462699 0.40971811 0.03027884
0.23610550 0.78628178 0.15252169 0.02512057
0.33750658 0.74521298 0.21210153 0.02402899
0.91666008 0.85076340 0.12423156 0.02882010
0.44124387 0.41499281 0.13676930 0.02630305
0.45356307 0.46149987 0.66144742 0.02580965
0.93469630 0.66040016 0.55722308 0.02593792
0.26676023 0.52557109 0.94665749 0.02510093
0.29602571 0.51719472 0.81042331 0.02704184
0.94137222 0.17167455 0.80803527 0.02795183
0.75923891 0.94047210 0.78670860 0.02481322
0.71180622 0.93416034 0.73632815 0.03159896
0.51363655 0.92257536 0.67048055 0.02521345
0.56855974 0.67299689 0.62873900 0.02768917
0.69063243 0.08074979 0.48653977 0.02669984
0.83499330 0.53059685 0.94026811 0.02948298
0.70518606 0.46472817 0.57680590 0.02528352
0.80559518 0.59151478 0.27434186 0.02661094
0.36929133 0.22311207 0.81047180 0.02670634
0.56917245 0.54820372 0.05465529 0.02672187
0.34968455 0.35695376 0.94221749 0.02726247
0.83584410 0.75182385 0.94442155 0.02745170
0.70031467 0.47635406 0.19713557 0.02850750
0.91780624 0.53078907 0.72226744 0.02694148
0.64871869 0.94375167 0.92682420 0.02716820
0.54110638 0.49090533 0.25597593 0.02526665
0.05472347 0.18069851 0.87397909 0.02626680
0.16918988 0.06722735 0.89163361 0.02559658
0.35245728 0.13318777 0.23403957 0.02748037
0.06118947 0.72317698 0.82102944 0.02632195
0.13412927 0.87593262 0.12080349 0.02612862
0.20695916 0.85718493 0.30725035 0.02820813
0.89735303 0.94307352 0.32281144 0.02586625
0.16675744 0.28388158 0.29557087 0.02609100
0.12679319 0.51319050 0.22675106 0.02792212
0.75670179 0.93758135 0.93902530 0.02767733
0.47186914 0.49626500 0.21835784 0.02626453
0.87020409 0.41422558 0.05547226 0.02794821
0.93782654 0.05237195 0.70318688 0.02506743
0.37562843 0.73291692 0.51193890 0.03506410
0.34536117 0.51153137 0.93274903 0.02808220
0.91278859 0.06384426 0.87299148 0.02510416
0.31468030 0.27670454 0.57259883 0.02601383
0.23038693 0.21174242 0.15795193 0.02439806
0.77974579 0.22166475 0.71625269 0.02532763
0.08486269 0.30866107 0.68560412 0.02402643
0.69541749 0.90811824 0.25063898 0.02624153
0.90850660 0.15902808 0.22285080 0.03218927
0.05676575 0.24435061 0.43635150 0.02982904
0.43396139 0.17821111 0.67132687 0.02660588
0.73252704 0.16812708 0.83513902 0.02503831
0.86202037 0.83092871 0.28709910 0.02411617
0.82625648 0.37090058 0.94011928 0.02938004
0.40246955 0.66393921 0.52827092 0.02375411
0.19583155 0.17732039 0.89697984 0.02734141
0.32252802 0.55374137 0.11111643 0.02577643
0.32902342 0.29514875 0.49946804 0.02633969
0.86718070 0.71668488 0.84089727 0.02546557
0.20708652 0.41531994 0.56372357 0.02436338
0.90037959 0.05259974 0.26559130 0.02638247
0.20565105 0.91416899 0.42751060 0.02592530
0.05082284 0.93124594 0.93108866 0.02422358
0.94150597 0.23275315 0.76968376 0.02953833
0.77139434 0.29902440 0.62993110 0.02494075
0.60058934 0.77395647 0.51123875 0.02423442
0.60185163 0.67522099 0.29255576 0.02450331
0.93598709 0.39847414 0.74997749 0.02482769
0.92957453 0.41586659 0.16466359 0.02565123
0.56472393 0.50824568 0.93643601 0.02517302
0.82039464 0.49923258 0.63092833 0.02750838
0.07608242 0.62962731 0.35362591 0.02690403
0.24247828 0.22356388 0.77186500 0.02518433
0.85255522 0.28927234 0.05196375 0.02613379
0.15743877 0.42676008 0.06353390 0.02398098
0.34945319 0.73424978 0.14613403 0.02477768
0.93073844 0.76775323 0.36980499 0.02448761
0.32600779 0.07144730 0.66637340 0.02856870
0.08312892 0.93667207 0.85344673 0.02423331
0.84039971 0.63987135 0.43267502 0.02557036
0.72005484 0.05486770 0.15264159 0.02427948
0.06564600 0.45842170 0.13500610 0.02745776
0.61022625 0.93803253 0.45509138 0.03593327
0.58237367 0.14920360 0.34888596 0.03357532
0.48460108 0.51129856 0.41017223 0.02884178
0.38971001 0.80929213 0.37798757 0.03490694
0.63974834 0.92207552 0.79085091 0.02940026
0.69743860 0.29410311 0.67200125 0.02376672
0.73373342 0.43537572 0.24793054 0.02433022
0.27146399 0.16375299 0.05844585 0.02858753
0.94711288 0.45484589 0.10569087 0.02439421
0.69874137 0.07354527 0.23872800 0.02727880
0.88758247 0.63619716 0.65435819 0.02547821
0.24841669 0.38534581 0.93687543 0.02472885
0.39883218 0.67043934 0.07241997 0.02807612
0.53812830 0.43036826 0.33662288 0.02702895
0.70026897 0.94002494 0.37041305 0.02429293
0.36917950 0.65182362 0.80824949 0.02392155
0.22996930 0.94517509 0.22425579 0.02560822
0.47319490 0.94170790 0.12067828 0.02643091
0.62075658 0.28491885 0.20063450 0.02491719
0.14022431 0.80452612 0.52775089 0.02464793
0.68620468 0.34970902 0.83274412 0.02995775
0.43075851 0.94141492 0.73940769 0.02909245
0.27904764 0.59931161 0.26637709 0.02553022
0.81843652 0.79588907 0.84464250 0.02423345
0.39649481 0.49798974 0.49486415 0.02646948
0.67594937 0.50307146 0.80223659 0.02512681
0.61516193 0.86292622 0.81138450 0.02474973
0.18743718 0.31692702 0.91997882 0.02544512
0.86850294 0.92120069 0.22990369 0.02390087
0.41138833 0.84935159 0.20765277 0.02601355
0.05339526 0.94581586 0.75118378 0.02397176
0.29173595 0.81364566 0.58536317 0.02763008
0.74903230 0.22711247 0.86393468 0.02449031
0.90758251 0.13015810 0.36762837 0.03204194
0.92880645 0.13144059 0.92622252 0.03728121
0.30196168 0.42709225 0.78817792 0.02592222
0.39300032 0.06019215 0.84260972 0.02451131
0.14251363 0.27941607 0.37888065 0.03039521
0.70210634 0.16362640 0.47169214 0.02529944
0.75518648 0.17153491 0.21975060 0.02998015
0.08469003 0.39354011 0.31546045 0.02462741
0.80076279 0.68023647 0.93619980 0.02831624
0.08000840 0.06508583 0.55182479 0.03658470
0.83277862 0.47728605 0.13211624 0.03200542
0.18027002 0.05122451 0.13998560 0.02399716
0.53903982 0.55493519 0.25197695 0.02457379
0.30749143 0.80646721 0.24758804 0.03365897
0.60855950 0.59251448 0.89370727 0.02534010
0.06009833 0.89177437 0.76261074 0.02474410
0.80524534 0.59168455 0.34347176 0.02937027
0.68805980 0.61222211 0.91369913 0.02537540
0.64208265 0.21875756 0.52055886 0.02590505
0.56159336 0.94907911 0.07758176 0.02457359
0.06295084 0.21299362 0.49594932 0.02532052
0.93999192 0.60526572 0.65718826 0.02511230
0.92392837 0.70676297 0.11243941 0.02871454
0.85196236 0.46132597 0.20780517 0.02994298
0.76596769 0.93923837 0.34400188 0.02977752
0.52812490 0.80380698 0.94439281 0.02602975
0.06448798 0.87943282 0.59595525 0.02686817
0.20758605 0.85995344 0.73379604 0.02566301
0.89636615 0.94445443 0.74255316 0.02480392
0.68735096 0.83655502 0.72120719 0.02859814
0.34717968 0.42501569 0.38339238 0.03323844
0.16930760 0.72974730 0.39224594 0.02527254
0.50688285 0.93844580 0.60768998 0.02658584
0.29096787 0.71775258 0.66692971 0.02395768
0.57047738 0.27596643 0.94274966 0.02452160
0.58647043 0.12608627 0.65469293 0.02495387
0.94734331 0.29350718 0.39404310 0.02516321
0.83892559 0.62727735 0.94669092 0.02472773
0.48136317 0.08265817 0.78754222 0.02934451
0.67785391 0.16671901 0.88844673 0.02395920
0.36345662 0.66201260 0.56838758 0.02406285
0.76452980 0.46145666 0.75802618 0.03597242
0.17891330 0.42541180 0.64077399 0.02692926
0.26062045 0.50640192 0.28854943 0.02573053
0.55738834 0.63613416 0.16409772 0.02430516
0.10821402 0.88237778 0.63221939 0.02405255
0.45659966 0.17907767 0.43227058 0.02646505
0.91251671 0.61909087 0.34190623 0.02540986
0.27875588 0.20008321 0.12758023 0.02596716
0.79040239 0.34840836 0.23434742 0.02516210
0.90626503 0.94780624 0.47729089 0.02482105
0.89974161 0.58936942 0.25719066 0.02870285
0.66176804 0.56803633 0.30141785 0.02688626
0.12218457 0.86539962 0.20079933 0.02392326
0.14395144 0.50094266 0.66451948 0.02500608
0.91359653 0.15385638 0.11743109 0.02469717
0.18653632 0.54862488 0.36388092 0.02438735
0.77686527 0.53019404 0.47213867 0.03284624
0.72636107 0.86204773 0.28530648 0.03100746
0.92666657 0.53852644 0.49844192 0.02485254
0.85254165 0.53980060 0.50364746 0.02450487
0.56341603 0.78293263 0.36382126 0.03339015
0.11164188 0.34745131 0.06052429 0.02452149
0.22118894 0.70562401 0.49559659 0.02825802
0.66698474 0.46604924 0.40282662 0.02668438
0.15703541 0.37208122 0.73707298 0.02524674
0.71930515 0.82758973 0.94574533 0.02385605
0.42249281 0.58115310 0.23455057 0.03168580
0.04964221 0.91030186 0.22495954 0.02380785
0.18971680 0.64564995 0.92402579 0.02758100
0.35681849 0.56662641 0.40526393 0.02534713
0.24060042 0.93293362 0.78817799 0.03290594
0.07203136 0.85708265 0.93515723 0.03000187
0.06198653 0.41174559 0.17918374 0.02698277
0.21989491 0.61471638 0.37594843 0.02557796
0.93734925 0.35047996 0.84566531 0.02480202
0.56807852 0.72726560 0.08676717 0.02767227
0.12784761 0.48018833 0.75030804 0.02452852
0.25944663 0.05477347 0.41113471 0.02687748
0.66170415 0.15027774 0.40490892 0.02714111
0.05969147 0.39057025 0.40940334 0.03109141
0.76657585 0.85608800 0.69637068 0.02424741
0.05247117 0.44980701 0.48351325 0.02408290
0.53121506 0.68212124 0.57352287 0.02540476
0.30541740 0.22176153 0.62294590 0.02512995
0.18093999 0.17767533 0.81751379 0.02431391
0.77569848 0.94890250 0.54367729 0.02429548
0.47493514 0.79213717 0.81820726 0.02486991
0.51235283 0.35241682 0.42760486 0.02981182
0.40138851 0.14951055 0.08916621 0.02528903
0.85825886 0.80120107 0.13307787 0.02542426
0.70362343 0.27728390 0.29837475 0.03024082
0.92771944 0.91184823 0.05707666 0.02993122
0.74750785 0.94840639 0.28367465 0.02586585
0.33821541 0.13131209 0.92679615 0.02610299
0.44262574 0.22122513 0.94305117 0.02461598
0.66265327 0.62711423 0.72750692 0.02686638
0.07236824 0.50754774 0.44510439 0.02735329
0.81471136 0.84159476 0.14828869 0.02488541
0.84623894 0.34497366 0.31186059 0.02515356
0.92600449 0.48538514 0.52214419 0.02384277
0.69919137 0.62331591 0.16844119 0.03199365
0.15342099 0.19694244 0.21022569 0.02625672
0.50051997 0.86659867 0.66856850 0.02397702
0.61280447 0.71358566 0.45115412 0.02950057
0.66779349 0.86820094 0.76688869 0.02440938
0.93174326 0.40958592 0.93540449 0.02678718
0.34363559 0.15977332 0.59168133 0.02688709
0.06389876 0.57165954 0.48767089 0.03433316
0.25132183 0.51276709 0.36856805 0.02395973
0.76091762 0.94176267 0.06354980 0.02400994
0.92285742 0.33580070 0.54536378 0.02599764
0.27695641 0.28796559 0.92871732 0.02389048
0.22263802 0.09386621 0.66074488 0.02513880
0.71329222 0.69845023 0.44993610 0.02650820
0.32991509 0.08251080 0.18866811 0.03255055
0.78257504 0.80087359 0.68672793 0.02440862
0.76025543 0.74727284 0.41135221 0.02553090
0.65388589 0.84789252 0.88597652 0.02393417
0.36673771 0.43958050 0.28998895 0.02484683
0.17170349 0.19966177 0.55866354 0.02432049
0.30619780 0.67513162 0.76608249 0.02378714
0.27660621 0.87304729 0.05579348 0.02993067
0.74969110 0.19233999 0.77521780 0.02423042
0.64337592 0.37629154 0.69490683 0.02640966
0.38699074 0.62928390 0.71161269 0.02399412
0.89665313 0.33723993 0.28332044 0.02443412
0.79269913 0.31742308 0.06809871 0.02840899
0.80508361 0.30906276 0.35225156 0.02720540
0.88877891 0.40024892 0.87356303 0.02752479
0.16111993 0.53560786 0.07145044 0.02587958
0.72552010 0.66835000 0.05336013 0.02412256
0.70724766 0.42104253 0.64143819 0.02495083
0.84875948 0.12988382 0.63714436 0.02458006
0.64260036 0.92109060 0.12945419 0.02579831
0.41416523 0.13830363 0.93180335 0.02989580
0.65835988 0.43654031 0.60805750 0.02445495
0.06492479 0.88420073 0.52748902 0.02537703
0.58826218 0.94329565 0.89653977 0.02846731
0.74012710 0.36056081 0.86717481 0.02769001
0.70206605 0.76504759 0.21796317 0.02775453
0.43783963 0.94066563 0.46439982 0.02497610
0.23744165 0.78972007 0.42329850 0.02441102
0.80903771 0.29486173 0.47397598 0.02396340
0.39095017 0.17495919 0.43987311 0.02462266
0.69829682 0.68728163 0.16514002 0.02384143
0.40340671 0.28865263 0.37519882 0.02916587
0.14608878 0.78742392 0.11185604 0.02458430
0.66220944 0.70141821 0.85114755 0.02764233
0.50988709 0.61659525 0.91595755 0.02578586
0.26799181 0.65039622 0.67276700 0.02691011
0.62205824 0.68085767 0.65552260 0.02631623
0.38490939 0.44325926 0.61848796 0.02662293
0.17637174 0.29158907 0.83304198 0.02694862
0.13992942 0.33153915 0.43621077 0.03448822
0.27396422 0.85698338 0.93916497 0.02393364
0.19865109 0.66634209 0.06369611 0.02823771
0.41775642 0.78755966 0.52662626 0.02759790
0.80340301 0.87056595 0.53468378 0.02795254
0.79773141 0.87323368 0.40603591 0.02794333
0.38410067 0.32709767 0.74457068 0.02974486
0.17321572 0.92723245 0.14870688 0.03459161
0.13454916 0.68450274 0.05656446 0.02587924
0.40624038 0.22192099 0.25651580 0.02929525
0.06371418 0.54971682 0.12802731 0.02398488
0.42189177 0.85521543 0.06234761 0.02555550
0.07265766 0.79131884 0.37391742 0.03208703
0.83793855 0.05646887 0.85584291 0.02458945
0.84334249 0.44373558 0.67169140 0.02710430
0.05825534 0.80953802 0.80076656 0.02515870
0.05580564 0.50537106 0.18582857 0.02619837
0.45178732 0.27848456 0.12253230 0.02528676
0.41703270 0.72951681 0.74634699 0.02423203
0.59476170 0.13789972 0.17845996 0.02922374
0.66679267 0.05602055 0.90765719 0.02748701
0.14342028 0.75050988 0.74355831 0.02381233
0.93344146 0.94554959 0.23564000 0.02710532
0.48434041 0.68638557 0.22858283 0.02703081
0.80393825 0.84611708 0.87570056 0.02406147
0.51149770 0.68775006 0.45643251 0.02570427
0.41923982 0.32448325 0.65834938 0.02461230
0.81963236 0.21370645 0.67777213 0.02450673
0.93258989 0.22806033 0.24841761 0.02488159
0.14791038 0.69007834 0.30306190 0.02626323
0.48701786 0.82007394 0.30433791 0.02447916
0.93130803 0.93713881 0.93980846 0.03005417
0.55025298 0.94354501 0.32248301 0.02899394
0.54218721 0.45137017 0.05361264 0.02661674
0.53382904 0.78824413 0.17131651 0.02655945
0.69784887 0.16434182 0.60370136 0.02474515
0.66398353 0.71396382 0.41433175 0.02665703
0.82473668 0.10912432 0.58458627 0.02585237
0.15973822 0.09150389 0.05452901 0.02385534
0.94465270 0.56590578 0.88971235 0.02611054
0.32530789 0.61828798 0.51752119 0.02637754
0.41743106 0.84034196 0.64127998 0.02480753
0.40884995 0.92744595 0.92287172 0.02389610
0.62625462 0.56489374 0.64652754 0.02671171
0.30026506 0.62046651 0.87775246 0.03004470
0.66568772 0.85545534 0.05657815 0.02961901
0.13310918 0.57335052 0.49986254 0.02485470
0.77001908 0.94619940 0.47064825 0.02455175
0.59553012 0.20103557 0.45857383 0.02612660
0.26271319 0.53962315 0.89069295 0.02489452
0.40243484 0.04993304 0.48497497 0.02419298
0.51165048 0.94368281 0.44604532 0.02429856
0.88259809 0.69100869 0.25872130 0.02407289
0.57527503 0.23346514 0.20324630 0.02401060
0.58021693 0.94918173 0.16417700 0.02441812
0.38119765 0.61425815 0.37999452 0.02467876
0.48988513 0.69726732 0.06275418 0.02942600
0.88384583 0.76935997 0.72276866 0.02475683
0.94724941 0.24076072 0.37512492 0.02476661
0.71613583 0.31933185 0.13738603 0.02764206
0.64506084 0.78905029 0.48101868 0.02489125
0.18343430 0.69784423 0.74899648 0.02652879
0.14325015 0.40511274 0.94188894 0.02649525
0.07161944 0.54736969 0.75046841 0.02818939
0.54597901 0.21513749 0.31139471 0.02388246
0.69863967 0.06397038 0.76807435 0.02581356
0.92562942 0.93696769 0.79202793 0.02447885
0.72097323 0.40099876 0.41261980 0.02629854
0.77613241 0.80162107 0.55797034 0.02826059
0.15344448 0.12360120 0.92731489 0.02555401
0.05185111 0.64246352 0.57953114 0.02476324
0.94855585 0.44270483 0.61249123 0.02409795
0.69509813 0.59780051 0.43332500 0.02602454
0.75210692 0.61611642 0.81211352 0.02512702
0.63863631 0.67297474 0.13489238 0.02427333
0.48526459 0.94735782 0.84785874 0.02494191
0.34073383 0.55469629 0.62985296 0.02447875
0.81746173 0.36694245 0.57070008 0.02573826
0.66486590 0.74483709 0.10925719 0.02459197
0.94528730 0.21610671 0.11252219 0.02482133
0.63306175 0.18992560 0.94775900 0.02490554
0.67377016 0.34720072 0.38165942 0.02443023
0.17469105 0.05700881 0.59241972 0.02746647
0.70728221 0.76906156 0.90741057 0.02554653
0.34364178 0.49294926 0.33520928 0.02384529
0.94778317 0.64014818 0.13554413 0.02501543
0.64659070 0.30598965 0.80498898 0.02603899
0.79739171 0.60326413 0.20221237 0.02641851
0.46720621 0.50277601 0.48332178 0.02562876
0.81203925 0.23287233 0.24709147 0.03288855
0.37344463 0.60834712 0.06069495 0.02402663
0.05169071 0.73726886 0.88425287 0.02556621
0.46590628 0.31140284 0.17896435 0.02422174
0.09742853 0.50812688 0.60111412 0.02384410
0.14064700 0.30583037 0.95018438 0.02392006
0.13128914 0.44465438 0.26404748 0.02836581
0.82971098 0.24346352 0.49941615 0.02718505
0.76627990 0.69804247 0.26242261 0.02796756
0.47227843 0.79505733 0.18608323 0.02448959
0.79244251 0.11241160 0.29385792 0.02571037
0.38768798 0.87026537 0.33204803 0.02869377
0.76061094 0.56401435 0.37968317 0.02456736
0.15895656 0.17961674 0.13645425 0.02541116
0.68572200 0.70259507 0.08343242 0.02398778
0.22359709 0.76165056 0.37252669 0.02755790
0.85588919 0.12169242 0.89030806 0.02431687
0.34083149 0.25030034 0.69945220 0.02475939
0.60401773 0.94593629 0.74890132 0.02515802
0.34068774 0.28967380 0.93127185 0.02678206
0.12046325 0.65130326 0.93952547 0.02488507
0.48134107 0.44942873 0.71899496 0.03083395
0.57531223 0.82346270 0.91156121 0.02482272
0.34779281 0.34780718 0.16663270 0.02431711
0.49980614 0.31164653 0.25981272 0.02688313
0.72759117 0.33913455 0.68720460 0.02639553
0.78745129 0.84984192 0.34504122 0.02499986
0.94013594 0.47789849 0.94711825 0.02688531
0.47747608 0.24233694 0.05557183 0.02619977
0.63112895 0.93891960 0.66804949 0.02936777
0.62837508 0.29511138 0.63924165 0.02630915
0.77154232 0.87802570 0.82561648 0.02398077
0.28972057 0.12404699 0.60062417 0.02562322
0.24940956 0.35756000 0.05375836 0.02719955
0.92585771 0.21292932 0.67441583 0.02493945
0.16210480 0.77986867 0.20267275 0.02398346
0.19898045 0.33951320 0.70896056 0.02566236
0.05118704 0.26928531 0.16882427 0.02417360
0.84223345 0.72249911 0.29383789 0.02388158
0.61912727 0.36163847 0.51389546 0.03071009
0.50408218 0.22757073 0.94777642 0.02523898
0.13831689 0.54204350 0.87363961 0.02933726
0.18561054 0.42296641 0.20869062 0.02457294
0.51181766 0.62235400 0.22471081 0.02577302
0.05694506 0.66325841 0.69361548 0.02812145
0.35931959 0.12267404 0.12348796 0.02970706
0.70041306 0.26792272 0.37077788 0.02747718
0.18948270 0.14266560 0.71044279 0.02377260
0.50063994 0.79913227 0.59444405 0.02512910
0.43167132 0.56740669 0.56763548 0.02737257
0.74111300 0.72082475 0.66370283 0.02602279
0.51733718 0.73635603 0.37070584 0.02389428
0.12380773 0.27619848 0.25070798 0.02688325
0.94441648 0.06486576 0.13693602 0.02539686
0.50811911 0.37766619 0.55544385 0.02438654
0.19495243 0.49836706 0.16315021 0.02469339
0.08131548 0.59445720 0.27409648 0.02433709
0.20732448 0.16681112 0.05435816 0.02535961
0.40895081 0.89307911 0.48014516 0.02633065
0.14836517 0.11612810 0.10549497 0.02399414
0.75614624 0.69442291 0.49669699 0.02379504
0.06066551 0.05935017 0.74892519 0.02684936
0.94147717 0.49651886 0.58052740 0.02550208
