0.63061275 0.20365784 0.38281881 0.17423418
0.21541623 0.28098184 0.39218771 0.12288362
0.52331756 0.45145941 0.61126303 0.17038582
0.46274161 0.79216355 0.35242514 0.11461294
0.34225490 0.49433025 0.19949301 0.13520934
0.34390837 0.56062190 0.83194995 0.11859293
0.21037108 0.29760173 0.65716394 0.10346486
0.55525331 0.81920478 0.73554192 0.13213160
0.83457376 0.74431145 0.13778412 0.09908971
0.74848724 0.54924174 0.30014841 0.15489651
0.30120351 0.62029741 0.49798415 0.10582324
0.51424161 0.73135219 0.13624422 0.09935387
0.17898633 0.78070716 0.73153648 0.14783616
0.74261816 0.77154743 0.45476672 0.09669843
0.77111671 0.19890585 0.79732619 0.14164855
0.21601956 0.75899800 0.31590492 0.12213072
0.73872431 0.57073258 0.82088592 0.12575107
0.18958017 0.14684321 0.84337832 0.10840299
0.45566047 0.12859978 0.58466419 0.09757080
0.36265270 0.30086183 0.81294738 0.10198056
0.81922757 0.39952584 0.62081226 0.10970233
0.37124960 0.23788360 0.16656079 0.11360383
0.82608151 0.21837416 0.15104961 0.11606553
0.82945720 0.82656026 0.65702009 0.11133396
0.13220416 0.16121168 0.17094730 0.10063252
