0.69296298 0.06219385 0.32688037 0.03618896
0.13674246 0.22043382 0.36238278 0.02874312
0.53404059 0.42913710 0.66242946 0.03563094
0.83569948 0.08040618 0.65134413 0.03033266
0.55140036 0.18505208 0.23559829 0.03619675
0.89996139 0.34063795 0.66427062 0.04676051
0.83536386 0.14734205 0.10825707 0.04884452
0.83646114 0.14261970 0.42980366 0.02937883
0.52803348 0.66218716 0.34406167 0.05108986
0.78797656 0.08544219 0.71527248 0.04361310
0.70933185 0.31480086 0.74401191 0.05194312
0.45344104 0.86509440 0.31558701 0.02754388
0.17327373 0.07554711 0.65793184 0.03262821
0.29194311 0.49252191 0.10364822 0.03053035
0.19373477 0.57742257 0.67317857 0.04051694
0.42320168 0.67371314 0.42331185 0.02751931
0.53218270 0.64684907 0.51334874 0.02607622
0.57322701 0.84128474 0.19329756 0.05072359
0.77403903 0.40877900 0.20166359 0.02853706
0.37106048 0.71243324 0.69141614 0.05025286
0.85001098 0.43642397 0.91097445 0.03213651
0.60488899 0.16795129 0.88741276 0.04297781
0.56850900 0.41971569 0.27017339 0.03709508
0.56250558 0.07826283 0.59937923 0.04958811
0.52383594 0.83998292 0.37426652 0.03369907
0.92786916 0.21809984 0.18781160 0.04373421
0.66664482 0.13253480 0.71629912 0.05039301
0.86244233 0.68123187 0.17807988 0.04546929
0.07442271 0.07630497 0.27203607 0.02524770
0.53303719 0.54494056 0.79099741 0.04839377
0.30295411 0.57652746 0.91904471 0.02812097
0.08234016 0.76085278 0.26830727 0.04015638
0.40425747 0.81038539 0.71098794 0.04693575
0.18446133 0.11803058 0.17134507 0.04002442
0.14798157 0.25400274 0.69101892 0.02592740
0.07701870 0.12857915 0.90548071 0.04012020
0.24267213 0.28519705 0.71146531 0.04035117
0.57227338 0.91753174 0.80809761 0.03008408
0.07128738 0.11710050 0.48784019 0.02901960
0.55956483 0.34199638 0.92271211 0.04140438
0.39612765 0.54415287 0.71261232 0.04067198
0.29746212 0.12636780 0.38806865 0.04313737
0.24964827 0.71833028 0.12557416 0.04204872
0.76960510 0.22879264 0.62337589 0.03187168
0.86946948 0.29413141 0.12250207 0.03915467
0.73348801 0.84984496 0.87056737 0.04495107
0.54791168 0.85147888 0.61972275 0.05087735
0.48770908 0.59151559 0.54347029 0.03544471
0.16760500 0.17538816 0.50503673 0.02949248
0.90234415 0.79379854 0.06441462 0.02529301
0.35063501 0.17180347 0.77526532 0.02955421
0.88724843 0.57216388 0.83333242 0.03419749
0.84525501 0.46583177 0.53947157 0.04797243
0.31694779 0.49167396 0.58466616 0.04670153
0.58399190 0.44040901 0.77615966 0.02512794
0.84635527 0.56863587 0.22143579 0.03338499
0.59577150 0.11865277 0.43177639 0.04640745
0.86042153 0.06983970 0.91049577 0.04340835
0.61103012 0.31411464 0.57527641 0.04053330
0.80707698 0.71860688 0.66973618 0.04536310
0.34918285 0.64526293 0.45821625 0.04851641
0.42171156 0.41352028 0.33970241 0.03522693
0.43971686 0.90947897 0.65366274 0.04183388
0.43489948 0.36086792 0.76434798 0.03017060
0.84313033 0.63825731 0.30475403 0.04894395
0.81412441 0.52453056 0.76744639 0.03165270
0.70214210 0.51648369 0.73486509 0.04047206
0.47026233 0.36357395 0.12553503 0.04037204
0.13090296 0.92392346 0.22044947 0.03511181
0.82003473 0.66081321 0.55931440 0.04706671
0.47051415 0.36216074 0.25521030 0.02913476
0.33744419 0.86047957 0.85470398 0.04102370
0.24956771 0.28375829 0.80181054 0.04477254
0.60220199 0.26672379 0.15137152 0.03615663
0.48010739 0.19774421 0.60599952 0.03891186
0.51716167 0.75300743 0.07639105 0.03081745
0.82856170 0.80370496 0.53386792 0.03363619
0.88252452 0.77758341 0.80114726 0.04857506
0.63523403 0.68190109 0.59853194 0.02742038
0.10242853 0.73083921 0.69794367 0.04672940
0.28507972 0.61704846 0.36313499 0.03185469
0.45398865 0.74157422 0.91904716 0.04664602
0.18498559 0.85411766 0.53667232 0.03297184
0.61533702 0.91701773 0.53889823 0.05155410
0.18295579 0.37451634 0.08798366 0.03920303
0.66390358 0.66242719 0.23513521 0.04845764
0.57133188 0.92824249 0.24109343 0.03687446
0.28943431 0.72149607 0.46190709 0.03152504
0.50763183 0.24187317 0.76759412 0.02626841
0.08307807 0.58246091 0.80346410 0.03289148
0.71933716 0.50978050 0.53594938 0.03519699
0.89075627 0.25678212 0.29662991 0.03751079
0.66807070 0.72734868 0.36545335 0.04682164
0.43933996 0.77592467 0.60772330 0.04800321
0.12423107 0.07070683 0.11383723 0.02865130
0.71658107 0.45825595 0.45622284 0.03557813
0.47732194 0.76446899 0.41485068 0.03787090
0.07674276 0.53339069 0.07039237 0.04174005
0.19498812 0.22163477 0.60916152 0.02871013
0.91558348 0.67907558 0.69661476 0.04965505
0.41593989 0.28787078 0.22306539 0.04975103
0.77904195 0.18472039 0.28960760 0.02799104
0.33841106 0.91155269 0.30091834 0.04726591
0.33872998 0.85705426 0.38400762 0.03940215
0.51075459 0.88397159 0.08963817 0.03664547
0.83583738 0.09399764 0.51893932 0.04445001
0.81669352 0.55155038 0.66758198 0.03368102
0.61211502 0.31658894 0.07127420 0.03717611
0.33656149 0.51496740 0.86093696 0.04058963
0.27890111 0.38734616 0.87799887 0.03644938
0.79145912 0.85568507 0.26968038 0.05051072
0.25609922 0.33397395 0.20910272 0.02711013
0.42524552 0.77366868 0.22761329 0.04142544
0.25697697 0.64706014 0.49753568 0.02626937
0.21698953 0.56152649 0.93220145 0.03899889
0.09520905 0.14814890 0.12373075 0.04110900
0.39114845 0.91538569 0.20986646 0.03714525
0.72586230 0.77379434 0.61198403 0.05150030
0.48008190 0.08051992 0.37335054 0.04312359
0.06391321 0.73027835 0.33947172 0.02849261
0.26394218 0.36390675 0.52016283 0.05181976
0.46903586 0.17857399 0.33936419 0.04549726
0.65140006 0.73526577 0.17807015 0.03859950
0.66091391 0.45628189 0.85729300 0.04322654
0.07303529 0.48656217 0.81008160 0.04245215
0.24046777 0.71047742 0.32094563 0.04827807
0.26114809 0.25490290 0.24190233 0.04521024
0.39044176 0.07807590 0.15320713 0.02862638
0.48111815 0.17873171 0.90915418 0.04415173
0.23521537 0.43872850 0.41470732 0.02910342
0.70434078 0.22264794 0.62822208 0.02874300
0.58385194 0.32343577 0.69995050 0.04228293
0.43702670 0.73871914 0.12450582 0.05074325
0.23773825 0.41060250 0.32963088 0.04771173
0.86208039 0.38380864 0.52746932 0.02690686
0.17944368 0.24418688 0.13066611 0.03831290
0.29238624 0.37554657 0.15875077 0.03869324
0.70875950 0.19559782 0.54442287 0.03924375
0.09148070 0.80644759 0.55010849 0.04844718
0.72681552 0.69015825 0.92718628 0.03580872
0.06152259 0.88342214 0.81625916 0.03236124
0.51432234 0.67761012 0.74075084 0.04477984
0.83794733 0.53808589 0.31181498 0.03302276
0.65394716 0.25494855 0.47118154 0.03422400
0.61183435 0.83267640 0.45388326 0.03337179
0.46320306 0.63358558 0.18520165 0.04631180
0.85811168 0.59228477 0.73340410 0.03662864
0.60516114 0.78585402 0.08382090 0.05084044
0.14380665 0.34996810 0.87632488 0.05195632
0.79008914 0.82467874 0.44591632 0.02494627
0.76785636 0.48040962 0.17641850 0.03174578
0.66066476 0.41066788 0.50502843 0.03623182
0.06695204 0.69245392 0.55748183 0.02867589
0.91647681 0.34253090 0.92284689 0.03591070
0.75921558 0.44064181 0.37387875 0.03164351
0.23198206 0.57247716 0.83815220 0.04917505
0.18722739 0.69076967 0.67540114 0.03412080
0.38788295 0.37333917 0.11277903 0.03639908
0.67905752 0.59810555 0.62809642 0.04210186
0.46696488 0.43682257 0.49759015 0.02976792
0.35973384 0.28801563 0.80671279 0.02914962
0.32322552 0.81310612 0.64939069 0.03873985
0.17593974 0.47460005 0.92019840 0.04215221
0.47282019 0.43757842 0.58610835 0.04028399
0.71379462 0.56756446 0.86157650 0.04811667
0.94010332 0.09961335 0.23083556 0.02648359
0.15637834 0.60827208 0.10427247 0.03634684
0.48966198 0.52193322 0.09711977 0.04661055
0.37111949 0.26630925 0.44294265 0.04244859
0.47348190 0.92087332 0.38095593 0.03523698
0.39269062 0.92967597 0.11668504 0.04002901
0.09196878 0.56193590 0.22194922 0.03893526
0.91538821 0.82381458 0.45839952 0.04208293
0.38365504 0.18127313 0.70212809 0.02885411
0.45540064 0.83675409 0.52409529 0.03784171
0.12852750 0.41017813 0.76466892 0.02865637
0.73793065 0.31367146 0.24844687 0.02998067
0.40895318 0.39316112 0.64315883 0.02516051
0.41603632 0.34562561 0.54995220 0.04265679
0.78205804 0.66833361 0.85269941 0.05206984
0.11453701 0.47668049 0.36468489 0.02579453
0.54189556 0.25348375 0.65099824 0.03374636
0.13822142 0.82995205 0.26547097 0.02863395
0.88346372 0.76563013 0.31623231 0.04878217
0.67394045 0.65284980 0.43761449 0.02572245
0.53082335 0.10611909 0.18738211 0.04585259
0.35399693 0.10225632 0.59339009 0.03002862
0.42982211 0.82591361 0.12522398 0.02644511
0.17323213 0.73813221 0.79794028 0.03773423
0.48783843 0.26627254 0.90583280 0.02589267
0.59639458 0.90059700 0.36874396 0.05070424
0.70105082 0.28667540 0.58694307 0.04136574
0.11949962 0.18469357 0.79222865 0.04714276
0.52704651 0.28241184 0.32285724 0.04173543
0.43340994 0.12973180 0.83746822 0.04874250
0.80701388 0.59096637 0.91267866 0.02915890
0.58413497 0.58709140 0.60180148 0.03422346
0.72428991 0.90160594 0.53107323 0.02633033
0.23096503 0.75870072 0.06219079 0.02569368
0.07774218 0.93889758 0.57236954 0.03305717
0.87867480 0.50628500 0.46000249 0.03278252
0.29570464 0.33134783 0.38883188 0.04089586
0.57487161 0.67343334 0.12093393 0.03143454
0.27415504 0.22572557 0.40761900 0.04960804
0.77801730 0.60004587 0.72912922 0.03353156
0.14104051 0.26908616 0.46653129 0.03823008
0.80251710 0.43697891 0.82118102 0.03380229
0.56987345 0.24195060 0.52547673 0.04280215
0.66124022 0.85160834 0.12630088 0.03378722
0.43723212 0.35499912 0.93694157 0.03015029
0.93253727 0.51650807 0.21229756 0.03517552
0.38390372 0.16290217 0.62041487 0.02675452
0.93003613 0.87663590 0.19273503 0.03610349
0.43024642 0.29249956 0.85816113 0.03812219
0.18564647 0.23709087 0.85134425 0.03097032
0.32232743 0.69098728 0.22867060 0.03525891
0.60915348 0.62253399 0.34728738 0.03139166
0.84079262 0.46413912 0.73631210 0.02655933
0.58088003 0.43698187 0.39565600 0.03169463
0.80601879 0.92898257 0.86778044 0.02979628
0.38353468 0.59064642 0.89871599 0.03949455
0.66573614 0.41579795 0.18082778 0.03555150
0.35529682 0.25352916 0.87209047 0.03711522
0.58502706 0.71222801 0.53611257 0.04369957
0.87019561 0.81177807 0.21406630 0.04399969
0.40071533 0.53393965 0.35633899 0.02759147
0.66127663 0.55294680 0.37780028 0.04339219
0.06957901 0.30614320 0.53030731 0.03897866
0.87219992 0.13313010 0.30745581 0.04259601
0.11809016 0.06551083 0.92245871 0.02664343
0.21819891 0.52401467 0.42586149 0.02715190
0.87001793 0.22484955 0.80754950 0.04675817
0.33159332 0.10055618 0.31467463 0.02485972
0.89889918 0.47973391 0.30501436 0.03450825
0.15166269 0.26027299 0.91207548 0.03692683
0.85984900 0.84497099 0.87319406 0.03254139
0.20077148 0.45103341 0.13377452 0.03420794
0.23049620 0.67001973 0.56568664 0.02925452
0.28292826 0.61017219 0.10424707 0.04876005
0.81608383 0.92129244 0.07348588 0.03892127
0.25558345 0.09953225 0.06646092 0.03166578
0.10380588 0.30677307 0.62201303 0.03820488
0.17606559 0.88600906 0.76921684 0.03260806
0.23371001 0.86661762 0.86881607 0.05054269
0.30092291 0.54543214 0.22199990 0.03251165
0.49347936 0.46875957 0.77484902 0.02633529
0.40393005 0.27008633 0.66497808 0.03177101
0.61335269 0.20148548 0.07643837 0.03759477
0.23155174 0.13620926 0.82663563 0.03275324
0.77012090 0.77472280 0.83084010 0.02544823
0.21596719 0.91510579 0.71374077 0.03246483
0.57186831 0.90276715 0.12909608 0.03185726
0.60658364 0.25351886 0.73724608 0.02700137
0.69443306 0.42080831 0.70598216 0.05119132
0.33611181 0.59351710 0.58375952 0.03263404
0.29147434 0.72619101 0.87474680 0.04890711
0.47849678 0.64122741 0.80875285 0.02472846
0.50754807 0.75972723 0.67122802 0.02932115
0.35406176 0.60775453 0.29222270 0.04436872
0.61659032 0.68667417 0.71470446 0.03131462
0.74830687 0.08905167 0.26941209 0.02818317
0.90232983 0.33074939 0.76815202 0.02589709
0.88439731 0.60539703 0.92952159 0.03180495
0.70209188 0.55883633 0.49320042 0.02559934
0.50204582 0.14395990 0.73660049 0.04673066
0.24950378 0.60458426 0.21748935 0.03546981
0.61227302 0.32515974 0.78006893 0.03562255
0.08978634 0.09651886 0.18700916 0.02662260
0.89939368 0.15865336 0.62940937 0.03559191
0.84831777 0.73537802 0.43109240 0.03946687
0.63787595 0.90753328 0.06055776 0.03162065
0.28594431 0.62952083 0.68702538 0.04070611
0.63700587 0.77249055 0.76746197 0.03914131
0.45773459 0.42043502 0.82391944 0.04177224
0.18372432 0.87920934 0.09099637 0.02573544
0.53533654 0.60509568 0.26043151 0.02899712
0.22513599 0.74834789 0.58868748 0.04284355
0.24410380 0.15619702 0.74029131 0.02510137
0.94596953 0.40122725 0.86256656 0.02693752
0.51104656 0.56452153 0.44788294 0.03743246
0.80175659 0.37774202 0.13144953 0.04009154
0.76048499 0.75457298 0.30401580 0.04966747
0.43684709 0.80988788 0.45598735 0.03073769
0.31287800 0.17162839 0.64629508 0.03936160
0.62495890 0.24839562 0.29657032 0.04747748
0.53660467 0.48024176 0.47150367 0.03622959
0.90237309 0.59238629 0.59013473 0.04043129
0.65970102 0.10513309 0.17791412 0.03349665
0.26119636 0.91634534 0.50819679 0.02592079
0.13191368 0.82226992 0.45389020 0.03170410
0.70537912 0.75724463 0.45445613 0.04017721
0.24099271 0.12103578 0.23620063 0.03639663
0.15176307 0.31020867 0.73725508 0.03294055
0.76010119 0.51477802 0.26875538 0.04235356
0.33068048 0.09356022 0.84843751 0.04200035
0.20697927 0.34096208 0.27477190 0.02669780
0.18382666 0.81528316 0.14531064 0.02579472
0.08567988 0.65638144 0.26209203 0.03086142
0.18402553 0.39244156 0.43380674 0.03609445
0.43249787 0.29667243 0.32257551 0.02848003
0.59000496 0.69206342 0.81286910 0.03626957
0.32797875 0.83619231 0.17019940 0.03316836
0.23611106 0.48408158 0.76046789 0.04490424
0.45702624 0.85381280 0.82866434 0.03241931
0.57812223 0.77276620 0.85033992 0.04418302
0.63941173 0.49672077 0.60495676 0.03841931
0.43790215 0.07107675 0.23530756 0.04074622
0.11120652 0.39164899 0.67422408 0.02979794
0.22821022 0.45885402 0.60825384 0.02753265
0.16554297 0.60680241 0.40346798 0.04536592
0.73894420 0.40697567 0.92536356 0.03948264
0.49054731 0.22678562 0.40647112 0.03468592
0.46636336 0.29755154 0.52398210 0.02552545
0.72227352 0.86724521 0.44871269 0.03683414
0.65208806 0.83289516 0.54222873 0.02483422
0.60052978 0.32815735 0.38423161 0.03966417
0.76805795 0.24131596 0.35048167 0.04053959
0.31790019 0.42417311 0.24936385 0.03485429
0.06998584 0.29557962 0.76176561 0.03311139
0.79484314 0.53482893 0.53764216 0.02701479
0.10089429 0.82230997 0.10315395 0.04743358
0.63500306 0.53747351 0.83770869 0.03447756
0.18996084 0.67279443 0.85616636 0.03528235
0.73488591 0.31270104 0.90299797 0.03346390
0.08476131 0.61010457 0.14893140 0.03785405
0.93565553 0.60021257 0.39074052 0.02528074
0.40108988 0.45740397 0.88698343 0.02543086
0.07967069 0.30908934 0.35320384 0.02511571
0.76999224 0.09216999 0.37554246 0.03467905
0.23937375 0.71919405 0.41375627 0.02787633
0.83786212 0.18384956 0.90493463 0.03804715
0.63388302 0.21548094 0.20884213 0.03725930
0.68966981 0.13194234 0.82714034 0.02749414
0.76092097 0.75120414 0.19787889 0.03558189
0.54590121 0.58585050 0.18253897 0.02657698
0.36461926 0.66556806 0.11575207 0.03976116
0.69251382 0.91898498 0.88242245 0.02912905
0.15095620 0.40316017 0.31350800 0.03224644
0.30469871 0.14588631 0.16575782 0.03577769
0.89733253 0.24210572 0.71795492 0.03345938
0.23139833 0.80274213 0.50294586 0.03796493
0.79190925 0.77924661 0.08383936 0.04786701
0.94203178 0.16369230 0.49123631 0.03205696
0.83637188 0.21703596 0.62353345 0.03005269
0.23630195 0.84328538 0.40055359 0.04817135
0.08554700 0.30027427 0.21659951 0.03062260
0.88451109 0.48161817 0.62517813 0.03437186
0.25804950 0.69206820 0.71998768 0.02962906
0.78478124 0.50296740 0.09868261 0.02567422
0.27203798 0.36597930 0.72440827 0.02681673
0.07514226 0.68389910 0.92811914 0.02754191
0.87214170 0.73585025 0.50910644 0.02849802
0.14861523 0.34156792 0.16852858 0.03719599
0.33091768 0.40065741 0.32089997 0.03187397
0.06696164 0.56664092 0.33023739 0.03257332
0.88754358 0.84776176 0.58575993 0.02520589
0.20841215 0.56874009 0.27818294 0.02771308
0.20967527 0.22609199 0.46772239 0.03296973
0.51008109 0.93279342 0.17753775 0.03874703
0.27445881 0.09075790 0.70378205 0.04266193
0.39143408 0.59920445 0.63844804 0.03370311
0.78948529 0.39363475 0.61697662 0.03028986
0.42334313 0.25419823 0.05238456 0.02574078
0.52930762 0.90643970 0.72728927 0.03542353
0.74353283 0.39663226 0.56405640 0.02529743
0.29679232 0.63194392 0.79543848 0.04189615
0.49774940 0.49101054 0.93709571 0.03317407
0.44635483 0.20584939 0.52580822 0.03059975
0.12753325 0.16382414 0.67191949 0.04781293
0.78000940 0.06773219 0.20493978 0.03178627
0.26289674 0.16350232 0.91281080 0.04302347
0.42781150 0.31961763 0.07008264 0.02955811
0.84272976 0.29966484 0.60378969 0.02793553
0.23794385 0.89250627 0.62885487 0.05182517
0.09243319 0.92083844 0.34378650 0.04366970
0.77709523 0.92498788 0.71335804 0.02535855
0.72581428 0.65497276 0.12063569 0.03111513
0.73656369 0.27042282 0.10418447 0.05195424
0.12193808 0.52266793 0.63224382 0.03418261
0.86184739 0.49604010 0.82777436 0.03440188
0.07549195 0.42698774 0.08667590 0.04122213
0.40880808 0.50571225 0.23614973 0.04008080
0.72665046 0.34858911 0.62840800 0.02901851
0.61736066 0.62148326 0.67082866 0.03034045
0.36811817 0.53288811 0.07049672 0.03866593
0.08146089 0.46641371 0.91077703 0.02842901
0.11161123 0.83969200 0.78733164 0.02727907
0.47254702 0.43814676 0.41560581 0.04729016
0.27439341 0.76263331 0.69691267 0.02513832
0.54860570 0.57578388 0.69602973 0.03147675
0.31574159 0.30458305 0.07353688 0.04568187
0.92646390 0.66993787 0.29457656 0.03147571
0.13935606 0.82890472 0.86867969 0.04601621
0.31615088 0.93107483 0.77206682 0.04143322
0.61649990 0.47499916 0.69107776 0.03520175
0.86209033 0.29825031 0.37046040 0.03632959
0.21645267 0.17256163 0.66386422 0.02806377
0.73152467 0.68841625 0.55115712 0.02975121
0.63898616 0.90234335 0.72864771 0.02710420
0.07190328 0.35259482 0.94002172 0.02792037
0.24368187 0.92172792 0.11859372 0.03482865
0.84030757 0.57889927 0.46190250 0.02575757
0.44687385 0.05500066 0.60144181 0.02507277
0.68912944 0.19742434 0.79210683 0.02975153
0.31791864 0.23856087 0.76376621 0.03492911
0.69668409 0.56504485 0.13094752 0.02771944
0.62111880 0.13042757 0.27880301 0.04362511
0.46596133 0.70769340 0.50088288 0.04322894
0.73395331 0.88237782 0.34456130 0.02822511
0.51685119 0.53372041 0.31739625 0.03040588
0.17899551 0.25248674 0.23884927 0.03083445
0.91106433 0.67182622 0.38552022 0.03470513
0.29765768 0.13602513 0.52417797 0.04320330
0.08920561 0.58357321 0.55582619 0.03633237
0.71978996 0.18471988 0.15114167 0.03059851
0.42489297 0.69883792 0.84893721 0.03234865
0.79071421 0.68748882 0.41185592 0.02885371
0.18524522 0.14867264 0.39093966 0.04804323
0.29762407 0.84573737 0.27282547 0.02722344
0.63516265 0.55854039 0.09043376 0.03458621
0.19135646 0.74231842 0.45017499 0.02686392
0.55763860 0.42708294 0.12291700 0.04664913
0.55131009 0.39552193 0.46113124 0.03496203
0.09839749 0.14320848 0.23513057 0.03167253
0.35135711 0.44255599 0.70135627 0.04439218
0.37848841 0.44677995 0.09548148 0.03382118
0.50957139 0.06865404 0.45163218 0.03059850
0.20911601 0.56776104 0.47914553 0.02582066
0.35944186 0.70771237 0.92550891 0.02951640
0.06973659 0.22324755 0.32292043 0.04237858
0.46474214 0.76037332 0.30681257 0.03536157
0.74451787 0.60227288 0.06425932 0.03178561
0.49065094 0.33465980 0.63926999 0.05186995
0.84435518 0.19033038 0.37557150 0.02826088
0.38622718 0.57447512 0.17267862 0.02686314
0.42555609 0.57784143 0.41821209 0.04064123
0.75460717 0.23754195 0.21099453 0.04524678
0.53560099 0.31922476 0.83086410 0.02542737
0.08632705 0.92963428 0.64097941 0.02899589
0.82394315 0.35222822 0.84717583 0.05099358
0.62258677 0.15581861 0.54361096 0.04932908
0.21604091 0.86736871 0.22764390 0.03539912
0.73469763 0.87117320 0.77358930 0.03397333
0.50470144 0.37817974 0.77346362 0.03117801
0.88631810 0.22193290 0.48492730 0.03625269
0.69106498 0.83640437 0.23427589 0.03910595
0.07938734 0.45487158 0.23662914 0.03600988
0.41291030 0.12495728 0.47147604 0.03683678
0.76644623 0.76214548 0.76550356 0.03038940
0.53592249 0.33610793 0.16275905 0.03091543
0.51163077 0.05355872 0.68618461 0.02700872
0.90593062 0.63993401 0.49504012 0.04506108
0.35369348 0.73385364 0.81333243 0.03094385
0.87640194 0.56963682 0.10560579 0.03674276
0.28100572 0.43032208 0.64744728 0.02817783
0.36736361 0.93657060 0.59201407 0.03293568
0.93032622 0.49620269 0.39929998 0.03956995
0.33798210 0.52783965 0.47535930 0.04005263
0.72748607 0.09723283 0.91525028 0.04339971
0.08848878 0.21333822 0.92414015 0.02510067
0.32043219 0.06551345 0.93105422 0.03180415
0.60763928 0.57275365 0.54086592 0.02621724
0.34200461 0.80370949 0.52617346 0.04001067
0.89714914 0.73115541 0.91093237 0.04398517
0.66602421 0.53121737 0.22488026 0.02879343
0.89280771 0.55254047 0.66643878 0.02799123
0.55432997 0.09590967 0.87481828 0.03135483
0.32267915 0.42670475 0.81589398 0.03833809
0.62652655 0.24860401 0.83108308 0.04449820
0.46926801 0.92960509 0.90358693 0.03749732
0.25805695 0.64420024 0.42197677 0.03117648
0.58633373 0.61083872 0.42262927 0.03161524
0.76326892 0.53466120 0.41941724 0.04951131
0.67210191 0.49180709 0.12975941 0.04055703
0.92208538 0.88665065 0.72870357 0.03922462
0.79967004 0.13040197 0.81715623 0.02918349
0.50880516 0.74466810 0.22860750 0.04037603
0.56414338 0.49082046 0.36000003 0.02612298
0.22502350 0.28396230 0.56818504 0.04141752
0.65003323 0.79818969 0.91326544 0.02969176
0.64803457 0.93185862 0.20612893 0.04016270
0.46630143 0.58385465 0.64199271 0.03684245
0.08165891 0.24649051 0.09929981 0.02768217
0.89010199 0.47018606 0.08177692 0.03104288
0.71741583 0.89886890 0.17076836 0.03008692
0.19780696 0.51051216 0.55291782 0.04827456
0.37284318 0.07809897 0.51604261 0.02493954
0.48267346 0.38995004 0.91133532 0.02479791
0.75480131 0.21910914 0.44687743 0.04586703
0.71567308 0.58398112 0.28918167 0.03657434
0.48539469 0.82115166 0.76392647 0.03110210
0.93785300 0.08227090 0.40450377 0.02948022
0.66788421 0.11590920 0.61452850 0.03778468
0.62242479 0.19479663 0.67205704 0.02542108
0.36567214 0.16370434 0.31053393 0.02932894
0.47053852 0.16564003 0.09819971 0.05152207
0.49720916 0.46769112 0.29675940 0.03133741
0.13946047 0.36493858 0.52673912 0.04300071
0.53387633 0.12881930 0.31011366 0.03355641
0.51007604 0.63514776 0.60218642 0.03028896
0.21475694 0.49755349 0.07197126 0.02838170
0.93238489 0.10243696 0.77184306 0.03967965
0.08770555 0.11690254 0.83597031 0.02491568
0.58007857 0.77382864 0.94124519 0.02498995
0.90355407 0.91274355 0.34775019 0.03077587
0.16494720 0.73638062 0.07390271 0.03104788
0.39623511 0.73010752 0.35010755 0.03322935
0.09341773 0.17298010 0.47269337 0.02645767
0.68948473 0.10770644 0.07226533 0.03542304
0.41479047 0.84609651 0.91322821 0.03767793
0.13129616 0.34575100 0.25975454 0.02664524
0.27326201 0.55713642 0.63457883 0.03710952
0.15837280 0.44991465 0.70640194 0.02524859
0.25052173 0.07967777 0.79876956 0.02617917
0.15257188 0.75401559 0.17434004 0.03451288
0.07270354 0.82097077 0.18061422 0.02736013
0.75629789 0.86745868 0.09291557 0.03321502
0.83232616 0.28333956 0.68959060 0.03045928
0.86808298 0.88793187 0.65339291 0.04817894
0.72335567 0.40449993 0.30180351 0.02527208
0.27398149 0.94258264 0.42944327 0.02912326
0.40178792 0.43964603 0.52155740 0.02699834
0.82554521 0.16697635 0.20769546 0.03374906
0.46162014 0.57423274 0.34106631 0.02980787
0.91708547 0.45450777 0.70476723 0.02894134
0.19791379 0.80220918 0.92375447 0.02649505
0.22366731 0.18642661 0.53428110 0.02619012
0.24472635 0.36232830 0.63292365 0.02577399
0.55888113 0.39172174 0.84882140 0.04176972
0.16642751 0.64601438 0.25715633 0.04335632
0.57244281 0.77293641 0.38446552 0.03501185
0.41262544 0.05793266 0.41159436 0.02957721
0.93139319 0.48383285 0.79409413 0.03873987
0.65713065 0.69877419 0.86190326 0.02613345
0.15845362 0.09555602 0.83304940 0.03674344
0.62467416 0.50009296 0.77285801 0.02600526
0.55635073 0.41822881 0.54635561 0.02661609
0.12495223 0.42150686 0.58627295 0.03070864
0.89682571 0.20477578 0.56031833 0.02823537
0.54942924 0.19847958 0.79605210 0.02812219
0.50094600 0.25027927 0.14838468 0.03189685
0.13281928 0.07343834 0.32775400 0.02482231
0.64798683 0.16349463 0.13170005 0.02873344
0.42371408 0.92647714 0.52927005 0.04407759
0.50374436 0.14869783 0.42873171 0.03264820
0.75195088 0.37347356 0.44643043 0.04279379
0.58058898 0.54982286 0.34345402 0.03193444
0.78988200 0.22600282 0.94240287 0.02792258
0.35550499 0.57059415 0.81365887 0.02732263
0.64194894 0.61831937 0.49713906 0.02731207
0.23461141 0.31934980 0.91733984 0.04161116
0.66317386 0.33116526 0.48726863 0.03296927
0.86824296 0.40565387 0.34422532 0.02858268
0.32002229 0.32404634 0.63415192 0.03589003
0.48523405 0.84452831 0.90876414 0.02724761
0.73319916 0.25109237 0.67548201 0.02844315
0.10694890 0.22786246 0.55746849 0.04561961
0.74374352 0.58771581 0.55208845 0.04181420
0.56390415 0.69611710 0.44568986 0.04359799
0.76860286 0.53139014 0.81469100 0.02508231
0.13668627 0.67089843 0.77921494 0.03101447
0.94306511 0.53784929 0.06411963 0.03004723
0.06096631 0.93000235 0.09663002 0.02840564
0.61202104 0.53564844 0.47193552 0.04685961
0.62149238 0.87464385 0.92289073 0.03421165
0.89126827 0.86216437 0.27953508 0.03155246
0.20773568 0.75179553 0.87731671 0.02545935
0.55265464 0.77647635 0.29186768 0.03531197
0.55697007 0.83015125 0.77260970 0.03118091
0.11202636 0.59565064 0.70475734 0.02837813
0.77202713 0.30592071 0.50319802 0.03898611
0.48510084 0.31464769 0.43315098 0.05181966
0.56173615 0.52632199 0.89146248 0.02896857
0.09271396 0.09956007 0.39287844 0.04752254
0.81621516 0.37778668 0.68691556 0.02650068
0.19913935 0.48637020 0.24746441 0.05005121
0.40752670 0.70231203 0.77529966 0.03012231
0.77902758 0.74282288 0.50884687 0.04189866
0.20781344 0.38675633 0.21757473 0.02948668
0.53619087 0.51527553 0.19167294 0.03831535
0.16457800 0.78759137 0.66291015 0.02583168
0.92528214 0.56985479 0.77604693 0.02937183
0.36407615 0.61307937 0.70955550 0.02812719
0.85270176 0.91039811 0.81016686 0.04051606
0.66827515 0.59215316 0.75487299 0.03169147
0.54573112 0.49514865 0.57754637 0.03040449
0.22131592 0.33354183 0.35174870 0.02673918
0.40739234 0.27622637 0.94006369 0.03269658
0.29508949 0.19005560 0.28987073 0.02996924
0.33952075 0.17328846 0.08438907 0.02739756
0.43126207 0.53321982 0.51351658 0.03879707
0.24694083 0.83235227 0.77547257 0.03026633
0.92811763 0.55815936 0.30711483 0.02602164
0.18155105 0.93262184 0.82646047 0.03384123
0.35158941 0.20365200 0.51154390 0.03135738
0.67968619 0.26772351 0.37383159 0.02482399
0.66152713 0.33694058 0.25113308 0.03838489
0.91375427 0.38641376 0.10288837 0.04602420
0.07481705 0.82419598 0.66742791 0.04246981
0.08165619 0.70904970 0.43163442 0.04284757
0.29378764 0.25583794 0.15287284 0.04290293
0.60839301 0.08159079 0.07070226 0.02605790
0.78187906 0.37816435 0.34625971 0.03395004
0.93656256 0.35580025 0.32354440 0.02921609
0.43416157 0.67300149 0.59079766 0.03090774
0.88467746 0.50646340 0.90494719 0.04079122
0.73433741 0.66923584 0.76283684 0.02881723
0.28078034 0.45456223 0.17163938 0.03473228
0.11266309 0.60813069 0.89332757 0.03122093
0.12906811 0.47584827 0.12006993 0.02556167
0.07438998 0.68747281 0.07993455 0.02637414
0.86837900 0.29007723 0.52345774 0.03175464
0.28925266 0.79426829 0.34158748 0.03375485
0.47555421 0.85617258 0.21744403 0.04341076
0.83105961 0.19868501 0.73119954 0.02770388
0.92067132 0.36266163 0.21841620 0.02473775
0.87329517 0.79624843 0.66916559 0.03225148
0.77303031 0.40422017 0.27421431 0.02515823
0.90898541 0.14677280 0.06233146 0.02775450
0.38257495 0.36317511 0.45697444 0.04777870
0.80758493 0.82715882 0.64632576 0.03070176
0.07243421 0.71043652 0.62024284 0.02547412
0.15558232 0.71144871 0.30772950 0.02796181
0.37695153 0.07892746 0.72242685 0.03578626
0.21891048 0.13048426 0.59633468 0.02667184
0.92116252 0.37654927 0.43590574 0.04532158
0.35009429 0.24704708 0.28045305 0.03979154
0.18176554 0.10070069 0.27224608 0.02879352
0.46379957 0.61822212 0.06065456 0.03474453
0.69565129 0.09114841 0.42948534 0.05213884
0.70282139 0.94741076 0.58801288 0.02644017
0.83399479 0.80841794 0.92229652 0.02533415
0.06056547 0.79884935 0.85460809 0.03436039
0.09768620 0.90092381 0.70996990 0.03597414
0.73409306 0.62030250 0.39467538 0.02688742
0.91142937 0.67106642 0.80086979 0.03280619
0.75596583 0.78062487 0.93994660 0.03309580
0.36388471 0.82140602 0.08759447 0.04060305
0.51486114 0.08722176 0.05644158 0.02620743
0.58900481 0.64004415 0.92047625 0.03594831
0.79067420 0.63523748 0.09687899 0.02483909
0.06615409 0.25291467 0.70388976 0.03105577
0.70498431 0.36849149 0.08205995 0.02860096
0.07119951 0.44817775 0.71409092 0.02891474
0.80566451 0.92128911 0.55187747 0.04616566
0.43792633 0.48682556 0.66874459 0.03296349
0.40794547 0.69056890 0.25896516 0.04083682
0.89834456 0.26881718 0.91362678 0.02632610
0.52550320 0.69041222 0.93887523 0.02750856
0.69787157 0.77231601 0.83229965 0.04092941
0.37649519 0.07030883 0.35268317 0.03061691
0.80351879 0.06426897 0.82682634 0.02628043
0.63833723 0.89493590 0.29049328 0.02581808
0.20738373 0.29543920 0.47518540 0.02529228
0.69462980 0.88998321 0.67110020 0.04305099
0.71539734 0.94088434 0.08323509 0.02907273
0.22893691 0.73675140 0.94671347 0.02559917
0.23654390 0.47792124 0.86057981 0.02528759
0.25209308 0.91626652 0.35873098 0.03135066
0.64789745 0.44615788 0.30391774 0.04422159
0.75538331 0.92566069 0.40715025 0.03336161
0.94181449 0.80572797 0.66081383 0.02843558
0.37874040 0.20760828 0.12205453 0.02677496
0.19718396 0.35653895 0.78163369 0.03616612
0.89298143 0.88688182 0.51922115 0.03931300
0.26180734 0.54410462 0.38297512 0.02507379
0.30241778 0.76724175 0.25679148 0.03481724
0.85251257 0.22605044 0.06677133 0.03459824
0.13636614 0.54575760 0.72136548 0.02477692
0.53151114 0.87938761 0.49851158 0.02729470
0.75119615 0.38228327 0.79900707 0.02987250
0.77912316 0.13287608 0.47452389 0.02558557
0.50693481 0.49444297 0.66286616 0.02843671
0.93215140 0.20470563 0.93836493 0.03466432
0.34401885 0.38898533 0.56397935 0.02907293
0.08015971 0.62649620 0.44321710 0.03412967
0.67865083 0.94035725 0.42866156 0.03257647
0.36007276 0.63229925 0.19914930 0.02534186
0.06870263 0.36057399 0.80975868 0.03366905
0.93379979 0.09538943 0.59375404 0.03627874
0.10468841 0.54164095 0.41754249 0.02900513
0.69867818 0.23990789 0.91168908 0.04218706
0.81470725 0.30407528 0.28030506 0.03360780
0.23098249 0.83932620 0.10461784 0.03230556
0.79136969 0.71237342 0.93164233 0.02576854
0.79732153 0.49834625 0.89103686 0.02538803
0.63478473 0.24093309 0.58557365 0.02865573
0.44483812 0.64594670 0.34266269 0.02731918
0.27978259 0.94715093 0.87019132 0.02524400
0.38225582 0.13289384 0.90521006 0.02665117
0.17822629 0.22368514 0.29847083 0.03022674
0.18101521 0.75424002 0.25114463 0.03391492
0.19935316 0.07885243 0.53179290 0.03826984
0.10706326 0.28002924 0.14220258 0.02736996
0.38035646 0.18525109 0.41362905 0.03400252
0.15478999 0.69021781 0.50903954 0.04314550
0.86799889 0.57834090 0.40902686 0.02819041
0.14240074 0.12599914 0.57165561 0.03316084
0.40176722 0.48929711 0.56716663 0.02914100
0.57295127 0.26674855 0.44201518 0.02623044
0.34651824 0.45700028 0.39812228 0.04227875
0.13815027 0.65719926 0.62498264 0.02901096
0.22696028 0.06878596 0.36914274 0.02666881
0.45558673 0.18686573 0.21952593 0.03092633
0.79553984 0.06441184 0.31958277 0.02780758
0.74268986 0.51069641 0.65868209 0.03881900
0.91454306 0.75465058 0.16389006 0.03744794
0.38905715 0.93059892 0.76118041 0.02701091
0.14479942 0.92976865 0.61515877 0.02568168
0.73174432 0.44693453 0.06861533 0.03951126
0.09748209 0.91133521 0.87806005 0.03726235
0.38226322 0.63269885 0.37516195 0.03122542
0.63890593 0.07921237 0.88525486 0.03433345
0.09678692 0.40176254 0.42006472 0.02849615
0.21028670 0.09769742 0.93899172 0.02891041
0.60446593 0.46621633 0.19875083 0.02570576
0.65966975 0.70425004 0.49114604 0.02663389
0.05733023 0.21884884 0.14702806 0.02593490
0.94261379 0.94769288 0.42743213 0.02543420
0.32222340 0.74825236 0.08103521 0.03501370
0.44354748 0.62714756 0.48907080 0.03383404
0.88723648 0.45689492 0.15396666 0.02719800
0.26412443 0.37820757 0.09582735 0.02518536
0.87964217 0.06764983 0.17041219 0.03491385
0.38033971 0.61417829 0.76633783 0.02605056
0.46848491 0.88614645 0.75449935 0.02791264
0.14242681 0.74458948 0.87593074 0.03179124
0.71355924 0.22766360 0.28462606 0.03038667
0.21707984 0.27334043 0.33748054 0.02961390
0.92140606 0.23670902 0.37975311 0.03834794
0.92455001 0.38055301 0.58140395 0.03574433
0.91872770 0.81115050 0.54841750 0.02774181
0.05739453 0.05991427 0.66933686 0.02914623
0.46191577 0.61660373 0.90561552 0.02801525
0.22626836 0.17985476 0.31415493 0.03115522
0.38254537 0.37552977 0.23309032 0.03775123
0.83871295 0.81420365 0.73934273 0.02781019
0.79283908 0.65692960 0.22188632 0.02492761
0.40356309 0.83058763 0.30948666 0.02536751
0.12592791 0.06647142 0.75396340 0.03611516
0.16866252 0.79097380 0.39335307 0.03157701
0.94072768 0.15329348 0.88875734 0.02612002
0.06734747 0.48219276 0.32373548 0.03084131
0.53810117 0.05898077 0.11538855 0.02924879
0.83083424 0.58199355 0.53054272 0.02501101
0.20908054 0.59678878 0.52939729 0.02565298
0.34057036 0.18390248 0.93093701 0.02762883
0.62253771 0.79566025 0.60416070 0.02735135
0.43401155 0.52692859 0.80411541 0.03532842
0.89879841 0.60093180 0.17295214 0.03353688
0.53656597 0.15165022 0.53344452 0.02648173
0.78743534 0.80497195 0.37632968 0.03277586
0.85035239 0.46017035 0.22792885 0.04963100
0.47943566 0.22859184 0.83395737 0.03858663
0.51548382 0.65512789 0.87697571 0.03420230
0.16685496 0.48541222 0.44282241 0.02924418
0.31197320 0.68488011 0.59150945 0.03033422
0.71514639 0.14862323 0.30291166 0.02824224
0.05598642 0.40554076 0.52960884 0.02992729
0.25045652 0.21055749 0.69416801 0.02598648
0.66041770 0.17433598 0.44694934 0.03344970
0.85508437 0.39160874 0.74114443 0.03237895
0.30573939 0.52210127 0.74612938 0.02911532
0.59263871 0.26447467 0.90742664 0.03089677
0.79208670 0.05381992 0.06563909 0.02671143
0.33367555 0.27080590 0.53507667 0.03228771
0.22156695 0.16304197 0.10817825 0.03540966
0.84725038 0.90574622 0.92074335 0.03122043
0.18124053 0.17277839 0.23545820 0.03391280
0.06345889 0.47316728 0.54690222 0.03265952
0.07443120 0.91293678 0.43789831 0.03115759
0.34888837 0.89865095 0.93373375 0.03097752
0.10625555 0.06541552 0.61745676 0.02611187
0.38274528 0.10720737 0.29227818 0.02567384
0.64277885 0.63898421 0.12630793 0.02654192
0.27630612 0.07258704 0.61729278 0.03389785
0.67186303 0.68553886 0.05383722 0.02742235
0.59276280 0.10603079 0.81151351 0.03107987
0.92679412 0.91570318 0.06835102 0.04128688
0.66741293 0.40545694 0.41796969 0.03947021
0.48257088 0.77281289 0.81924007 0.02717819
0.33063090 0.10453665 0.05808717 0.03123526
0.52933201 0.37449337 0.32960460 0.04180892
0.65108340 0.33907348 0.32936715 0.02784584
0.15155967 0.58051544 0.30948431 0.02709433
0.93817182 0.65032780 0.22801681 0.03013219
0.73894064 0.08133494 0.51921401 0.04313617
0.32389783 0.42321266 0.46259431 0.02542292
0.41306633 0.90079899 0.41824393 0.03228070
0.26856132 0.23351577 0.61619641 0.02738597
0.93745761 0.28037420 0.07792681 0.03188288
0.82719059 0.59802362 0.05369415 0.02684880
0.40500249 0.24901994 0.74548145 0.03845456
0.35796815 0.93823306 0.83463454 0.02724951
0.71677008 0.37051272 0.22135466 0.02575242
0.37419734 0.34490517 0.88501736 0.03027326
0.72337167 0.73565084 0.71310478 0.03014817
0.28384263 0.59327334 0.46017636 0.02494586
0.19261739 0.47593588 0.36650718 0.03484052
0.93037338 0.93028391 0.57063483 0.02664744
0.77010844 0.58694929 0.16356250 0.04713756
0.42734305 0.48029383 0.75141405 0.02966888
0.68159218 0.38846644 0.82450991 0.02901527
0.32050848 0.93486089 0.67666391 0.02575714
0.50838046 0.57744085 0.92948160 0.02769573
0.85784256 0.38502196 0.60807235 0.02495421
0.18031980 0.38894181 0.69396577 0.02597570
0.15340834 0.61104158 0.17317881 0.02725511
0.71928193 0.47007315 0.22726625 0.02583780
0.60173587 0.62291179 0.78141191 0.02981312
0.48306494 0.27785367 0.72036784 0.03124402
0.21923224 0.39830352 0.83738487 0.02904034
0.21980329 0.81537704 0.30410028 0.02852773
0.31616028 0.92746262 0.17177350 0.03705756
0.83502849 0.27107274 0.20325395 0.02707136
0.61198871 0.36282901 0.14570875 0.02653454
0.17262432 0.33576821 0.38805541 0.02903343
0.31471659 0.82217281 0.73603055 0.04056885
0.76178405 0.08713898 0.61515575 0.02763521
0.73822037 0.45874038 0.86571028 0.02604428
0.90608601 0.71219086 0.05101770 0.02511016
0.72633322 0.46799690 0.32458265 0.02538057
0.49767605 0.81410289 0.09200993 0.02855858
0.90612092 0.15403807 0.42922292 0.02477082
0.94098415 0.30234180 0.49977766 0.02849889
0.71136038 0.61951509 0.94120164 0.03109402
0.94604599 0.87803395 0.83359212 0.02592657
0.45097726 0.62012198 0.74917396 0.03198362
0.28200239 0.07150147 0.46698513 0.02544393
0.66529660 0.41762735 0.92492011 0.02513135
0.83418923 0.28625635 0.75557636 0.02620151
0.89019827 0.10479817 0.46686336 0.02614506
0.13389436 0.56721085 0.85087891 0.02530266
0.86085075 0.50806453 0.69586500 0.02717520
0.32318074 0.48255228 0.28579233 0.02890951
0.53757051 0.24394537 0.07512852 0.04034716
0.62793261 0.84326477 0.81372450 0.03856101
0.63176761 0.37199214 0.65436199 0.02907388
0.45504827 0.74830495 0.76656569 0.03028703
0.18488426 0.11344550 0.46565202 0.02695405
0.09312147 0.73877882 0.79697709 0.02564468
0.30574102 0.79291429 0.12798000 0.02639736
0.84061000 0.25254762 0.42336536 0.02655371
0.05605024 0.09106391 0.10281534 0.02551672
0.76722729 0.36507765 0.05664974 0.02507266
0.58138574 0.36439127 0.21143781 0.02527718
0.80083200 0.75719994 0.88509580 0.02743948
0.10803616 0.92938384 0.15332108 0.02595916
0.50665890 0.48734246 0.86011841 0.03518669
0.12280668 0.27412027 0.26857085 0.02951321
0.42930962 0.43403673 0.20254017 0.03174896
0.55014084 0.17988096 0.66995159 0.02831894
0.27007576 0.87593224 0.15930942 0.02698359
0.25625929 0.47070099 0.93456689 0.02765307
0.79135932 0.16196559 0.65896884 0.02924426
0.92513043 0.23964230 0.61682646 0.02662252
0.16049461 0.11563078 0.08185672 0.02742539
0.86617430 0.89804601 0.21052985 0.02681523
0.22112163 0.29904693 0.11442487 0.02603047
0.60694259 0.75205620 0.66092140 0.03881285
0.10098045 0.34438105 0.45633537 0.03158706
0.80466405 0.38112956 0.54267298 0.02730715
0.07286885 0.33498386 0.69732935 0.03669612
0.77066830 0.46155765 0.59543243 0.03840715
0.37874993 0.35050058 0.32587284 0.02530508
0.10666473 0.06306100 0.86285995 0.02510294
0.53732326 0.48578326 0.72016069 0.02828714
0.14909313 0.90421221 0.43321206 0.03841002
0.36181540 0.76240501 0.89410069 0.02646024
0.84676321 0.34267807 0.47384746 0.02599504
0.88079703 0.18956964 0.25016383 0.03278407
0.07385580 0.75116185 0.18103035 0.03662522
0.07801400 0.28975951 0.86819802 0.03198201
0.41704105 0.20171242 0.86443478 0.02484508
0.15903616 0.55801410 0.79604966 0.02559668
0.36854337 0.36385662 0.76323329 0.02643747
0.08916277 0.18788900 0.05861179 0.02754034
0.12292683 0.50965302 0.30493460 0.02722150
0.28219491 0.08049451 0.19935035 0.02478520
0.60347508 0.38371896 0.73967527 0.02574825
0.32716746 0.90565696 0.07655510 0.03199016
0.84671239 0.77422638 0.60108266 0.02873201
0.45200739 0.43601925 0.12359779 0.02737013
0.36423403 0.77868691 0.17626827 0.02907586
0.81182088 0.23940184 0.54348996 0.02775877
0.26754355 0.81212192 0.19134576 0.02714792
0.81037998 0.29486305 0.94353754 0.02496877
0.19994335 0.11287917 0.73702643 0.02634158
0.86034742 0.08820641 0.81926315 0.02558268
0.39302609 0.15861463 0.24133652 0.02577456
0.20286635 0.05456293 0.06716437 0.02647155
0.34124830 0.69015765 0.29921249 0.02689534
0.39628623 0.13754470 0.36013185 0.02594328
0.17846229 0.88862185 0.17391685 0.02479718
0.79922293 0.27797318 0.80798514 0.02976374
0.30842405 0.68625200 0.39449171 0.02601264
0.29719228 0.79488726 0.44002023 0.02983085
0.55162706 0.06846244 0.25556635 0.02562127
0.46801615 0.67655864 0.64577666 0.02664916
0.07169638 0.14833748 0.57466216 0.03269799
0.19446719 0.93859844 0.49999528 0.02811816
0.74236152 0.65987834 0.28117850 0.03700953
0.09166543 0.40662970 0.16935719 0.02864496
0.83290799 0.41856148 0.41163205 0.04097184
0.74742146 0.08145824 0.11157808 0.02828546
0.27387023 0.05730790 0.52485670 0.02606147
0.11710773 0.68910284 0.21409968 0.02518576
0.18244461 0.54369002 0.16829350 0.03107350
0.87365219 0.86637587 0.38462898 0.02845972
0.92142830 0.12967493 0.15901667 0.03374496
0.93352049 0.75842632 0.74090898 0.02758241
0.80494962 0.17527249 0.51642775 0.03159106
0.62988540 0.80467262 0.27544733 0.02784171
0.48279833 0.06206012 0.53904195 0.03036063
0.58386937 0.63680685 0.18095015 0.02863592
0.64253022 0.58547071 0.26329357 0.02656925
0.06144212 0.79844387 0.44287296 0.02878403
0.81588904 0.90538149 0.44460695 0.02513867
0.64090352 0.41401537 0.06228436 0.02639334
0.93879459 0.29881948 0.22081205 0.02893659
0.68181255 0.35343097 0.93018965 0.02678798
0.30752334 0.81630499 0.93049474 0.04111126
0.79465250 0.86146875 0.80363392 0.02536148
0.46706820 0.22574023 0.68346359 0.02499429
0.52671347 0.84270832 0.85087379 0.03172601
0.47854669 0.10479873 0.64160154 0.04079473
0.90937113 0.07616351 0.08661629 0.02786946
0.28117907 0.64381458 0.26210341 0.02697161
0.71254397 0.67805183 0.64936940 0.03850198
0.82611455 0.61719029 0.63237794 0.02591441
0.38720798 0.70317498 0.54330896 0.03512784
0.07754454 0.22929320 0.20631427 0.02488201
0.85640479 0.64329768 0.10708393 0.02782657
0.59767343 0.46116836 0.55656893 0.02537716
0.08056296 0.81610743 0.36274170 0.03831826
0.54765145 0.06746792 0.51202408 0.02732444
0.65621695 0.63641653 0.86269658 0.02734968
0.62760927 0.41959553 0.58364138 0.02683704
0.06148407 0.54493956 0.87371536 0.03132313
0.56087054 0.61303893 0.83327497 0.03134657
0.32733468 0.90225595 0.52217590 0.02744461
0.56487322 0.35840119 0.53776783 0.02617391
0.78022977 0.19019327 0.79200394 0.02877362
0.56792266 0.91321306 0.88364372 0.02479942
0.92888398 0.63970470 0.89021766 0.02581490
0.74517442 0.64539706 0.45926995 0.02933207
0.36357575 0.22760654 0.60356705 0.02990627
0.83159485 0.92977974 0.32093874 0.03495476
0.33680980 0.31622334 0.23673177 0.02572121
0.45354237 0.06702043 0.11836709 0.02645365
0.93740188 0.72953123 0.56986750 0.03019412
0.66555059 0.64819987 0.36105747 0.02540710
0.62552400 0.93301850 0.84423488 0.02974211
0.29239218 0.84932414 0.06638334 0.02607730
0.75425174 0.17301372 0.88879794 0.03285546
0.71923919 0.28863183 0.83527730 0.03413036
0.90506041 0.92309650 0.28449211 0.02543992
0.23103743 0.59915068 0.75092044 0.03334510
0.83060467 0.48985880 0.36415351 0.03309933
0.21839219 0.22224608 0.94309240 0.02641546
0.20862537 0.44576656 0.67253635 0.02861096
0.58839591 0.06076390 0.31818628 0.02651210
0.18884258 0.62027116 0.59238812 0.02975425
0.45844854 0.13417243 0.54790465 0.02719848
0.86680128 0.85521277 0.07726374 0.03153831
0.44070345 0.07679797 0.92057185 0.04174881
0.81980073 0.42396002 0.06499258 0.02800230
0.90703274 0.28879416 0.85158900 0.02586226
0.16992398 0.70862188 0.37748155 0.02759167
0.65968832 0.06421105 0.78628537 0.03515864
0.89347950 0.15687429 0.71120662 0.03593162
0.74798794 0.70911139 0.06865664 0.03088744
0.25155717 0.92279988 0.28736996 0.03244579
0.18671836 0.66369898 0.16392987 0.02584474
0.18742371 0.29433378 0.65141298 0.02578809
0.13244684 0.90525441 0.50814565 0.03344383
0.24493577 0.63767466 0.89329961 0.02724999
0.49767039 0.40491867 0.20172546 0.02529587
0.81138085 0.91980562 0.15907479 0.03469826
0.29113485 0.23526703 0.94647868 0.02526250
0.06248119 0.86617405 0.26277939 0.03406446
0.54890452 0.43601537 0.94425562 0.02736189
0.54840197 0.79159480 0.53133296 0.03088794
0.34699808 0.34677649 0.71184098 0.02620504
0.23616595 0.70667272 0.22988481 0.03023462
0.55295696 0.74949106 0.76342663 0.03427287
0.76289160 0.81024301 0.15576554 0.02571527
0.91722314 0.10637990 0.85509760 0.02895245
0.56889009 0.58927318 0.07600277 0.03228280
0.48706273 0.39682086 0.06461573 0.02524423
0.53483350 0.73669803 0.90133795 0.02590109
0.34927629 0.57422958 0.38542251 0.03094117
0.54927638 0.65013912 0.66986500 0.03362101
0.35432907 0.85774378 0.47803061 0.02814303
0.84733831 0.50813987 0.15306284 0.02757317
0.22555755 0.56208196 0.05383753 0.02498598
0.51208390 0.27230455 0.21278009 0.02889028
0.24936991 0.07373869 0.86913759 0.03413932
0.53512987 0.93267117 0.45488143 0.03350892
0.65418000 0.53017915 0.91835312 0.02470841
0.66975910 0.22363736 0.68370938 0.02599378
0.30684876 0.12994038 0.24507013 0.02478799
0.37590189 0.28987904 0.14912268 0.02487782
0.65665560 0.81891962 0.66876012 0.03118738
0.12563803 0.64141920 0.56414076 0.02542103
0.11238151 0.32800227 0.08316237 0.03163710
0.85777608 0.71830605 0.09481837 0.02472329
0.54565542 0.06934016 0.75270329 0.02483880
0.39545938 0.07919333 0.65745038 0.02589561
0.42852826 0.91847167 0.05309274 0.02632934
0.19003223 0.17875624 0.72377961 0.02566923
0.52996620 0.93423162 0.64338470 0.02993247
0.74600766 0.15517312 0.08885387 0.03185904
0.41516421 0.90916680 0.83117163 0.03208462
0.37604864 0.50493888 0.15896176 0.02659589
0.35541128 0.74939896 0.43048489 0.03276116
0.40340555 0.78994969 0.80478363 0.03221692
0.62026308 0.82216303 0.33648866 0.02971015
0.38379238 0.92093176 0.69841032 0.02476447
0.57019011 0.67168860 0.25110399 0.02571997
0.91966913 0.43755026 0.54416110 0.02556367
0.25787627 0.06821278 0.13753667 0.03586375
0.92009829 0.40307289 0.76567437 0.03121084
0.42219188 0.94114343 0.32796282 0.03286213
0.09154280 0.47096057 0.46680298 0.02634625
0.63785468 0.29888551 0.94519478 0.02720722
0.26931947 0.61064877 0.58452701 0.02930421
0.73466068 0.54573990 0.94885716 0.02507701
0.93359005 0.93898722 0.63655079 0.02837231
0.27077907 0.24087063 0.48822087 0.02729773
0.11185450 0.76714009 0.93510445 0.03244752
0.30800947 0.24853996 0.68183271 0.02891419
0.24701400 0.24299087 0.08408016 0.03139341
0.75368532 0.14666735 0.59995571 0.02688167
0.20818502 0.50701514 0.64165440 0.02840158
0.20043753 0.93714593 0.93905676 0.02817713
0.26118698 0.75359786 0.77139827 0.03794817
0.54423284 0.13610369 0.93841384 0.03067703
0.75809088 0.93852148 0.78543892 0.02675556
0.70331515 0.94103638 0.27849982 0.02764238
0.06613546 0.45645157 0.62086838 0.02933446
0.45483924 0.54531987 0.90197591 0.02708384
0.32297728 0.53569254 0.14673268 0.02740458
0.69252172 0.79149294 0.09550245 0.02746746
0.85632409 0.62945603 0.80391719 0.03115290
0.57210133 0.75509229 0.18326897 0.03095119
0.77028182 0.15616086 0.39647215 0.02511591
0.93715049 0.25087957 0.54833791 0.02892879
0.26958844 0.81744735 0.58165212 0.03202578
0.57776947 0.13595347 0.10404405 0.03331179
0.36948472 0.22353624 0.06584333 0.02564733
0.16124780 0.46776250 0.80649377 0.03057153
0.91074591 0.87284299 0.93329594 0.02736386
0.65560747 0.62586544 0.06424637 0.02995285
0.63839327 0.94784462 0.90757428 0.02623809
0.14523758 0.05922212 0.46436959 0.02612135
0.61521472 0.53386377 0.15403110 0.02640434
0.65706511 0.17350407 0.36777758 0.02994580
0.41613928 0.12534163 0.18160772 0.02502152
0.46622150 0.86198978 0.42451324 0.02828452
0.13960129 0.92710928 0.10015920 0.02648199
0.85444176 0.07388493 0.24390411 0.02585490
0.62105616 0.22469241 0.41666944 0.02599723
0.75398270 0.93294631 0.93437497 0.03229284
0.66304440 0.84774770 0.40041286 0.03322620
0.60407559 0.47433994 0.94335030 0.03053038
0.55243435 0.79878408 0.46377818 0.02534827
0.42088991 0.26343266 0.56157386 0.03340912
0.70012922 0.93751397 0.74682828 0.03215477
0.93564953 0.05459770 0.70217657 0.02724704
0.63770498 0.59611955 0.19862530 0.02644743
0.77819890 0.22320384 0.71505690 0.02775009
0.06904081 0.35732647 0.38989722 0.02601820
0.71863777 0.36150756 0.15572357 0.03096234
0.06353692 0.24825610 0.43732384 0.03645281
0.43749567 0.25343214 0.12415530 0.02787042
0.93669432 0.66986236 0.13379094 0.03309001
0.39513045 0.10762236 0.06199052 0.02643935
0.34008721 0.06675558 0.44209453 0.02525826
0.84343744 0.35644156 0.21108105 0.04387803
0.28369469 0.33368907 0.31249841 0.02525144
0.66527677 0.26142339 0.05859789 0.02524830
0.20810225 0.41561358 0.56350259 0.02588586
0.43831523 0.58416191 0.26172855 0.04064157
0.05224650 0.92987911 0.92972234 0.02561558
0.47737664 0.85397071 0.69674876 0.02989277
0.83030999 0.74956800 0.21152287 0.02478065
0.77011845 0.29996923 0.62932027 0.02700211
0.25314447 0.69616677 0.64305443 0.02572433
0.74646900 0.67346538 0.35858191 0.02857015
0.39048223 0.60550242 0.07663949 0.02496987
0.74653374 0.08466792 0.83575811 0.02921007
0.82747430 0.66312644 0.75662984 0.02497072
0.94317747 0.73788889 0.24122583 0.02861501
0.15973131 0.15605933 0.31100591 0.02944122
0.18575430 0.39155060 0.63057109 0.03113911
0.58038220 0.49809531 0.10579847 0.02473090
0.07118027 0.50549270 0.67256195 0.02507812
0.83834026 0.63902511 0.43308235 0.02821936
0.61331848 0.45474217 0.46313687 0.02572195
0.17168495 0.92839434 0.32347910 0.03255587
0.86995710 0.94729053 0.87004799 0.02560093
0.92036855 0.94035802 0.92454125 0.03037867
0.64384877 0.55447623 0.70035165 0.03183214
0.30144349 0.17703690 0.82893485 0.02972199
0.67232668 0.72629298 0.55417710 0.03292693
0.19490362 0.84605138 0.70115780 0.03587398
0.27647481 0.90529380 0.93318900 0.02834149
0.07194816 0.39351000 0.87358639 0.02601265
0.51649943 0.09370152 0.81314944 0.03368930
0.14356477 0.82523509 0.94855421 0.02526435
0.50940646 0.63188243 0.43759731 0.02597060
0.06913491 0.73706149 0.10762551 0.02568935
0.40861717 0.87145994 0.58647058 0.02808176
0.16156163 0.18562585 0.90834352 0.02610934
0.36950993 0.65144013 0.80747088 0.02503167
0.23162495 0.94244557 0.22594647 0.02829256
0.73999169 0.32374091 0.32199229 0.03182598
0.49140697 0.93242401 0.78721336 0.02747711
0.06723864 0.52942469 0.73237011 0.03366722
0.42576387 0.79984314 0.05513874 0.02710927
0.94694656 0.14436716 0.27265197 0.02630013
0.13676062 0.68688595 0.12730017 0.02657122
0.13626626 0.74096520 0.59296238 0.02543542
0.76942433 0.68570955 0.16529011 0.03180254
0.05457110 0.94464211 0.75052246 0.02512874
0.22177102 0.67296919 0.79163807 0.02721328
0.58839007 0.17011329 0.36218413 0.03347361
0.61900024 0.84936372 0.72793598 0.02471390
0.21618183 0.29845274 0.17343520 0.02829659
0.11793609 0.52753798 0.90569885 0.02605321
0.57528104 0.19553568 0.14797029 0.02637961
0.62956516 0.31842301 0.88861600 0.02817514
0.05929106 0.79193007 0.74795317 0.03061615
0.08636430 0.39396928 0.31620439 0.02639632
0.62480762 0.76603135 0.42520150 0.02588781
0.18112912 0.05243033 0.14095293 0.02517785
0.05478498 0.68916933 0.77209528 0.02791726
0.66068620 0.05882157 0.52494986 0.03033675
0.93081635 0.56047976 0.52217359 0.02918721
0.56135213 0.94732033 0.07923612 0.02629227
0.91544967 0.75401682 0.43583833 0.02505912
0.43093504 0.57822578 0.12791152 0.02548480
0.93776187 0.60473219 0.65639157 0.02733379
0.37989793 0.85518101 0.25250503 0.02679354
0.16443255 0.61736220 0.76460281 0.02509105
0.71286813 0.81414753 0.34750846 0.02938849
0.29662616 0.51524361 0.93220619 0.02771562
0.19116397 0.05246782 0.22152212 0.02658253
0.52792699 0.80166917 0.94126573 0.02910751
0.24752518 0.18637046 0.17621592 0.03013858
0.58247539 0.33359801 0.28801552 0.02712587
0.86534315 0.35256824 0.30218334 0.03169894
0.70872465 0.17443084 0.23859076 0.02520648
0.73514614 0.43326502 0.52163776 0.02501456
0.06779464 0.67348840 0.84494569 0.02937366
0.56561312 0.67657975 0.61354813 0.02523574
0.30794970 0.67839111 0.06023209 0.02676481
0.28140019 0.48966323 0.40304389 0.02496890
0.86951465 0.05288194 0.29589508 0.02627521
0.89367089 0.90776294 0.45094165 0.02488414
0.47211387 0.86916677 0.59265804 0.02603282
0.93509941 0.59189626 0.71552943 0.02788048
0.52035184 0.70839619 0.63413330 0.02526788
0.58108270 0.54437370 0.27451849 0.02497295
0.39347529 0.58720374 0.54670036 0.02665907
0.15667772 0.65802163 0.93506415 0.03784164
0.27103662 0.47932497 0.49405213 0.03217509
0.14957729 0.51900778 0.07160952 0.02671653
0.21455161 0.39204044 0.93678756 0.03035408
0.88306440 0.05581185 0.56781945 0.02548513
0.66966909 0.55963801 0.55039050 0.02812010
0.10779823 0.88039242 0.58822747 0.02628261
0.53241085 0.88237168 0.30129870 0.02500739
0.69628405 0.67286952 0.82392713 0.02575225
0.34222893 0.37649312 0.93498569 0.03113656
0.91593023 0.74345363 0.64591255 0.02479944
0.69589294 0.29398947 0.17763088 0.02578578
0.18912149 0.82748511 0.60302269 0.02645532
0.06186526 0.46777458 0.39899823 0.03153339
0.05916031 0.65567088 0.36025229 0.02978268
0.84113380 0.05708924 0.42312924 0.02626369
0.94099201 0.45796768 0.46602622 0.02856699
0.06628184 0.36785152 0.23985602 0.02884750
0.60227978 0.08253976 0.21119524 0.02754095
0.11120910 0.22206951 0.85951523 0.02523348
0.13961300 0.17768918 0.17681329 0.02763352
0.62023187 0.05593039 0.14088395 0.02838166
0.80384702 0.23673362 0.86376796 0.02796940
0.12332842 0.45473846 0.86216160 0.02640306
0.24969457 0.54864840 0.31847282 0.02521380
0.06613055 0.33926075 0.13929705 0.03214591
0.48723492 0.69985080 0.81598232 0.02565044
0.37297135 0.88246187 0.78931107 0.02567479
0.75219000 0.47327771 0.94768864 0.02490069
0.07873121 0.85149252 0.92834484 0.03678695
0.93683269 0.75099331 0.50492644 0.02968522
0.37165458 0.94378155 0.45397623 0.02646722
0.77238223 0.82872458 0.72630266 0.02848073
0.77418015 0.93012908 0.48075419 0.02692366
0.72671954 0.30652270 0.39554792 0.03510328
0.12926929 0.48026402 0.74935182 0.02620514
0.12071956 0.67855044 0.36005704 0.02520272
0.49633397 0.93595549 0.29040156 0.03120895
0.31153032 0.35004166 0.81718241 0.03054009
0.06585970 0.13567671 0.31088021 0.03196561
0.45269996 0.24078704 0.29010320 0.03067970
0.43286715 0.07242864 0.76426564 0.02504133
0.06719650 0.65065914 0.72922826 0.02507956
0.84987792 0.71818593 0.74999424 0.02506282
0.64425480 0.73971227 0.94103505 0.03032971
0.85620361 0.79947315 0.13518282 0.02793691
0.61945342 0.16932580 0.79740984 0.02663824
0.69766640 0.82947961 0.73489692 0.02751326
0.69158012 0.71764949 0.77149217 0.02927293
0.70908661 0.85496923 0.57950147 0.03190063
0.35554001 0.49396902 0.78452449 0.02517398
0.62395287 0.94381389 0.63681085 0.02965537
0.24421740 0.25134632 0.87424694 0.02820665
0.18396084 0.81108705 0.79604364 0.02589930
0.82554653 0.30482993 0.05835829 0.02936829
0.34120181 0.28632073 0.72487001 0.02526775
0.31799767 0.44644531 0.90060115 0.03300684
0.15105606 0.84657521 0.34663594 0.03409351
0.23672034 0.16418608 0.45689244 0.02544635
0.36725362 0.19956533 0.20347171 0.02602892
0.93991857 0.06407199 0.90573381 0.02632760
0.81326908 0.84002928 0.14990053 0.02689513
0.28473745 0.49658563 0.67363332 0.02999550
0.67352085 0.06467493 0.24307824 0.02855695
0.14311075 0.88347145 0.94583592 0.02659337
0.06072694 0.61571265 0.66350708 0.02844023
0.06449727 0.67734220 0.16913103 0.02929251
0.50200169 0.25651296 0.57027201 0.02559925
0.56678980 0.10737820 0.69080104 0.02544592
0.92679148 0.82190640 0.37195300 0.02616895
0.88889251 0.42272976 0.84640543 0.02542774
0.67160624 0.51130186 0.05302721 0.02696192
0.93715865 0.85608851 0.11900497 0.02630756
0.78340557 0.46304534 0.75839861 0.02659742
0.69015961 0.18536645 0.05838640 0.03220781
0.49209097 0.37446740 0.51327608 0.02700091
0.48192804 0.39096504 0.70055366 0.02590338
0.13174459 0.06617315 0.55488211 0.02497116
0.86762656 0.05705184 0.72671498 0.02518108
0.41862077 0.66378311 0.93317474 0.03493075
0.77710621 0.64027592 0.93167975 0.02534920
0.39440232 0.15659792 0.54726519 0.03106464
0.15503653 0.53822184 0.36145021 0.02578068
0.92258264 0.41280206 0.28032343 0.03588582
