0.67805485 0.09532734 0.33985440 0.04227552
0.16131922 0.23931101 0.37159294 0.03237567
0.53126117 0.43428310 0.64995030 0.04153359
0.81209526 0.10952132 0.64060789 0.03448909
0.54727365 0.20883090 0.25552690 0.04228587
0.86444155 0.35439672 0.64951608 0.05633127
0.80470798 0.17897254 0.14342591 0.05910213
0.81315335 0.16703409 0.43446564 0.03322089
0.52511115 0.64676565 0.35828010 0.06208749
0.68930050 0.33192713 0.72071434 0.06322198
0.45639865 0.84054140 0.32775734 0.03078117
0.19669974 0.10603618 0.64632981 0.03754121
0.30633581 0.49287171 0.13122379 0.03475194
0.21829591 0.57091276 0.65891446 0.04802993
0.42817834 0.66195474 0.42828115 0.03074851
0.52993761 0.63711837 0.51233316 0.02882980
0.56612809 0.80932673 0.22143248 0.06160051
0.75527592 0.41481085 0.22175507 0.03210169
0.38264161 0.69254569 0.67346600 0.06097464
0.82471620 0.44080058 0.88130605 0.03688746
0.59584672 0.19550800 0.85470561 0.05130186
0.56300519 0.42569333 0.28769028 0.04348028
0.55649205 0.11650961 0.58999541 0.06009079
0.52189068 0.81482086 0.38330515 0.03896500
0.89139948 0.24169391 0.21396880 0.05230755
0.65094972 0.16616363 0.69601855 0.06116097
0.83077699 0.66526173 0.20568933 0.05461448
0.10169649 0.10345751 0.28658111 0.02772821
0.52977123 0.54060326 0.76451428 0.05850282
0.31608536 0.57120862 0.89062612 0.03154847
0.11575525 0.73959688 0.28673811 0.04755054
0.20960220 0.14851425 0.19754084 0.04737508
0.17076369 0.26988021 0.67843561 0.02863194
0.11084564 0.15825371 0.87258815 0.04750243
0.26322349 0.30231268 0.69414125 0.04780952
0.56707716 0.88832848 0.78650369 0.03415858
0.10044615 0.14312581 0.48850816 0.03274327
0.55443568 0.35470339 0.88781233 0.04920985
0.40431614 0.54032850 0.69511678 0.04823607
0.31420639 0.15747441 0.39720705 0.05151400
0.27010404 0.70002228 0.15629185 0.05006655
0.75015766 0.24798922 0.61437733 0.03653534
0.83988285 0.31025723 0.15226440 0.04621867
0.71313435 0.81948257 0.83842250 0.05392547
0.54315073 0.81851065 0.60828915 0.06180495
0.19034049 0.19758738 0.50452283 0.03337200
0.87627019 0.77472141 0.09235342 0.02778845
0.36076898 0.19427090 0.75611385 0.03345407
0.85840163 0.56662705 0.80847433 0.03962770
0.81406096 0.46860051 0.53564869 0.05794262
