0.68177391 0.08701630 0.33659148 0.03450640
0.15893657 0.23748045 0.37069878 0.02964161
0.53191501 0.43303587 0.65293082 0.03414181
0.81521080 0.10567004 0.64202293 0.03068014
0.54829352 0.20285887 0.25051956 0.03451149
0.87953490 0.34848718 0.65575911 0.04141340
0.81864162 0.16448785 0.12732684 0.04277500
0.81574148 0.16431767 0.43394480 0.03005695
0.52647285 0.65421678 0.35129107 0.04424201
0.77265110 0.10702395 0.70376649 0.03935702
0.69922204 0.32332299 0.73226432 0.04479950
0.45619282 0.84224042 0.32691362 0.02885807
0.19246199 0.10052288 0.64841800 0.03217996
0.30436814 0.49281999 0.12745751 0.03080931
0.21022556 0.57301990 0.66356158 0.03733412
0.42783560 0.66276111 0.42793891 0.02884202
0.53001409 0.63745076 0.51236761 0.02789916
0.56949091 0.82467754 0.20780422 0.04400271
0.75700372 0.41425300 0.21990117 0.02950697
0.37707237 0.70194998 0.68194842 0.04369515
0.82902160 0.44004826 0.88635697 0.03185870
0.59914244 0.18533213 0.86671205 0.03894195
0.56445976 0.42407977 0.28299315 0.03509842
0.55924225 0.09860541 0.59431838 0.04326083
0.52227513 0.81990080 0.38146815 0.03287961
0.90522652 0.23269077 0.20399142 0.03943614
0.65838867 0.15003859 0.70564815 0.04378672
0.84362091 0.67171919 0.19441399 0.04056977
0.10132107 0.10308376 0.28638087 0.02735784
0.53118899 0.54250298 0.77637667 0.04248050
0.31499866 0.57164673 0.89297332 0.02923512
0.10499066 0.74640489 0.28078982 0.03709854
0.40887930 0.79452121 0.70013759 0.04152789
0.20155426 0.13876107 0.18915621 0.03701232
0.17006741 0.26939489 0.67881984 0.02780193
0.09996968 0.14870986 0.88311624 0.03707491
0.25652485 0.29672977 0.69974242 0.03722581
0.56773223 0.89202592 0.78923681 0.03051773
0.09743732 0.14044006 0.48843701 0.02982225
0.55616430 0.35032429 0.89973545 0.03791393
0.40158685 0.54156559 0.70086779 0.03743541
0.30796721 0.14591201 0.39378689 0.03904619
0.26285241 0.70645619 0.14541725 0.03833492
0.75335952 0.24481697 0.61585570 0.03168567
0.84885923 0.30533169 0.14319177 0.03644407
0.72121647 0.83155824 0.85120940 0.04023119
0.54539540 0.83441665 0.61376551 0.04410317
0.48824619 0.58607972 0.54079893 0.03402014
0.18775306 0.19506092 0.50457849 0.03013120
0.87665842 0.77500544 0.09193729 0.02738745
0.35960019 0.19168309 0.75831448 0.03017153
0.86451086 0.56779164 0.81373745 0.03320526
0.82785627 0.46732173 0.53729554 0.04220522
0.32600168 0.49188830 0.58017595 0.04137486
0.57851408 0.44406227 0.75846103 0.02727960
0.82583604 0.56443865 0.23764408 0.03267441
0.59070258 0.13781058 0.43503468 0.04118273
0.84124481 0.09229679 0.88868204 0.03922324
0.60479845 0.32404830 0.57099132 0.03734481
0.79107947 0.70715997 0.66080302 0.04050039
0.35642573 0.63786902 0.46006904 0.04256063
0.42605709 0.41833820 0.34877744 0.03387785
0.44275955 0.88732309 0.64522913 0.03819455
0.43869632 0.36915633 0.74815687 0.03057426
0.82604732 0.63124617 0.31413842 0.04283997
0.79518247 0.52290596 0.75129573 0.03154260
0.69094248 0.51539911 0.72188267 0.03730479
0.47169813 0.37082890 0.14577345 0.03723944
0.15204541 0.89927733 0.23642155 0.03380264
0.80371000 0.65250673 0.55611931 0.04161346
0.47217147 0.37045764 0.27006079 0.02989749
0.34605696 0.84077416 0.83531128 0.03766521
0.26234156 0.29476079 0.78597373 0.04011454
0.59619271 0.27987398 0.17110959 0.03448528
0.48102878 0.21431941 0.59994163 0.03628543
0.51597199 0.73759837 0.10177588 0.03099688
0.80913657 0.78573698 0.53171833 0.03283852
0.86341568 0.76365842 0.78605827 0.04259895
0.62666861 0.67042953 0.59225209 0.02877738
0.12232802 0.71895797 0.68772606 0.04139307
0.29774766 0.60990471 0.37114464 0.03167457
0.45611133 0.72913758 0.89762577 0.04133860
0.20341487 0.83305657 0.53434599 0.03240447
0.60963829 0.89699573 0.53682868 0.04454533
0.20029346 0.38126826 0.11056954 0.03647567
0.65558220 0.65417885 0.24802621 0.04252223
0.56711421 0.90379609 0.25559278 0.03495428
0.30188444 0.70807690 0.46403057 0.03145919
0.50701136 0.25797934 0.75061184 0.02802473
0.10754183 0.57742859 0.78537821 0.03235196
0.70651467 0.50904699 0.53370623 0.03385829
0.86858309 0.27029641 0.30790111 0.03537003
0.65937340 0.71565697 0.37204267 0.04145334
0.44214746 0.76198270 0.60215153 0.04222533
0.14721509 0.09698574 0.13746108 0.02958161
0.70396593 0.46048400 0.45856771 0.03410731
0.47841554 0.74946140 0.41944723 0.03560531
0.12622025 0.72078337 0.19769914 0.04328435
0.09928068 0.53140697 0.09327130 0.03813324
0.21360577 0.23861299 0.60229729 0.02962005
