0.67279068 0.10709129 0.34447292 0.05327239
0.16469178 0.24190210 0.37285858 0.03624562
0.53033567 0.43604850 0.64573148 0.05199635
0.80768535 0.11497266 0.63860495 0.03988049
0.54583007 0.21728408 0.26261459 0.05329020
0.84307755 0.36276142 0.64067932 0.07744691
0.78498548 0.19947503 0.16621349 0.08221252
0.80948997 0.17087906 0.43520287 0.03769932
0.52318371 0.63621889 0.36817278 0.08734704
0.67525697 0.34410593 0.70436581 0.08929825
0.45668999 0.83813650 0.32895160 0.03350324
0.20269809 0.11384004 0.64337407 0.04512985
0.30912096 0.49294491 0.13655481 0.04033257
0.22971916 0.56793017 0.65233665 0.06316941
0.52982936 0.63664790 0.51228441 0.03014707
0.56136815 0.78759829 0.24072271 0.08650947
0.75283029 0.41560047 0.22437918 0.03577441
0.39052463 0.67923430 0.66145948 0.08543304
0.81862209 0.44186546 0.87415669 0.04400546
0.59118177 0.20991153 0.83771098 0.06879681
0.56094630 0.42797726 0.29433888 0.05534446
0.55259925 0.14185226 0.58387642 0.08391291
0.52134652 0.80763042 0.38590535 0.04757863
0.81259693 0.65612147 0.22164911 0.07449420
0.10222788 0.10398654 0.28686454 0.02825245
0.52776444 0.53791428 0.74772355 0.08118176
0.31762355 0.57058850 0.88730377 0.03482292
0.13099210 0.72996041 0.29515766 0.06234490
0.22099372 0.16231949 0.20940893 0.06204313
0.17174925 0.27056717 0.67789175 0.02980677
0.12624011 0.17176263 0.85768606 0.06226217
0.27270514 0.31021505 0.68621302 0.06279033
0.56614994 0.88309491 0.78263507 0.03931206
0.10470503 0.14692736 0.48860887 0.03687786
0.55198889 0.36090182 0.87093564 0.06519876
0.32303769 0.17384051 0.40204814 0.06916167
0.28036842 0.69091533 0.17168440 0.06667220
0.74562556 0.25247940 0.61228474 0.04339985
0.70169443 0.80238995 0.82032318 0.07330916
0.53997350 0.79599636 0.60053760 0.08686110
0.19400288 0.20116347 0.50444405 0.03795921
0.87572067 0.77431937 0.09294243 0.02835606
0.36242336 0.19793384 0.75299895 0.03810036
0.84975427 0.56497863 0.80102460 0.04871841
0.34237840 0.49246168 0.57233852 0.07731203
0.81358992 0.12496754 0.85720621 0.06978134
0.59754767 0.33584166 0.56603378 0.06320682
0.76490981 0.68848128 0.64626232 0.07425137
0.37106190 0.62339001 0.46398335 0.08146220
0.42926829 0.42189438 0.35544249 0.05107247
0.44005984 0.37212122 0.74239406 0.03950990
0.67790031 0.51421728 0.70675007 0.06306678
0.47345736 0.37935884 0.16940992 0.06283805
0.16733100 0.88153850 0.24797808 0.05080922
0.47265106 0.37283271 0.27430680 0.03714120
0.35668537 0.81677591 0.81169539 0.06432825
0.59140451 0.29049592 0.18703022 0.05319847
0.51550629 0.73141932 0.11198781 0.04098910
0.79736052 0.77484630 0.53043900 0.04743483
0.62520091 0.66846303 0.59117670 0.03322083
0.15815497 0.69787164 0.66961898 0.07737576
0.46008261 0.70716687 0.85964590 0.07718509
0.21371765 0.82133139 0.53307118 0.04591565
0.21874329 0.38849900 0.13458160 0.06016483
0.50695165 0.25955303 0.74895435 0.03058655
0.12106420 0.57467394 0.77542012 0.04573188
0.69721834 0.50855055 0.53211089 0.05100402
0.84834373 0.28272422 0.31827565 0.05629509
0.15303320 0.10363717 0.14344102 0.03603565
0.12844190 0.52895631 0.12287213 0.06596635
0.21839313 0.24297925 0.60053946 0.03617017
0.75797167 0.20815927 0.30519141 0.03452579
0.35689834 0.81585505 0.39699000 0.06062016
0.78656098 0.54644651 0.65152509 0.04753736
0.30164268 0.39880129 0.83838923 0.05386791
0.74578342 0.80003905 0.30500467 0.08602271
0.27347711 0.34575137 0.22986042 0.03251138
0.40246686 0.87085830 0.24049643 0.05545919
0.48228442 0.13383954 0.38920751 0.06913016
0.39870261 0.11040248 0.17974535 0.03597866
0.83943696 0.67177308 0.54365235 0.04008042
0.25585902 0.44336301 0.42123142 0.03706952
0.83612858 0.39192491 0.52535241 0.03204653
0.70345819 0.67053352 0.88342635 0.05240289
0.10068690 0.84875806 0.78762810 0.04451936
0.65512188 0.10843121 0.71622427 0.05231755
0.80658755 0.53434749 0.32891926 0.04603209
0.60116343 0.80139573 0.45795288 0.04683024
0.77119395 0.80354697 0.44927559 0.02756316
0.87936423 0.33182866 0.17611915 0.03894176
0.10020784 0.67741382 0.55286312 0.03609187
0.23838442 0.42682329 0.29332283 0.04727466
0.73635798 0.44561252 0.38468140 0.04287808
0.21273240 0.51141986 0.80718327 0.03770626
0.46944537 0.44174239 0.49759223 0.03858907
0.37060389 0.30453859 0.78235149 0.03717518
0.90922517 0.12740817 0.24947001 0.03107862
0.25320991 0.69504537 0.37353824 0.05085058
0.38695421 0.29529614 0.44976459 0.06758662
0.13772694 0.55464721 0.25303603 0.05955250
0.32474747 0.50279948 0.89052391 0.02862247
0.15700459 0.41692722 0.74407075 0.03604724
0.71830747 0.32869040 0.26879161 0.03907557
0.41476518 0.40000554 0.63365943 0.02805308
0.14040687 0.47810696 0.37367066 0.02950291
0.55623775 0.52011834 0.16494398 0.05131825
0.66209538 0.64242318 0.44166354 0.02933810
0.36574653 0.13460258 0.58555327 0.03918523
0.43455707 0.80304939 0.15118297 0.03099064
0.48851466 0.28197652 0.87815847 0.02972733
0.78261905 0.58360745 0.87995188 0.03719641
0.57579028 0.57846206 0.59175580 0.04877779
0.70859448 0.87362370 0.52876642 0.03072816
0.11645772 0.89818619 0.56546412 0.04611078
0.84388107 0.50548387 0.46342614 0.04548271
0.56817317 0.65819609 0.15356199 0.04240022
0.22249230 0.60741831 0.77635558 0.04869337
0.44219637 0.36672560 0.90081341 0.03946347
0.88919914 0.51460899 0.24069971 0.05095490
0.88553763 0.83763010 0.22407463 0.05307695
0.21217243 0.25924199 0.82125921 0.04133866
0.81675955 0.46649536 0.71959920 0.03125183
0.57358573 0.44228279 0.40457413 0.04299498
0.78103068 0.89403146 0.83778817 0.03865393
0.64875058 0.42403675 0.21278034 0.05181469
0.40784867 0.53127567 0.36673577 0.03361208
0.11793039 0.32775620 0.52658347 0.05965174
0.78317387 0.65336464 0.48951862 0.03297032
0.87237027 0.70784356 0.37372875 0.06512841
0.23834163 0.52212121 0.43104066 0.03260689
0.81736699 0.26332638 0.76372200 0.07744156
0.82707646 0.81354415 0.83921448 0.04493131
0.25164789 0.65637084 0.56029863 0.03741506
0.78012447 0.87346306 0.12130918 0.05952050
0.27673801 0.13433028 0.10415036 0.04292901
0.20521426 0.85078068 0.74457907 0.04508377
0.31868441 0.54110321 0.24689177 0.04486330
0.41214834 0.29005499 0.65027853 0.04316964
0.19858462 0.86280672 0.82392861 0.03065248
0.25580206 0.16915301 0.79662557 0.04541577
0.65231769 0.18476811 0.09371502 0.03255588
0.60632703 0.67036811 0.69598157 0.04212599
0.36006361 0.29763971 0.27327777 0.04333074
0.11845724 0.12471664 0.20884771 0.03139652
0.62562882 0.87175202 0.09869558 0.04282580
0.20486237 0.85354227 0.11837488 0.02936778
0.91399577 0.40811261 0.83654234 0.03211664
0.44196322 0.78357810 0.45949106 0.04080669
0.64449241 0.14191891 0.20787624 0.04711576
0.62775774 0.23219781 0.36887992 0.03520526
0.27726682 0.88791843 0.50749111 0.02979163
0.32924654 0.70620571 0.29502394 0.05170015
0.16392873 0.79383645 0.45771255 0.04301664
0.20501992 0.79385496 0.16910362 0.02950335
0.43748674 0.31205832 0.33597860 0.03564398
0.41337003 0.55154724 0.69673634 0.02715798
0.14251700 0.40023534 0.65991349 0.03865773
0.48890490 0.23475173 0.61598723 0.02817690
0.71120347 0.41735314 0.87621728 0.06080421
0.46845897 0.31088930 0.52224056 0.02888759
0.64217424 0.81135781 0.53937744 0.02730694
0.10949691 0.31424114 0.73734185 0.04623475
0.40300686 0.62865490 0.17377887 0.05210287
0.45605262 0.54796433 0.56130992 0.03000225
0.90685754 0.59347919 0.39778570 0.02832802
0.40750222 0.46008385 0.86119107 0.02867129
0.59208792 0.63261006 0.24721873 0.04454576
0.10694745 0.32140198 0.36263905 0.02795063
0.38159724 0.40857930 0.25008146 0.05540624
0.90257049 0.19332951 0.49179520 0.04382354
0.12009548 0.31681822 0.24015946 0.04054352
0.76552811 0.50262217 0.12546229 0.02922780
0.10614773 0.67023843 0.89653938 0.03349875
0.30300162 0.66330822 0.80684899 0.02952112
0.86200805 0.82483304 0.57999951 0.02815685
0.22980587 0.56348725 0.29441705 0.03389016
0.42835650 0.27059782 0.08236953 0.02938000
0.72735842 0.40329547 0.55969752 0.02836618
0.49772600 0.49161141 0.89637217 0.04637808
0.45064623 0.23028795 0.52344381 0.04049126
0.73231717 0.49275875 0.25107807 0.02716580
0.29625679 0.87320705 0.28758937 0.04070913
0.75865400 0.89678017 0.69912586 0.02850594
0.13239732 0.57078354 0.36160535 0.02717236
0.70629046 0.64150851 0.15287702 0.04166981
0.50915000 0.61432132 0.18748036 0.03405319
0.23302414 0.85862322 0.39909404 0.03885782
0.11324877 0.46880119 0.87922670 0.03552733
0.25171596 0.71546898 0.88838077 0.04104043
0.28898590 0.74534288 0.68391391 0.02800233
0.09726967 0.28651572 0.63972772 0.04358456
0.62883109 0.87325387 0.71204630 0.03249780
0.10368958 0.36342703 0.90700156 0.03436418
0.34500815 0.83146904 0.67260965 0.04188235
0.45019220 0.08382324 0.59470042 0.02785242
0.15499511 0.38992691 0.32472112 0.04032244
0.68196538 0.56006381 0.15807768 0.03390471
0.34470445 0.27490482 0.85336213 0.02931461
0.20593906 0.27321483 0.26073074 0.04102796
0.13152202 0.57464171 0.54977105 0.05360034
