0.68305391 0.08467614 0.33577043 0.05812791
0.14885445 0.22975531 0.36697131 0.04323625
0.53233922 0.43267888 0.65431111 0.05701189
0.82323316 0.09598795 0.64572391 0.04641532
0.54875985 0.20123137 0.24918096 0.05814349
0.86875337 0.35307259 0.65145298 0.07927103
0.80737885 0.17677020 0.14094674 0.08343904
0.82473339 0.15507661 0.43225044 0.04450766
0.52552878 0.64769627 0.35799425 0.08792971
0.69015586 0.33176615 0.72165904 0.08963625
0.45486107 0.85395918 0.32121153 0.04083775
0.18721253 0.09365512 0.65119415 0.05100642
0.29976793 0.49280316 0.11855462 0.04681071
0.21275746 0.57261371 0.66242213 0.06678388
0.53131244 0.64287807 0.51298777 0.03790244
0.56675521 0.81112203 0.22040389 0.08719717
0.76503601 0.41177589 0.21146486 0.04282413
0.38229625 0.69392184 0.67473617 0.08625572
0.83549488 0.43906068 0.89393000 0.05002303
0.59772209 0.19063968 0.86094143 0.07170563
0.56483783 0.42401787 0.28248905 0.05994016
0.55716801 0.11427646 0.59089289 0.08492621
0.83536895 0.66769438 0.20212637 0.07668858
0.08510441 0.08693944 0.27775781 0.03624540
0.53031922 0.54124330 0.76705705 0.08253754
0.30923314 0.57408885 0.90569152 0.04199195
0.10790388 0.74488676 0.28248850 0.06606277
0.20367015 0.14128346 0.19135236 0.06579884
0.15737764 0.26056890 0.68592024 0.03760481
0.10286977 0.15127903 0.88069922 0.06599041
0.56963248 0.90227496 0.79683959 0.04591816
0.08586378 0.13011923 0.48825363 0.04378921
0.55573211 0.35216317 0.89551257 0.06855875
0.31138337 0.15204906 0.39576215 0.07202473
0.26616469 0.70392641 0.15027610 0.06984743
0.75859601 0.23986715 0.61833794 0.04949336
0.71635789 0.82417817 0.84338027 0.07565213
0.54365782 0.82027264 0.60909309 0.08750470
0.17928112 0.18679087 0.50485980 0.04473496
0.89220292 0.78639325 0.07539370 0.03633602
0.35590379 0.18338044 0.76555547 0.04485841
0.86925140 0.56881012 0.81784108 0.05414499
0.81722984 0.46860528 0.53626757 0.08169487
0.33120298 0.49232235 0.57807278 0.07915306
0.83539977 0.09970298 0.88199768 0.07256669
0.60412927 0.32566795 0.57059776 0.06681660
0.78422306 0.70233726 0.65710372 0.07647620
0.36163883 0.63326568 0.46166717 0.08278282
0.42554691 0.41775692 0.34755539 0.05620386
0.43729176 0.36598067 0.75463388 0.04609120
0.68960947 0.51546172 0.72030367 0.06669412
0.47209857 0.37199799 0.14865750 0.06649408
0.14888097 0.90327496 0.23406584 0.05597362
0.34774796 0.83763018 0.83222069 0.06779740
0.26782633 0.29952413 0.77980601 0.07529507
0.59696183 0.27868447 0.16924661 0.05806326
0.51650442 0.74331784 0.09261428 0.04738491
0.81374114 0.79000562 0.53234023 0.05302237
0.63114892 0.67640627 0.59555552 0.04059076
0.13341807 0.71284596 0.68251453 0.07920880
0.45756518 0.72279631 0.88647402 0.07904204
0.19868694 0.83871554 0.53507728 0.05169368
0.20160501 0.38189756 0.11221935 0.06415607
0.50742201 0.24896982 0.76023719 0.03828681
0.10113062 0.57889038 0.79032422 0.05153296
0.86941507 0.27006549 0.30773699 0.06077158
0.43798835 0.16033911 0.61622586 0.03963922
0.10433598 0.53121387 0.09839960 0.06923010
0.20513412 0.23089438 0.60553034 0.04317026
0.77023598 0.19466994 0.29624714 0.04173208
0.34829641 0.83587403 0.39088821 0.06455430
0.80237377 0.54921946 0.66000453 0.05311204
0.76586353 0.82444924 0.28990677 0.08677145
0.26328823 0.33886759 0.21767696 0.03997027
0.39699495 0.89307502 0.22544975 0.06004050
0.48145025 0.10933779 0.38205123 0.07199718
0.26174120 0.69322492 0.33562243 0.08230614
0.39406433 0.09202692 0.16467392 0.04300276
0.85660742 0.68056617 0.54604387 0.04659017
0.24427099 0.44082398 0.41762432 0.04395683
0.71538010 0.68057099 0.90564872 0.05736745
0.07994576 0.86731218 0.80297114 0.05047249
0.66426874 0.08631674 0.72886513 0.05729281
0.82320680 0.53642466 0.32002320 0.05179553
0.45382501 0.77113214 0.43914285 0.06035055
0.60686165 0.81788399 0.45593383 0.05249359
0.78301252 0.81675833 0.44723567 0.03564254
0.89827775 0.32373922 0.16035054 0.04559430
0.08132183 0.68606774 0.55557442 0.04310178
0.22446689 0.42310988 0.28238026 0.05288228
0.74877331 0.44303300 0.37895943 0.04903702
0.19896354 0.51217277 0.82231580 0.04451373
0.46814703 0.43908335 0.49767639 0.04528583
0.44222533 0.58427906 0.22078964 0.07924831
0.92778091 0.11082373 0.23837187 0.03871717
0.37975261 0.28196313 0.44676466 0.07064718
0.11569751 0.55833407 0.23811904 0.06362052
0.14083680 0.41315452 0.75589872 0.04306275
0.72929541 0.32043390 0.25757651 0.04571133
0.41121982 0.39582092 0.63959483 0.03607103
0.12470562 0.47729567 0.36825453 0.03733905
0.55969053 0.52152765 0.14625916 0.05641882
0.66938125 0.64884342 0.43924969 0.03719491
0.35931258 0.11673728 0.58998997 0.04580724
0.43178066 0.81681789 0.13568338 0.03864022
0.79647345 0.58784330 0.89851054 0.04406781
0.58021954 0.58303839 0.59706390 0.05419692
0.71809088 0.89050617 0.53021441 0.03841066
0.09619539 0.91971719 0.56920689 0.05186435
0.57189315 0.66653401 0.13601350 0.04861908
0.20748749 0.61358269 0.79181075 0.05412309
0.91140172 0.51570142 0.22635588 0.05610103
0.90804327 0.85737403 0.20844913 0.05795698
0.83119006 0.46514957 0.72965350 0.03886866
0.57761189 0.43952826 0.39987226 0.04913926
0.65748484 0.41999001 0.19671802 0.05685301
0.40375465 0.53290069 0.36073676 0.04093295
0.09465637 0.31743776 0.52854153 0.06370732
0.89702338 0.72175730 0.36583338 0.06849723
0.84114857 0.24631720 0.78355402 0.07926635
0.17018417 0.27301955 0.89016497 0.05960367
0.23981022 0.66414386 0.56341651 0.04425905
0.79771325 0.89680721 0.09827459 0.06359254
0.26544266 0.11568622 0.08394891 0.04908157
0.18986948 0.86955997 0.75774464 0.05096612
0.30935979 0.54350673 0.23378153 0.05077330
0.40782966 0.27941884 0.65828139 0.04929202
0.24308554 0.15183942 0.81260183 0.05125649
0.65945711 0.17051512 0.07529596 0.04000919
0.61198590 0.67930198 0.70622529 0.04837924
0.69685313 0.55731113 0.49337668 0.03694868
0.35303769 0.28737797 0.26175320 0.04943292
0.63232934 0.89113861 0.07823609 0.04899130
0.19202392 0.86925825 0.10172931 0.03722087
0.63774936 0.46153030 0.52121542 0.06091201
0.93300609 0.40409838 0.85202747 0.03962503
0.65255149 0.12281057 0.19233332 0.05274331
0.63397456 0.21973703 0.36287301 0.04232634
0.26756680 0.90523872 0.50797813 0.03759157
0.19216754 0.80696577 0.15466759 0.03733944
0.43470638 0.30332483 0.32838042 0.04271005
0.40980100 0.55389678 0.70530481 0.03528817
0.48857060 0.22339267 0.62116557 0.03617932
0.46722948 0.30276449 0.52336457 0.03680089
0.08883455 0.30453994 0.75029170 0.05197278
0.72438919 0.32107117 0.88498855 0.05267779
0.45425968 0.55024880 0.56418643 0.03777577
0.92468719 0.59768955 0.39349131 0.03631149
0.40361485 0.45849136 0.87710452 0.03661171
0.59716104 0.63981238 0.23417097 0.05049558
0.09009092 0.31382214 0.35684301 0.03598142
0.37489524 0.40347143 0.23560930 0.05999419
0.59274082 0.21415195 0.48884042 0.05291240
0.92378418 0.17757548 0.49159808 0.04986392
0.10122583 0.30782993 0.22732061 0.04699520
0.77734897 0.50288996 0.10915626 0.03709844
0.08809827 0.67829111 0.91506367 0.04083383
0.29446769 0.67066456 0.82053579 0.03735498
0.87785439 0.83906719 0.58361580 0.03616178
0.21742215 0.56661604 0.28503704 0.04117616
0.42535570 0.26065156 0.06413634 0.03723156
0.13122304 0.34394078 0.63920769 0.04121522
0.49784839 0.49140594 0.91787013 0.05209813
0.74241069 0.49259020 0.24055654 0.03529501
0.28621728 0.89220234 0.27711367 0.04714005
0.77006844 0.91421072 0.70794755 0.03646710
0.11679057 0.57395765 0.35581808 0.03530074
0.71700468 0.64892687 0.13543568 0.04798026
0.22007419 0.87649633 0.39432630 0.04552089
0.09510381 0.46750850 0.89738713 0.04260803
0.23938958 0.72656886 0.90821521 0.04742980
0.44581165 0.16875767 0.52335201 0.03532333
0.63489148 0.89048987 0.72191149 0.03995839
0.08534144 0.35722193 0.92620923 0.04159073
0.33732388 0.84859358 0.68163259 0.04816615
0.83135966 0.57682473 0.46290422 0.03726515
0.33802593 0.26515577 0.86905976 0.03717436
0.19130232 0.26197601 0.24886138 0.04741889
0.11044582 0.57925204 0.55293969 0.05841474
0.78094456 0.68118813 0.41481806 0.04345742
0.27890524 0.13922743 0.71207437 0.04072049
0.20027457 0.73531674 0.45161466 0.03947784
0.55533725 0.53959373 0.45835633 0.05420873
0.38738698 0.10430407 0.82839342 0.03552443
0.21680744 0.56596933 0.47969695 0.03739133
0.10991633 0.46889301 0.63271106 0.04386681
0.51856221 0.91793124 0.41379827 0.03970465
0.11993692 0.75063556 0.13488216 0.04537282
0.13501244 0.12229864 0.75440034 0.05647337
0.44520375 0.85266073 0.52245188 0.03821221
0.70838521 0.37961222 0.59007015 0.04366711
0.72430187 0.16828335 0.50855037 0.07201731
0.37312092 0.91762051 0.58802004 0.05162136
0.36316547 0.08381407 0.28824895 0.05706019
0.32773544 0.08318457 0.91352270 0.04935829
0.78777614 0.38027155 0.10465605 0.04681113
0.35161734 0.78523125 0.52458102 0.06577134
0.86899352 0.71476780 0.88179960 0.07372034
0.66046866 0.53017277 0.23408640 0.04333686
0.33272751 0.43085822 0.79799300 0.06242619
0.47094541 0.90615648 0.88155844 0.06074465
0.20553028 0.42612981 0.60454967 0.05631142
0.36216411 0.56461132 0.79828388 0.06303983
0.89723467 0.86388620 0.71523842 0.06419924
0.33903960 0.31353271 0.10586402 0.06582340
0.09455496 0.25430536 0.11165205 0.04111434
0.87495082 0.47134400 0.09802029 0.04783576
0.46455895 0.13953201 0.83564414 0.04247635
0.88548722 0.87038183 0.44434063 0.04985184
0.48596403 0.80863275 0.75363827 0.04795421
0.92248525 0.09693234 0.40785549 0.04471043
0.61930233 0.20258088 0.66766870 0.03659217
0.88322533 0.36764431 0.77352569 0.03688866
0.21116597 0.83699768 0.87385768 0.06488802
0.69956976 0.61091648 0.63233098 0.03891694
0.57811691 0.76712075 0.93043615 0.03572990
0.42239140 0.75196416 0.25090961 0.04292028
0.67871804 0.45225285 0.91181161 0.03555603
0.67583832 0.32278666 0.43729325 0.07516531
0.67029898 0.55035152 0.36417281 0.05505898
0.41306117 0.27090025 0.78919736 0.03717639
0.40951691 0.22686377 0.88609942 0.03940743
0.91820303 0.45839859 0.37088472 0.05490134
0.14167020 0.08372065 0.33190601 0.03539462
0.71007274 0.76585153 0.52006448 0.04075216
0.51104762 0.15154935 0.73865396 0.04531455
0.40413379 0.67033434 0.11943322 0.04162312
0.52725819 0.91926830 0.12107538 0.04562571
0.81938022 0.06994313 0.51609158 0.04108896
0.78078095 0.23460515 0.92851331 0.04159517
0.53898409 0.15550370 0.12995416 0.06112478
0.75378446 0.64862273 0.51715741 0.05444834
0.32369542 0.17877500 0.20596665 0.04028365
0.76196500 0.53061441 0.80691418 0.03591462
0.07525292 0.91600963 0.10975609 0.04256128
0.27245890 0.32419006 0.48142655 0.04076685
0.19368707 0.24230380 0.07832497 0.04588221
0.80728079 0.87481371 0.62841605 0.04202095
0.74247333 0.77682637 0.07402694 0.04280923
0.26647186 0.15378953 0.53783459 0.04496179
0.22928646 0.33830264 0.35598878 0.03922837
0.89609245 0.22160645 0.59209527 0.05568928
0.26612026 0.31353443 0.64557604 0.04065218
0.34435980 0.18314004 0.09692131 0.04054511
0.76436830 0.60044822 0.75288535 0.04586894
0.25776090 0.35747334 0.90738053 0.03958618
0.57889440 0.70032834 0.82615289 0.04892571
0.68766728 0.57876615 0.83737183 0.04626181
0.85594305 0.90027006 0.82136063 0.03975545
0.08536414 0.19948067 0.63979431 0.04579335
0.85344052 0.29859001 0.52250648 0.04925929
0.38565150 0.48998654 0.28889225 0.03636811
0.68138785 0.66146803 0.30493662 0.03673013
0.30056138 0.89826868 0.12221429 0.05087487
0.07139055 0.78909819 0.52728723 0.03658448
0.92794746 0.63553267 0.78239110 0.03559281
0.91093403 0.71917969 0.69342855 0.04605605
0.34555244 0.34784888 0.66343870 0.03539251
0.09438752 0.86095372 0.35040756 0.05922430
0.88733890 0.27520442 0.90219889 0.03840220
0.07428577 0.12900629 0.12675501 0.04326863
0.74403404 0.90674427 0.41127651 0.05247322
0.66222861 0.73007563 0.38322341 0.04867493
0.54482064 0.06878460 0.88248113 0.03841687
0.26768894 0.54301556 0.38586477 0.03589758
0.84286097 0.38278905 0.35034882 0.04380242
0.62092783 0.85300063 0.34821615 0.04346079
0.78203918 0.06653537 0.36302139 0.03947154
0.28530800 0.93593161 0.86090297 0.03623801
0.81837923 0.92002276 0.53612214 0.04006964
0.78075489 0.29900814 0.18370691 0.03659923
0.85196333 0.93480777 0.32969031 0.03885308
0.72579524 0.30420362 0.07233132 0.03543743
0.39230123 0.91800775 0.75354322 0.03977181
0.79906776 0.74154449 0.77489017 0.03807573
0.40129609 0.08152762 0.71187940 0.04525797
0.69530738 0.10527419 0.62067908 0.04268169
0.10999453 0.40498039 0.42268307 0.04274230
0.22006179 0.11127133 0.92417990 0.04357083
0.91083391 0.07798158 0.78028658 0.04120871
0.44815680 0.52180736 0.45490945 0.04350827
0.92046310 0.57462334 0.63682705 0.04505316
0.07257674 0.07501005 0.66352828 0.04404247
0.19878852 0.36111885 0.44293876 0.03733501
0.27240069 0.43538434 0.88678060 0.03541541
0.88754081 0.23698887 0.41998274 0.04185283
0.90493595 0.36624521 0.07167312 0.04388443
0.64002393 0.59895401 0.07479536 0.03586837
0.88813932 0.59430910 0.52496436 0.04233382
0.50664030 0.27737441 0.40306295 0.05577030
0.07596903 0.74604245 0.45620038 0.03789042
0.10801432 0.58268929 0.69149463 0.03726996
0.40917468 0.34298129 0.86109942 0.03777663
0.64425949 0.79286682 0.10838689 0.04090874
0.25715193 0.21832342 0.68895836 0.03772296
0.69711170 0.11783405 0.88194259 0.04635467
0.27520177 0.43821049 0.69599535 0.04209394
0.07914921 0.57490376 0.43653030 0.04042426
0.78375194 0.06655177 0.07803368 0.03917285
0.28464267 0.78767227 0.63132978 0.03570795
0.85652247 0.39822179 0.19925501 0.03855787
0.12894992 0.90325095 0.90856407 0.03816482
0.76424030 0.07949996 0.23466108 0.04267631
0.20051773 0.18515614 0.30007585 0.03716465
0.47023784 0.26841132 0.23701869 0.03787020
0.52479616 0.28678772 0.65972221 0.04161877
0.32839009 0.42517147 0.46354851 0.03659584
0.17346863 0.71594276 0.83669735 0.04552123
0.81774823 0.59519477 0.06657404 0.03944761
0.91815743 0.91807050 0.56862989 0.03904487
0.84619603 0.10765156 0.73409485 0.03788690
0.25899946 0.82618454 0.07482996 0.04005533
0.35772296 0.57729245 0.07072288 0.03805036
0.89602415 0.70693326 0.06214243 0.03597032
0.15925244 0.10403954 0.42123391 0.04404524
0.25247156 0.92610393 0.58347647 0.03585412
0.93414101 0.86794422 0.82468854 0.03760313
0.89283961 0.34376583 0.42315454 0.03800999
0.64449681 0.90914622 0.63249754 0.04329455
0.60429054 0.80079560 0.75423135 0.04293798
0.56759303 0.60728326 0.87537593 0.03957234
0.08595658 0.44742334 0.27087794 0.04166240
0.61028251 0.52217777 0.90231370 0.04055562
0.59666347 0.43775059 0.81669263 0.03848978
0.25535025 0.79981457 0.26088954 0.03638414
0.07407645 0.74370318 0.85622324 0.03731008
0.72022334 0.73620797 0.75810256 0.03696507
0.36461782 0.25933212 0.57444267 0.04229835
0.35799297 0.18635021 0.53528738 0.03521992
0.15149600 0.47745316 0.49605407 0.04827725
0.58301756 0.25221214 0.72277436 0.03587177
0.09305071 0.83311417 0.45706915 0.04123427
0.77947898 0.39103765 0.82838975 0.04316701
0.47508905 0.10991180 0.25104059 0.04303377
0.51941404 0.92302111 0.70576123 0.04931885
0.06411804 0.50880142 0.32640740 0.03620727
0.15584112 0.57241170 0.87693245 0.03996138
0.21307355 0.57180909 0.10990863 0.03609071
0.66633875 0.47815087 0.08762414 0.05255723
0.86403074 0.14432113 0.30436141 0.04051545
0.92029870 0.16314729 0.66843594 0.03729354
0.89244417 0.60377164 0.29659146 0.04117538
0.60108843 0.27619231 0.30699708 0.03844457
0.51855734 0.91752897 0.29411945 0.04522823
0.45574579 0.44825177 0.79825924 0.03533159
0.10518513 0.40972113 0.18030457 0.04303991
0.84352705 0.81415437 0.82447574 0.03824057
0.08483527 0.65034805 0.15595961 0.04682876
0.33263137 0.49210006 0.41146083 0.04003617
0.54055728 0.26142745 0.07616131 0.04558629
