0.68838366 0.07258368 0.33098877 0.04632769
0.14178235 0.22431256 0.36429210 0.03477381
0.53325831 0.43076559 0.65869668 0.04546181
0.83034506 0.08709871 0.64893019 0.03724033
0.55018001 0.19252959 0.24187573 0.04633978
0.88462994 0.34674667 0.65797375 0.06273183
0.82151385 0.16190629 0.12443546 0.06596564
0.83151431 0.14787409 0.43083573 0.03576025
0.52678521 0.65496532 0.35100527 0.06944978
0.69975193 0.32327636 0.73284489 0.07077381
0.45401455 0.86059719 0.31785860 0.03291291
0.17947337 0.08360112 0.65493507 0.04080240
0.29531557 0.49264313 0.11007280 0.03754710
0.20280661 0.57512924 0.66804887 0.05304353
0.42414524 0.67157888 0.42425405 0.03287480
0.53184719 0.64531815 0.51320958 0.03063551
0.57000512 0.82626868 0.20679205 0.06888143
0.77031042 0.41002017 0.20572280 0.03445406
0.37664613 0.70323066 0.68312401 0.06815099
0.84359725 0.43758896 0.90344360 0.04003942
0.60142519 0.17891672 0.87461902 0.05686212
0.56679938 0.42171916 0.27590864 0.04773374
0.55985759 0.09612933 0.59516912 0.06711947
0.52334975 0.83304822 0.37683113 0.04246407
0.91328848 0.22770627 0.19845018 0.05803584
0.65939214 0.14852756 0.70688539 0.06836846
0.84920979 0.67461521 0.18983298 0.06072821
0.07840702 0.08027166 0.27417030 0.02934988
0.53169408 0.54311353 0.77916709 0.06526619
0.30552866 0.57552757 0.91356958 0.03380841
0.09450476 0.75325528 0.27505547 0.05248404
0.19359447 0.12908653 0.18085785 0.05227927
0.15158408 0.25652025 0.68906405 0.03040459
0.08931730 0.13937857 0.89369096 0.05242790
0.25023578 0.29151076 0.70524970 0.05278629
0.57114416 0.91100806 0.80328377 0.03685461
0.07738973 0.12255074 0.48801327 0.03520283
0.55772765 0.34686974 0.90967425 0.05442058
0.39922658 0.54283561 0.70626924 0.05328411
0.30419560 0.13878940 0.39178987 0.05710971
0.25759298 0.71140175 0.13745626 0.05542042
0.76475907 0.23366747 0.62115826 0.03962847
0.72513360 0.83732719 0.85730814 0.05992407
0.54579300 0.83593625 0.61442852 0.06912003
0.17254136 0.18020893 0.50496193 0.03593660
0.89855400 0.79103091 0.06851791 0.02942019
0.35286525 0.17670394 0.77115519 0.03603239
0.87909236 0.57064399 0.82631191 0.04323749
0.83142629 0.46720033 0.53789059 0.06461240
0.32394931 0.49199242 0.58142778 0.06264030
0.58321843 0.44095778 0.77361655 0.02916405
0.83943531 0.56726456 0.22700133 0.04197672
0.59214820 0.13308018 0.43435748 0.06218397
0.84830310 0.08430296 0.89669370 0.05753019
0.60773881 0.31962490 0.57304496 0.05306892
0.79591168 0.71065834 0.66356458 0.06056343
0.42346825 0.41546077 0.34329927 0.04483489
0.43592401 0.36305754 0.76018776 0.03698886
0.80856893 0.52409673 0.76271644 0.03928868
0.69616695 0.51599645 0.72792268 0.05297388
0.47113726 0.36758784 0.13655244 0.05281868
0.13912804 0.91447661 0.22667907 0.04465626
0.47093828 0.36414345 0.25873140 0.03538153
0.34237261 0.84955043 0.84394995 0.05382988
0.59978102 0.27224964 0.15962984 0.04627753
0.48065290 0.20603289 0.60309272 0.05055289
0.51687702 0.74881099 0.08341712 0.03799260
0.82188746 0.79753564 0.53317995 0.04236650
0.86687419 0.76622656 0.78882634 0.06554750
0.63358983 0.67968950 0.59733397 0.03272128
0.11765085 0.72200077 0.69036475 0.06268355
0.28893800 0.61494720 0.36559201 0.03960211
0.45574491 0.73235328 0.90305204 0.06255417
0.19110651 0.84723693 0.53595975 0.04133562
0.19177604 0.37800733 0.09944606 0.05100471
0.65722524 0.65580900 0.24592728 0.06536530
0.29312285 0.71761605 0.46257437 0.03909058
0.50755038 0.24462796 0.76473830 0.03093373
0.09113468 0.58086743 0.79759995 0.04121092
0.71442433 0.50956144 0.53514417 0.04478844
0.88078513 0.26298844 0.30181942 0.04837881
0.66161361 0.71861420 0.37062249 0.06282668
0.12939966 0.07661162 0.11914878 0.03463134
0.47791171 0.75759120 0.41706508 0.04893760
0.08999371 0.53234533 0.08384214 0.05494145
0.19920681 0.22548489 0.60765168 0.03472261
0.77544309 0.18878661 0.29232108 0.03360679
0.34472093 0.89548200 0.30869226 0.06351606
0.51049275 0.87462299 0.09962930 0.04703607
0.81024147 0.55050014 0.66416780 0.04243606
0.34141901 0.51452256 0.85020963 0.05315632
0.28422574 0.39005915 0.86889569 0.04673180
0.77872483 0.84014465 0.27974339 0.06855112
0.25896682 0.33592595 0.21252287 0.03223986
0.42755337 0.76521987 0.23602252 0.05445328
0.25957087 0.64549050 0.49756198 0.03093523
0.48074370 0.09445771 0.37755864 0.05708833
0.27470292 0.37011059 0.51924370 0.07058239
0.65554427 0.45774074 0.84537024 0.05724809
0.39194515 0.08386565 0.15796591 0.03459266
0.86449046 0.68455771 0.54706170 0.03737600
0.48177261 0.18986713 0.89497257 0.05868371
0.23901327 0.43960734 0.41593070 0.03533289
0.18797264 0.25099323 0.14049288 0.04962347
0.70294014 0.20408330 0.54318454 0.05106790
0.72154889 0.68574280 0.91726708 0.04573768
0.06968773 0.87628222 0.81036992 0.04038814
0.51381331 0.67129775 0.73219441 0.05965838
0.28805968 0.19167792 0.27258661 0.06682181
0.83135796 0.53734328 0.31548425 0.04141464
0.65069934 0.26011839 0.47178952 0.04327862
0.60960194 0.82603557 0.45480383 0.04195623
0.46459021 0.62854973 0.19706877 0.06203555
0.16011440 0.35683708 0.85909544 0.07079429
0.78748518 0.82176429 0.44640179 0.02888215
0.65684265 0.41279303 0.50490880 0.04639421
0.90684818 0.31994631 0.15304172 0.03660334
0.07292233 0.68980063 0.55668935 0.03466948
0.21733616 0.42111998 0.27674832 0.04225780
0.90674916 0.34620891 0.91297045 0.04589592
0.75463434 0.44169087 0.37610775 0.03927441
0.29501370 0.65989682 0.27331968 0.05793326
0.67336210 0.59498503 0.62402195 0.05550289
0.19267638 0.51242700 0.82904738 0.03576497
0.46746737 0.43778354 0.49762681 0.03636401
0.36175417 0.29106896 0.80229504 0.03540459
0.93528454 0.10399726 0.23378270 0.03126763
0.16460612 0.60567958 0.11374789 0.04657268
0.23234684 0.71202824 0.36298204 0.04468432
0.49005606 0.52109712 0.11247757 0.06249912
0.37528084 0.27385475 0.44478494 0.05604092
0.47407729 0.91142381 0.38362872 0.04485048
0.39579733 0.91723648 0.12778235 0.05228640
0.10317114 0.56023547 0.22958301 0.05058920
0.90218652 0.81352325 0.45972165 0.05547351
0.38528604 0.18574123 0.69929454 0.03494603
0.45655873 0.82800979 0.52346963 0.04889231
0.13363943 0.41141420 0.76102674 0.03463920
0.73424533 0.31655751 0.25234318 0.03669414
0.40979541 0.39414944 0.64183454 0.02921459
0.41877164 0.35065472 0.54832488 0.05636399
0.11841602 0.47691516 0.36604659 0.03019840
0.35626754 0.10844195 0.59193771 0.03676855
0.08722925 0.81777288 0.63304973 0.04791102
0.43058703 0.82236126 0.12930892 0.03120793
0.18166946 0.73198350 0.79024729 0.04872554
0.13429124 0.19695083 0.78086851 0.06332497
0.52619993 0.28922250 0.32840193 0.05493429
0.80258807 0.58965503 0.90672962 0.03541899
0.72187836 0.89728791 0.53073913 0.03102983
0.08599473 0.93031981 0.57095515 0.04146803
0.57356899 0.67041594 0.12752894 0.03895015
0.15055081 0.27520401 0.46741801 0.04949495
0.79630500 0.43827303 0.81458567 0.04262425
0.24816462 0.78491397 0.63613125 0.06605963
0.19969562 0.61660827 0.79958392 0.04322050
0.43821827 0.35727724 0.93007674 0.03695735
0.92286152 0.51613879 0.21873339 0.04475511
0.91988019 0.86774109 0.19999154 0.04619507
0.57944515 0.43809986 0.39750716 0.03935374
0.80135266 0.92244151 0.86217259 0.03640802
0.66194506 0.41772400 0.18812860 0.04533854
0.40194443 0.53351950 0.35811745 0.03298677
0.65585767 0.55116777 0.38190624 0.05750512
0.86010603 0.14505081 0.31371215 0.05626968
0.80184584 0.66355773 0.48900962 0.03255129
0.84199624 0.74093365 0.34862827 0.02973830
0.22152731 0.52373103 0.42673715 0.03230467
0.85583551 0.23539579 0.79576143 0.06272820
0.23441488 0.66754758 0.56473153 0.03556737
0.80741189 0.90973404 0.08518753 0.05056748
0.25991032 0.10662167 0.07413580 0.03930897
0.11428910 0.31188581 0.61878459 0.04945585
0.18220361 0.87869483 0.76411563 0.04077113
0.30466967 0.54457708 0.22723204 0.04062153
0.61632143 0.64230412 0.44184347 0.03462136
0.40564410 0.27418838 0.66203459 0.03947226
0.17981296 0.88576069 0.84444030 0.03097847
0.23669003 0.14317247 0.82038359 0.04099641
0.66237171 0.16449269 0.06753309 0.03227006
0.60534548 0.25638218 0.73449005 0.03207109
0.30010481 0.71682942 0.85923677 0.06606276
0.34743908 0.59285837 0.63035832 0.04182149
0.61458029 0.68345589 0.71100293 0.03876407
0.89822811 0.33247489 0.76541823 0.03035755
0.09435131 0.10100891 0.19049221 0.03148335
0.89023619 0.16647992 0.62644221 0.04540123
0.68923303 0.63656927 0.45008250 0.03037337
0.63544336 0.90034303 0.06831099 0.03923894
0.63320588 0.76493277 0.76004366 0.05090894
0.18688309 0.87542203 0.09508125 0.03010671
0.68954939 0.42758076 0.65461124 0.05421128
0.24645160 0.15935135 0.73808669 0.02912281
0.94082555 0.40236653 0.85838458 0.03197201
0.51076585 0.56288195 0.44920731 0.04825726
0.89050182 0.58966061 0.58747548 0.05291062
0.65648658 0.11308091 0.18439701 0.04214998
0.63660210 0.21424044 0.36018364 0.03406785
0.26363822 0.91208805 0.50811297 0.03039432
0.13844847 0.81654854 0.45470880 0.03936843
0.33604236 0.10643104 0.83740346 0.05534537
0.21026848 0.34274731 0.27730013 0.03160004
0.18700847 0.81211032 0.14888005 0.03019870
0.09257582 0.65377863 0.26605176 0.03806083
0.51481004 0.24195231 0.47429992 0.05724599
0.33136611 0.82957218 0.17669367 0.04164056
0.45782978 0.84719706 0.82251884 0.04047824
0.43976113 0.08391708 0.24323145 0.05339930
0.11713563 0.39330134 0.67156717 0.03641060
0.23155417 0.45936026 0.60692194 0.03289549
0.48207564 0.71113381 0.56152503 0.05052543
0.13316752 0.40766989 0.47230658 0.05107052
0.65074464 0.82995464 0.54185572 0.02870828
0.32189536 0.42583671 0.25486266 0.04425666
0.07842093 0.29958950 0.75663085 0.04155215
0.45114203 0.89350824 0.70213235 0.05684962
0.73016840 0.31646280 0.89490404 0.04209915
0.45348180 0.55110335 0.56527801 0.03053724
0.43607964 0.16593010 0.30047629 0.03922861
0.93155843 0.59927012 0.39176805 0.02940116
0.40203909 0.45781275 0.88326964 0.02963409
0.08353485 0.31084441 0.35455336 0.02914507
0.68734567 0.13645237 0.82313169 0.03283574
0.75494196 0.74544779 0.20480201 0.04538570
0.36848895 0.66083551 0.12673532 0.05187077
0.36883613 0.31262632 0.14090732 0.04035436
0.93397829 0.16981957 0.49139598 0.03991597
0.24693876 0.82943824 0.40456497 0.06492106
0.09231516 0.30353586 0.22122754 0.03769024
0.82161390 0.69423930 0.89019238 0.04448288
0.26168584 0.68918155 0.71668142 0.03614855
0.78195939 0.50293800 0.10265920 0.03001172
0.08037456 0.68163431 0.92284667 0.03290986
0.71780747 0.64435209 0.74312931 0.06206581
0.07514707 0.56538126 0.33344630 0.04071722
0.91392657 0.20574625 0.69958013 0.03497723
0.88393609 0.84452459 0.58496162 0.02928500
0.21206778 0.56787830 0.28096386 0.03317547
0.78488422 0.39532532 0.61511740 0.03717393
0.42410926 0.25665483 0.05685814 0.03011500
0.87588119 0.40949481 0.33395204 0.05781438
0.49779373 0.49118762 0.92848533 0.04164941
0.74619447 0.49247454 0.23650690 0.02861251
0.77500792 0.07545327 0.21021009 0.03949593
0.10628532 0.90653523 0.34909580 0.05793573
0.77446168 0.92094874 0.71133026 0.02952189
0.43022410 0.62631317 0.59090859 0.04147345
0.40269440 0.17751064 0.52894129 0.04649446
0.72198051 0.65234170 0.12707636 0.03845451
0.72573371 0.28093296 0.12230507 0.07079107
0.41145464 0.50554647 0.24380716 0.05236675
0.63213126 0.77453642 0.86865768 0.03759545
0.08709682 0.46686597 0.90524563 0.03428640
0.71389655 0.15758690 0.38109750 0.04755686
0.91902113 0.66697206 0.29816167 0.03901403
0.22013638 0.17681555 0.66173537 0.03371964
0.61691513 0.65655671 0.79882151 0.04120707
0.72800806 0.68555442 0.55038010 0.03633808
0.63735314 0.89761600 0.72596120 0.03223065
0.07738531 0.35448242 0.93438699 0.03349712
0.24929654 0.91248993 0.12694846 0.04421687
0.33357579 0.85662525 0.68581744 0.03859874
0.83689911 0.57810903 0.46228408 0.03014106
0.44735933 0.05906717 0.60051481 0.02907843
0.12987160 0.38205868 0.31206365 0.03754023
0.69421664 0.56422885 0.13557737 0.03318534
0.51658080 0.53317933 0.32032631 0.03735396
0.33532646 0.26124185 0.87521052 0.03007062
0.18432693 0.25659757 0.24318660 0.03801897
0.67710409 0.76739911 0.60706676 0.05831156
0.09903379 0.58157374 0.55449056 0.04655023
0.89424083 0.69474316 0.42893634 0.05418537
0.78663896 0.68486059 0.41309153 0.03494541
0.60126236 0.25816316 0.24563500 0.03031774
0.81549812 0.09772542 0.77020018 0.06677487
0.19488717 0.73954644 0.45074496 0.03185781
0.38098667 0.44787415 0.10379832 0.04265356
0.21205301 0.56707687 0.47935609 0.03023896
0.26716176 0.26551247 0.44319216 0.04580393
0.10191679 0.46825509 0.63543260 0.03526304
0.68913265 0.76384861 0.09563308 0.06334542
0.11180791 0.75599629 0.12707281 0.03643150
0.53525949 0.32095881 0.82769035 0.02962868
0.22247816 0.85904059 0.23381811 0.04510208
0.86769803 0.32831634 0.45090770 0.06331293
0.83286862 0.36209898 0.85753961 0.03303396
0.54211365 0.68566434 0.83115089 0.03901155
0.16815937 0.69359775 0.90646177 0.04582858
0.08926772 0.45593167 0.24281584 0.04604981
0.76217658 0.75794474 0.76124902 0.03732839
0.51149554 0.05874917 0.68401997 0.03208250
0.86718819 0.56793222 0.11525996 0.04718705
0.36993446 0.92810871 0.59023059 0.04127950
0.91813854 0.49631024 0.40215200 0.05157405
0.60079329 0.19017630 0.51837520 0.03240405
0.60649761 0.57198200 0.54043248 0.03085434
0.79417520 0.37760924 0.09586508 0.03754743
0.34657474 0.79492447 0.52541637 0.05225794
0.28359799 0.06703824 0.66722750 0.04049811
0.66370990 0.53078222 0.22871532 0.03485187
0.59878610 0.10420020 0.24603542 0.03089201
0.14358448 0.80154480 0.85535293 0.04705449
0.47005165 0.91865046 0.89329574 0.04835791
0.91033041 0.87588253 0.72233424 0.05103820
0.76261473 0.09110905 0.50541601 0.03866324
0.44071268 0.25413170 0.26831705 0.04973771
0.16886493 0.90736153 0.65849196 0.06119214
0.08688690 0.24965861 0.10430735 0.03312751
0.88351609 0.47068939 0.08883758 0.03834240
0.71401803 0.89263533 0.17591363 0.03685901
0.32439314 0.22346191 0.60089244 0.05239445
0.88984538 0.45882101 0.81891655 0.03919207
0.37398349 0.08188250 0.51589874 0.02887170
0.11446347 0.80968771 0.76179930 0.03088774
0.37250598 0.67180271 0.49980086 0.05216941
0.93135751 0.08846786 0.40592044 0.03591758
0.27616924 0.85738441 0.75726018 0.04421431
0.47186881 0.18073754 0.11634240 0.07012046
0.18226340 0.53591349 0.91862575 0.03965880
0.21858040 0.49758628 0.07770866 0.03421298
0.57935528 0.77135535 0.93725975 0.02894992
0.89688269 0.90592024 0.35026712 0.03792807
0.39828681 0.72555772 0.35307130 0.04173520
0.16157155 0.45038361 0.70446934 0.02935126
0.34339770 0.43059140 0.73974575 0.06937082
0.76763945 0.51683802 0.87755089 0.04444834
0.07786540 0.81709335 0.18447249 0.03262779
0.72125761 0.40539700 0.30366524 0.02938772
0.27722919 0.93622308 0.43045711 0.03536368
0.91119115 0.45515067 0.70187342 0.03508140
0.20122585 0.79889577 0.91910844 0.03128542
0.17772573 0.57984311 0.41884313 0.03037186
0.51578812 0.33770545 0.60089838 0.03833191
0.24728850 0.36371009 0.63158951 0.03016654
0.65548099 0.69668733 0.85810376 0.03072431
0.92571969 0.76165883 0.28574302 0.04007773
0.55572412 0.41913810 0.54584014 0.03147325
0.79360060 0.76755681 0.39790672 0.03932702
0.13605706 0.07719973 0.32927286 0.02868979
0.51128353 0.14410841 0.74375026 0.03638629
0.67042382 0.86486593 0.36950869 0.05176504
0.78616906 0.22951230 0.93673637 0.03350056
0.27805058 0.57921721 0.83773157 0.03238180
0.29093305 0.61728053 0.14985543 0.03512830
0.42773921 0.74380210 0.06678584 0.03279084
0.25101565 0.82210814 0.85675818 0.03329296
0.57040754 0.54380877 0.61153663 0.04814897
0.72277808 0.32362294 0.49879342 0.05015342
0.32422103 0.32815120 0.63102226 0.04586384
0.73918825 0.55727831 0.29801575 0.03706171
0.30328532 0.93101277 0.79290945 0.03528777
0.06686487 0.92422512 0.10204943 0.03425013
0.61893127 0.86674618 0.91397599 0.04325945
0.55599793 0.82451752 0.76795786 0.03855659
0.09396096 0.54278367 0.67844956 0.04236938
0.59534661 0.32045789 0.69270098 0.03368343
0.55652081 0.09993826 0.91788395 0.03799085
0.81325297 0.88209844 0.63091189 0.03383091
0.82875723 0.81126622 0.12035740 0.04198410
0.56086150 0.52594907 0.88591638 0.03512365
0.31512132 0.07395192 0.30187062 0.04314221
0.69401798 0.09021649 0.55485200 0.04067957
0.19444400 0.64777770 0.22198196 0.04534281
0.26153334 0.14646807 0.53863469 0.03611260
0.22445908 0.33541924 0.35342076 0.03166425
0.34146715 0.17725103 0.08942988 0.03268586
0.92368449 0.55755713 0.30911215 0.03055082
0.67810134 0.26977221 0.37494441 0.02869240
0.47073593 0.48983081 0.43216994 0.02969153
0.09539563 0.70218400 0.43387971 0.05666002
0.53178942 0.44618750 0.83216404 0.03101586
0.60726556 0.08594290 0.07516762 0.03060709
0.69177942 0.58049206 0.84476426 0.03712123
0.11929305 0.60627984 0.88659508 0.03861868
0.72852990 0.82467669 0.49932563 0.03994579
0.07899010 0.68544654 0.08447474 0.03109780
0.07639315 0.19297869 0.64281887 0.03675777
0.91700732 0.36385784 0.22086877 0.02855858
0.86639802 0.79077483 0.66604002 0.04021782
0.38815048 0.30415894 0.32180978 0.02889167
0.11281238 0.39791682 0.56007893 0.03309652
0.37980498 0.08869199 0.71726885 0.04570282
0.86649332 0.85391203 0.90614663 0.04904475
0.17593027 0.38390900 0.36843936 0.02882929
0.18620164 0.10626681 0.27542090 0.03485201
0.70061200 0.94253698 0.58705413 0.03120026
0.46055903 0.88919418 0.21989129 0.04211096
0.06438997 0.79382010 0.52773292 0.02961296
0.28383867 0.59760114 0.55798275 0.04171044
0.73140807 0.61892266 0.39588343 0.03189427
0.51470371 0.09159465 0.06114055 0.03083911
0.93469870 0.63767081 0.78684606 0.02884356
0.91988850 0.72395573 0.69764346 0.03696159
0.58692142 0.63676605 0.91063391 0.04595427
0.78810482 0.63404206 0.10044233 0.02871582
0.07724453 0.44890831 0.71107277 0.03504012
0.70392760 0.46538751 0.11770805 0.03400518
0.68801551 0.20936033 0.22829850 0.04611867
0.73111766 0.10399823 0.09385409 0.03472301
0.63694093 0.89094962 0.29260793 0.03023495
0.57573670 0.49508618 0.20995996 0.03831794
0.57657798 0.33485296 0.07869737 0.03376288
0.71231644 0.93457822 0.08919622 0.03528526
0.23159673 0.73442826 0.94233007 0.02989526
0.47139058 0.37935533 0.84591620 0.03640061
0.06570383 0.12152745 0.11923079 0.03479894
0.75028885 0.91716949 0.40900244 0.04194043
0.21939866 0.44931793 0.76602232 0.04385404
0.61062262 0.37114771 0.83222662 0.03419961
0.53045018 0.25927350 0.69073093 0.03439611
0.09843893 0.37779199 0.17074413 0.04201425
0.52894984 0.49588230 0.54467321 0.03715864
0.80504167 0.89157861 0.47981440 0.03836906
0.53113314 0.87483660 0.49852944 0.03252626
0.92278009 0.21110916 0.92885888 0.04396187
0.90714886 0.55506922 0.71267977 0.04880731
0.91460786 0.66640708 0.85942783 0.04014360
0.11030786 0.54104901 0.41871464 0.03518037
0.51588382 0.41434445 0.74069575 0.03359528
0.06222977 0.71639473 0.34834817 0.02914550
0.47899602 0.37067433 0.40044223 0.03167876
0.19430832 0.78548532 0.07493574 0.03847903
0.08384963 0.42031150 0.09085246 0.03127840
0.78710767 0.05874564 0.36055977 0.03185292
0.78667931 0.68042095 0.32301111 0.04090007
0.28184325 0.94296676 0.86672729 0.02934414
0.62239145 0.54618487 0.14707908 0.03387836
0.40384814 0.84151187 0.45061659 0.03002430
0.36983988 0.45265127 0.47388934 0.03939337
0.80177797 0.28717678 0.55261188 0.04117538
0.65416846 0.28751577 0.84156969 0.04072359
0.14943884 0.13336004 0.57024532 0.04162889
0.57090251 0.36504516 0.46431701 0.04760460
0.23001501 0.07361032 0.37060675 0.03155506
0.74146609 0.74579072 0.44573616 0.02950724
0.15494241 0.65779327 0.51414154 0.04280100
0.65320712 0.36329977 0.29054371 0.03413606
0.90562416 0.06132150 0.63726038 0.03347265
0.21436931 0.10336662 0.93280550 0.03503340
0.65789058 0.70197411 0.49124469 0.03150086
0.93836423 0.94339456 0.42812886 0.02963927
0.91862621 0.06997715 0.78560278 0.03320072
0.73042264 0.72682138 0.83949268 0.03087069
0.30188983 0.39754564 0.35490258 0.04327752
0.42876608 0.55183153 0.48195413 0.02963173
0.87384672 0.40659240 0.14307244 0.03701038
0.19303204 0.73053399 0.20713062 0.02937250
0.38158323 0.61299174 0.76357002 0.03059570
0.79593797 0.15793160 0.55127143 0.03809211
0.31362713 0.52077978 0.44006414 0.04927510
0.57606949 0.07792818 0.81808342 0.03885373
0.56585616 0.14569114 0.32775742 0.03341624
0.06376767 0.06625113 0.66689855 0.03539933
0.46240815 0.61509621 0.90037148 0.03364436
0.20642279 0.50776095 0.18895474 0.05699876
0.89503525 0.23190264 0.41843533 0.03370047
0.13476805 0.07671665 0.74796169 0.04621318
0.14664863 0.07705261 0.43256270 0.04221018
0.43422740 0.15527894 0.80238880 0.04477385
0.07738370 0.18259991 0.17759396 0.04028831
0.47735190 0.14238415 0.47860256 0.04125037
0.91324423 0.36350090 0.06288492 0.03527671
0.34255174 0.18783092 0.92558136 0.03304474
0.64225458 0.60053040 0.06802165 0.02905736
0.12240258 0.24358791 0.90569505 0.02935023
0.73710905 0.60062231 0.51127348 0.03485483
0.34571724 0.37783528 0.43078901 0.03564851
0.31497262 0.68193088 0.59004969 0.03724276
0.34753979 0.81733938 0.75594338 0.02993777
0.90388520 0.92449883 0.57570379 0.04446770
0.10279805 0.67160325 0.16644494 0.04751501
0.81105203 0.51738203 0.42340369 0.02994451
0.78880284 0.05883621 0.07052251 0.03162118
0.07176038 0.47367755 0.54601030 0.04085098
0.12255788 0.91019771 0.91560236 0.03083908
0.56854205 0.57319166 0.21574617 0.03195223
0.45927212 0.45826988 0.59427307 0.03419676
0.41121275 0.40568616 0.23016874 0.02935781
0.58331678 0.81105727 0.05984935 0.02958564
0.28048140 0.25290406 0.08217097 0.05430379
0.34634396 0.76453479 0.10295316 0.03186285
0.64120481 0.63745200 0.13042764 0.03135816
0.57622106 0.47057145 0.11179608 0.03074334
0.48285402 0.77015891 0.76416153 0.04349099
0.25217385 0.79447168 0.51637661 0.03285614
0.73807144 0.33713638 0.33193216 0.03407748
0.22323800 0.25675065 0.88333531 0.03424918
0.80366281 0.93635575 0.55723422 0.03391744
0.45811357 0.65796887 0.08533594 0.03969207
0.06176757 0.85184830 0.09043494 0.03060447
0.76593544 0.18677334 0.86627646 0.04142383
0.68429607 0.45049197 0.26376712 0.03100946
0.37619410 0.34736686 0.87890629 0.03714816
0.46051049 0.77751894 0.32763895 0.03656005
0.58716481 0.15489677 0.12285578 0.03620319
0.73037811 0.84081876 0.68375820 0.04706944
0.49469913 0.55102196 0.65090560 0.03206249
0.88827310 0.81749720 0.34433050 0.03653215
0.24359029 0.74107402 0.27074140 0.03058899
0.38930146 0.93442570 0.85766975 0.03363961
0.56792130 0.92164595 0.69937591 0.04103792
0.80285520 0.27664015 0.70424605 0.03570360
0.74833316 0.24783315 0.42354300 0.04940299
0.25733093 0.65377045 0.05648949 0.02991163
0.72817020 0.40004033 0.88153047 0.03503926
0.32230613 0.93050565 0.67489457 0.03014039
0.20600963 0.51607135 0.53640606 0.03194261
0.25458801 0.83215525 0.06704734 0.03230586
0.55320285 0.90564349 0.31760611 0.04848240
0.53205500 0.75704046 0.68760573 0.03204007
0.35528121 0.57861894 0.06335565 0.03075028
0.61075517 0.36433992 0.14961121 0.03134671
0.59283982 0.67366840 0.53659421 0.03433057
0.75852846 0.09227339 0.61372365 0.03305463
0.90235568 0.71024166 0.05514208 0.02913645
0.24853029 0.93288856 0.58480562 0.02904630
0.22548141 0.17040398 0.44800073 0.03227481
0.90729226 0.63733308 0.93624148 0.03427291
0.24546666 0.60410717 0.94469470 0.02878505
0.94148169 0.87416561 0.83017854 0.03040329
0.28409812 0.07562085 0.46730251 0.02965438
0.92084370 0.42136724 0.54818379 0.03005069
0.88609589 0.10895316 0.46721175 0.03074233
0.64741189 0.91740034 0.63517054 0.03481905
0.12751321 0.74169872 0.53955869 0.03462303
0.09713775 0.73642185 0.79404565 0.02996588
0.62852705 0.42246854 0.93967228 0.03103181
0.48651515 0.07417250 0.84148035 0.04365029
0.06694532 0.74778343 0.86218739 0.03017593
0.68868733 0.24031266 0.64602173 0.03335422
0.15229694 0.60195874 0.35303359 0.03700710
0.58062072 0.36566597 0.21415026 0.02939563
0.33948141 0.73236149 0.20259550 0.03166595
0.54947283 0.18414582 0.66768738 0.03411560
0.70994350 0.31790820 0.60693723 0.04878792
0.25929613 0.47106604 0.92915249 0.03308235
0.92039951 0.24253961 0.61552639 0.03148323
0.87205210 0.26177943 0.57275994 0.03079859
0.06381878 0.41263184 0.78244856 0.03247049
0.31288040 0.14807439 0.15744542 0.02899277
0.82069204 0.31897990 0.22659443 0.04112256
0.67962797 0.10607091 0.89937889 0.04156418
0.15901255 0.47801653 0.58319132 0.03091973
0.92643553 0.14069181 0.84323851 0.02894662
0.91720086 0.77762539 0.16011269 0.04526286
0.09422157 0.19173214 0.06404677 0.03290742
0.12741441 0.50953813 0.30725609 0.03241267
0.28410518 0.08417379 0.20198721 0.02863221
0.60243993 0.38488221 0.73727760 0.03012659
0.58244714 0.71549642 0.45054108 0.03685874
0.06845960 0.07895358 0.36232611 0.03962679
0.52365549 0.82803518 0.92602805 0.03903933
0.86293431 0.74863705 0.59818060 0.03121658
0.55932590 0.76836931 0.86090138 0.03020041
0.93223079 0.78129730 0.89100206 0.02858186
0.80758495 0.29671035 0.93954339 0.02891706
0.42429329 0.68421796 0.27997725 0.03191257
0.24089390 0.86653646 0.92553451 0.03687475
0.46874321 0.20214541 0.38101900 0.04223099
0.39734974 0.14126142 0.36156609 0.03042924
0.31040560 0.68432553 0.39558302 0.03053686
0.45505412 0.44744297 0.80292086 0.02864089
0.79455081 0.57666643 0.37546775 0.03091679
0.44978461 0.28849159 0.82022974 0.03197952
0.35292233 0.07443412 0.09257386 0.03457463
0.54142983 0.25629479 0.06704284 0.03659712
0.61227154 0.92365649 0.14375122 0.03358431
0.29051188 0.56632344 0.73159209 0.04401957
0.84991027 0.63051981 0.37170278 0.02953082
0.26989322 0.25944234 0.82339879 0.02980939
0.37701030 0.81241095 0.94423628 0.02896580
0.61385652 0.30615500 0.38637178 0.04026105
0.93617073 0.10833586 0.11747974 0.03572692
0.60902774 0.21352034 0.60146379 0.04480713
0.63937711 0.41494685 0.06702614 0.03112760
0.56012979 0.32494244 0.76414150 0.03106583
0.16784218 0.09927340 0.84676587 0.03599826
0.36055211 0.46936378 0.37306118 0.03732460
0.38942572 0.19268816 0.22143268 0.03784237
0.62615392 0.42051252 0.58268747 0.03181610
0.32943939 0.89735264 0.52190559 0.03275888
0.92758863 0.63773293 0.66957769 0.03681987
0.06762376 0.92212696 0.71207994 0.03243819
0.55473342 0.69726839 0.21595507 0.02938041
0.16314229 0.31920625 0.54732960 0.02959485
0.33843667 0.31805544 0.23935633 0.03008463
0.45404925 0.07174453 0.12253096 0.03122119
0.93050471 0.72591186 0.56876579 0.03702536
0.91503675 0.89780504 0.10956078 0.04067246
0.30381632 0.34283586 0.08632883 0.03151132
0.46299675 0.07231963 0.53103169 0.03363164
0.06165013 0.35284847 0.53092184 0.03386639
0.07745375 0.20972328 0.28879128 0.04556491
0.70135459 0.56441915 0.46237660 0.02850358
0.26730481 0.06840683 0.58670735 0.03108348
0.46961075 0.67091689 0.47519833 0.02952107
0.80571937 0.21171842 0.50200042 0.03063941
0.58742480 0.06558932 0.32018367 0.03131188
0.22357315 0.06973039 0.77496097 0.03195486
0.78926185 0.72787409 0.54345911 0.02884010
