0.13355362 0.13355362 0.13355362 0.10857670
0.37785121 0.13355362 0.13355362 0.10857670
0.62214879 0.13355362 0.13355362 0.10857670
0.86644638 0.13355362 0.13355362 0.10857670
0.13355362 0.37785121 0.13355362 0.10857670
0.37785121 0.37785121 0.13355362 0.10857670
0.62214879 0.37785121 0.13355362 0.10857670
0.86644638 0.37785121 0.13355362 0.10857670
0.13355362 0.62214879 0.13355362 0.10857670
0.37785121 0.62214879 0.13355362 0.10857670
0.62214879 0.62214879 0.13355362 0.10857670
0.86644638 0.62214879 0.13355362 0.10857670
0.13355362 0.86644638 0.13355362 0.10857670
0.37785121 0.86644638 0.13355362 0.10857670
0.62214879 0.86644638 0.13355362 0.10857670
0.86644638 0.86644638 0.13355362 0.10857670
0.13355362 0.13355362 0.37785121 0.10857670
0.37785121 0.13355362 0.37785121 0.10857670
0.62214879 0.13355362 0.37785121 0.10857670
0.86644638 0.13355362 0.37785121 0.10857670
0.13355362 0.37785121 0.37785121 0.10857670
0.37785121 0.37785121 0.37785121 0.10857670
0.62214879 0.37785121 0.37785121 0.10857670
0.86644638 0.37785121 0.37785121 0.10857670
0.13355362 0.62214879 0.37785121 0.10857670
0.37785121 0.62214879 0.37785121 0.10857670
0.62214879 0.62214879 0.37785121 0.10857670
0.86644638 0.62214879 0.37785121 0.10857670
0.13355362 0.86644638 0.37785121 0.10857670
0.37785121 0.86644638 0.37785121 0.10857670
0.62214879 0.86644638 0.37785121 0.10857670
0.86644638 0.86644638 0.37785121 0.10857670
0.13355362 0.13355362 0.62214879 0.10857670
0.37785121 0.13355362 0.62214879 0.10857670
0.62214879 0.13355362 0.62214879 0.10857670
0.86644638 0.13355362 0.62214879 0.10857670
0.13355362 0.37785121 0.62214879 0.10857670
0.37785121 0.37785121 0.62214879 0.10857670
0.62214879 0.37785121 0.62214879 0.10857670
0.86644638 0.37785121 0.62214879 0.10857670
0.13355362 0.62214879 0.62214879 0.10857670
0.37785121 0.62214879 0.62214879 0.10857670
0.62214879 0.62214879 0.62214879 0.10857670
0.86644638 0.62214879 0.62214879 0.10857670
0.13355362 0.86644638 0.62214879 0.10857670
0.37785121 0.86644638 0.62214879 0.10857670
0.62214879 0.86644638 0.62214879 0.10857670
0.86644638 0.86644638 0.62214879 0.10857670
0.13355362 0.13355362 0.86644638 0.10857670
0.37785121 0.13355362 0.86644638 0.10857670
0.62214879 0.13355362 0.86644638 0.10857670
0.86644638 0.13355362 0.86644638 0.10857670
0.13355362 0.37785121 0.86644638 0.10857670
0.37785121 0.37785121 0.86644638 0.10857670
0.62214879 0.37785121 0.86644638 0.10857670
0.86644638 0.37785121 0.86644638 0.10857670
0.13355362 0.62214879 0.86644638 0.10857670
0.37785121 0.62214879 0.86644638 0.10857670
0.62214879 0.62214879 0.86644638 0.10857670
0.86644638 0.62214879 0.86644638 0.10857670
0.13355362 0.86644638 0.86644638 0.10857670
0.37785121 0.86644638 0.86644638 0.10857670
0.62214879 0.86644638 0.86644638 0.10857670
0.86644638 0.86644638 0.86644638 0.10857670
