0.07466919 0.07466919 0.07466919 0.03780718
0.15973535 0.07466919 0.07466919 0.03780718
0.24480151 0.07466919 0.07466919 0.03780718
0.32986767 0.07466919 0.07466919 0.03780718
0.41493384 0.07466919 0.07466919 0.03780718
0.50000000 0.07466919 0.07466919 0.03780718
0.58506616 0.07466919 0.07466919 0.03780718
0.67013233 0.07466919 0.07466919 0.03780718
0.75519849 0.07466919 0.07466919 0.03780718
0.84026465 0.07466919 0.07466919 0.03780718
0.92533081 0.07466919 0.07466919 0.03780718
0.07466919 0.15973535 0.07466919 0.03780718
0.15973535 0.15973535 0.07466919 0.03780718
0.24480151 0.15973535 0.07466919 0.03780718
0.32986767 0.15973535 0.07466919 0.03780718
0.41493384 0.15973535 0.07466919 0.03780718
0.50000000 0.15973535 0.07466919 0.03780718
0.58506616 0.15973535 0.07466919 0.03780718
0.67013233 0.15973535 0.07466919 0.03780718
0.75519849 0.15973535 0.07466919 0.03780718
0.84026465 0.15973535 0.07466919 0.03780718
0.92533081 0.15973535 0.07466919 0.03780718
0.07466919 0.24480151 0.07466919 0.03780718
0.15973535 0.24480151 0.07466919 0.03780718
0.24480151 0.24480151 0.07466919 0.03780718
0.32986767 0.24480151 0.07466919 0.03780718
0.41493384 0.24480151 0.07466919 0.03780718
0.50000000 0.24480151 0.07466919 0.03780718
0.58506616 0.24480151 0.07466919 0.03780718
0.67013233 0.24480151 0.07466919 0.03780718
0.75519849 0.24480151 0.07466919 0.03780718
0.84026465 0.24480151 0.07466919 0.03780718
0.92533081 0.24480151 0.07466919 0.03780718
0.07466919 0.32986767 0.07466919 0.03780718
0.15973535 0.32986767 0.07466919 0.03780718
0.24480151 0.32986767 0.07466919 0.03780718
0.32986767 0.32986767 0.07466919 0.03780718
0.41493384 0.32986767 0.07466919 0.03780718
0.50000000 0.32986767 0.07466919 0.03780718
0.58506616 0.32986767 0.07466919 0.03780718
0.67013233 0.32986767 0.07466919 0.03780718
0.75519849 0.32986767 0.07466919 0.03780718
0.84026465 0.32986767 0.07466919 0.03780718
0.92533081 0.32986767 0.07466919 0.03780718
0.07466919 0.41493384 0.07466919 0.03780718
0.15973535 0.41493384 0.07466919 0.03780718
0.24480151 0.41493384 0.07466919 0.03780718
0.32986767 0.41493384 0.07466919 0.03780718
0.41493384 0.41493384 0.07466919 0.03780718
0.50000000 0.41493384 0.07466919 0.03780718
0.58506616 0.41493384 0.07466919 0.03780718
0.67013233 0.41493384 0.07466919 0.03780718
0.75519849 0.41493384 0.07466919 0.03780718
0.84026465 0.41493384 0.07466919 0.03780718
0.92533081 0.41493384 0.07466919 0.03780718
0.07466919 0.50000000 0.07466919 0.03780718
0.15973535 0.50000000 0.07466919 0.03780718
0.24480151 0.50000000 0.07466919 0.03780718
0.32986767 0.50000000 0.07466919 0.03780718
0.41493384 0.50000000 0.07466919 0.03780718
0.50000000 0.50000000 0.07466919 0.03780718
0.58506616 0.50000000 0.07466919 0.03780718
0.67013233 0.50000000 0.07466919 0.03780718
0.75519849 0.50000000 0.07466919 0.03780718
0.84026465 0.50000000 0.07466919 0.03780718
0.92533081 0.50000000 0.07466919 0.03780718
0.07466919 0.58506616 0.07466919 0.03780718
0.15973535 0.58506616 0.07466919 0.03780718
0.24480151 0.58506616 0.07466919 0.03780718
0.32986767 0.58506616 0.07466919 0.03780718
0.41493384 0.58506616 0.07466919 0.03780718
0.50000000 0.58506616 0.07466919 0.03780718
0.58506616 0.58506616 0.07466919 0.03780718
0.67013233 0.58506616 0.07466919 0.03780718
0.75519849 0.58506616 0.07466919 0.03780718
0.84026465 0.58506616 0.07466919 0.03780718
0.92533081 0.58506616 0.07466919 0.03780718
0.07466919 0.67013233 0.07466919 0.03780718
0.15973535 0.67013233 0.07466919 0.03780718
0.24480151 0.67013233 0.07466919 0.03780718
0.32986767 0.67013233 0.07466919 0.03780718
0.41493384 0.67013233 0.07466919 0.03780718
0.50000000 0.67013233 0.07466919 0.03780718
0.58506616 0.67013233 0.07466919 0.03780718
0.67013233 0.67013233 0.07466919 0.03780718
0.75519849 0.67013233 0.07466919 0.03780718
0.84026465 0.67013233 0.07466919 0.03780718
0.92533081 0.67013233 0.07466919 0.03780718
0.07466919 0.75519849 0.07466919 0.03780718
0.15973535 0.75519849 0.07466919 0.03780718
0.24480151 0.75519849 0.07466919 0.03780718
0.32986767 0.75519849 0.07466919 0.03780718
0.41493384 0.75519849 0.07466919 0.03780718
0.50000000 0.75519849 0.07466919 0.03780718
0.58506616 0.75519849 0.07466919 0.03780718
0.67013233 0.75519849 0.07466919 0.03780718
0.75519849 0.75519849 0.07466919 0.03780718
0.84026465 0.75519849 0.07466919 0.03780718
0.92533081 0.75519849 0.07466919 0.03780718
0.07466919 0.84026465 0.07466919 0.03780718
0.15973535 0.84026465 0.07466919 0.03780718
0.24480151 0.84026465 0.07466919 0.03780718
0.32986767 0.84026465 0.07466919 0.03780718
0.41493384 0.84026465 0.07466919 0.03780718
0.50000000 0.84026465 0.07466919 0.03780718
0.58506616 0.84026465 0.07466919 0.03780718
0.67013233 0.84026465 0.07466919 0.03780718
0.75519849 0.84026465 0.07466919 0.03780718
0.84026465 0.84026465 0.07466919 0.03780718
0.92533081 0.84026465 0.07466919 0.03780718
0.07466919 0.92533081 0.07466919 0.03780718
0.15973535 0.92533081 0.07466919 0.03780718
0.24480151 0.92533081 0.07466919 0.03780718
0.32986767 0.92533081 0.07466919 0.03780718
0.41493384 0.92533081 0.07466919 0.03780718
0.50000000 0.92533081 0.07466919 0.03780718
0.58506616 0.92533081 0.07466919 0.03780718
0.67013233 0.92533081 0.07466919 0.03780718
0.75519849 0.92533081 0.07466919 0.03780718
0.84026465 0.92533081 0.07466919 0.03780718
0.92533081 0.92533081 0.07466919 0.03780718
0.07466919 0.07466919 0.15973535 0.03780718
0.15973535 0.07466919 0.15973535 0.03780718
0.24480151 0.07466919 0.15973535 0.03780718
0.32986767 0.07466919 0.15973535 0.03780718
0.41493384 0.07466919 0.15973535 0.03780718
0.50000000 0.07466919 0.15973535 0.03780718
0.58506616 0.07466919 0.15973535 0.03780718
0.67013233 0.07466919 0.15973535 0.03780718
0.75519849 0.07466919 0.15973535 0.03780718
0.84026465 0.07466919 0.15973535 0.03780718
0.92533081 0.07466919 0.15973535 0.03780718
0.07466919 0.15973535 0.15973535 0.03780718
0.15973535 0.15973535 0.15973535 0.03780718
0.24480151 0.15973535 0.15973535 0.03780718
0.32986767 0.15973535 0.15973535 0.03780718
0.41493384 0.15973535 0.15973535 0.03780718
0.50000000 0.15973535 0.15973535 0.03780718
0.58506616 0.15973535 0.15973535 0.03780718
0.67013233 0.15973535 0.15973535 0.03780718
0.75519849 0.15973535 0.15973535 0.03780718
0.84026465 0.15973535 0.15973535 0.03780718
0.92533081 0.15973535 0.15973535 0.03780718
0.07466919 0.24480151 0.15973535 0.03780718
0.15973535 0.24480151 0.15973535 0.03780718
0.24480151 0.24480151 0.15973535 0.03780718
0.32986767 0.24480151 0.15973535 0.03780718
0.41493384 0.24480151 0.15973535 0.03780718
0.50000000 0.24480151 0.15973535 0.03780718
0.58506616 0.24480151 0.15973535 0.03780718
0.67013233 0.24480151 0.15973535 0.03780718
0.75519849 0.24480151 0.15973535 0.03780718
0.84026465 0.24480151 0.15973535 0.03780718
0.92533081 0.24480151 0.15973535 0.03780718
0.07466919 0.32986767 0.15973535 0.03780718
0.15973535 0.32986767 0.15973535 0.03780718
0.24480151 0.32986767 0.15973535 0.03780718
0.32986767 0.32986767 0.15973535 0.03780718
0.41493384 0.32986767 0.15973535 0.03780718
0.50000000 0.32986767 0.15973535 0.03780718
0.58506616 0.32986767 0.15973535 0.03780718
0.67013233 0.32986767 0.15973535 0.03780718
0.75519849 0.32986767 0.15973535 0.03780718
0.84026465 0.32986767 0.15973535 0.03780718
0.92533081 0.32986767 0.15973535 0.03780718
0.07466919 0.41493384 0.15973535 0.03780718
0.15973535 0.41493384 0.15973535 0.03780718
0.24480151 0.41493384 0.15973535 0.03780718
0.32986767 0.41493384 0.15973535 0.03780718
0.41493384 0.41493384 0.15973535 0.03780718
0.50000000 0.41493384 0.15973535 0.03780718
0.58506616 0.41493384 0.15973535 0.03780718
0.67013233 0.41493384 0.15973535 0.03780718
0.75519849 0.41493384 0.15973535 0.03780718
0.84026465 0.41493384 0.15973535 0.03780718
0.92533081 0.41493384 0.15973535 0.03780718
0.07466919 0.50000000 0.15973535 0.03780718
0.15973535 0.50000000 0.15973535 0.03780718
0.24480151 0.50000000 0.15973535 0.03780718
0.32986767 0.50000000 0.15973535 0.03780718
0.41493384 0.50000000 0.15973535 0.03780718
0.50000000 0.50000000 0.15973535 0.03780718
0.58506616 0.50000000 0.15973535 0.03780718
0.67013233 0.50000000 0.15973535 0.03780718
0.75519849 0.50000000 0.15973535 0.03780718
0.84026465 0.50000000 0.15973535 0.03780718
0.92533081 0.50000000 0.15973535 0.03780718
0.07466919 0.58506616 0.15973535 0.03780718
0.15973535 0.58506616 0.15973535 0.03780718
0.24480151 0.58506616 0.15973535 0.03780718
0.32986767 0.58506616 0.15973535 0.03780718
0.41493384 0.58506616 0.15973535 0.03780718
0.50000000 0.58506616 0.15973535 0.03780718
0.58506616 0.58506616 0.15973535 0.03780718
0.67013233 0.58506616 0.15973535 0.03780718
0.75519849 0.58506616 0.15973535 0.03780718
0.84026465 0.58506616 0.15973535 0.03780718
0.92533081 0.58506616 0.15973535 0.03780718
0.07466919 0.67013233 0.15973535 0.03780718
0.15973535 0.67013233 0.15973535 0.03780718
0.24480151 0.67013233 0.15973535 0.03780718
0.32986767 0.67013233 0.15973535 0.03780718
0.41493384 0.67013233 0.15973535 0.03780718
0.50000000 0.67013233 0.15973535 0.03780718
0.58506616 0.67013233 0.15973535 0.03780718
0.67013233 0.67013233 0.15973535 0.03780718
0.75519849 0.67013233 0.15973535 0.03780718
0.84026465 0.67013233 0.15973535 0.03780718
0.92533081 0.67013233 0.15973535 0.03780718
0.07466919 0.75519849 0.15973535 0.03780718
0.15973535 0.75519849 0.15973535 0.03780718
0.24480151 0.75519849 0.15973535 0.03780718
0.32986767 0.75519849 0.15973535 0.03780718
0.41493384 0.75519849 0.15973535 0.03780718
0.50000000 0.75519849 0.15973535 0.03780718
0.58506616 0.75519849 0.15973535 0.03780718
0.67013233 0.75519849 0.15973535 0.03780718
0.75519849 0.75519849 0.15973535 0.03780718
0.84026465 0.75519849 0.15973535 0.03780718
0.92533081 0.75519849 0.15973535 0.03780718
0.07466919 0.84026465 0.15973535 0.03780718
0.15973535 0.84026465 0.15973535 0.03780718
0.24480151 0.84026465 0.15973535 0.03780718
0.32986767 0.84026465 0.15973535 0.03780718
0.41493384 0.84026465 0.15973535 0.03780718
0.50000000 0.84026465 0.15973535 0.03780718
0.58506616 0.84026465 0.15973535 0.03780718
0.67013233 0.84026465 0.15973535 0.03780718
0.75519849 0.84026465 0.15973535 0.03780718
0.84026465 0.84026465 0.15973535 0.03780718
0.92533081 0.84026465 0.15973535 0.03780718
0.07466919 0.92533081 0.15973535 0.03780718
0.15973535 0.92533081 0.15973535 0.03780718
0.24480151 0.92533081 0.15973535 0.03780718
0.32986767 0.92533081 0.15973535 0.03780718
0.41493384 0.92533081 0.15973535 0.03780718
0.50000000 0.92533081 0.15973535 0.03780718
0.58506616 0.92533081 0.15973535 0.03780718
0.67013233 0.92533081 0.15973535 0.03780718
0.75519849 0.92533081 0.15973535 0.03780718
0.84026465 0.92533081 0.15973535 0.03780718
0.92533081 0.92533081 0.15973535 0.03780718
0.07466919 0.07466919 0.24480151 0.03780718
0.15973535 0.07466919 0.24480151 0.03780718
0.24480151 0.07466919 0.24480151 0.03780718
0.32986767 0.07466919 0.24480151 0.03780718
0.41493384 0.07466919 0.24480151 0.03780718
0.50000000 0.07466919 0.24480151 0.03780718
0.58506616 0.07466919 0.24480151 0.03780718
0.67013233 0.07466919 0.24480151 0.03780718
0.75519849 0.07466919 0.24480151 0.03780718
0.84026465 0.07466919 0.24480151 0.03780718
0.92533081 0.07466919 0.24480151 0.03780718
0.07466919 0.15973535 0.24480151 0.03780718
0.15973535 0.15973535 0.24480151 0.03780718
0.24480151 0.15973535 0.24480151 0.03780718
0.32986767 0.15973535 0.24480151 0.03780718
0.41493384 0.15973535 0.24480151 0.03780718
0.50000000 0.15973535 0.24480151 0.03780718
0.58506616 0.15973535 0.24480151 0.03780718
0.67013233 0.15973535 0.24480151 0.03780718
0.75519849 0.15973535 0.24480151 0.03780718
0.84026465 0.15973535 0.24480151 0.03780718
0.92533081 0.15973535 0.24480151 0.03780718
0.07466919 0.24480151 0.24480151 0.03780718
0.15973535 0.24480151 0.24480151 0.03780718
0.24480151 0.24480151 0.24480151 0.03780718
0.32986767 0.24480151 0.24480151 0.03780718
0.41493384 0.24480151 0.24480151 0.03780718
0.50000000 0.24480151 0.24480151 0.03780718
0.58506616 0.24480151 0.24480151 0.03780718
0.67013233 0.24480151 0.24480151 0.03780718
0.75519849 0.24480151 0.24480151 0.03780718
0.84026465 0.24480151 0.24480151 0.03780718
0.92533081 0.24480151 0.24480151 0.03780718
0.07466919 0.32986767 0.24480151 0.03780718
0.15973535 0.32986767 0.24480151 0.03780718
0.24480151 0.32986767 0.24480151 0.03780718
0.32986767 0.32986767 0.24480151 0.03780718
0.41493384 0.32986767 0.24480151 0.03780718
0.50000000 0.32986767 0.24480151 0.03780718
0.58506616 0.32986767 0.24480151 0.03780718
0.67013233 0.32986767 0.24480151 0.03780718
0.75519849 0.32986767 0.24480151 0.03780718
0.84026465 0.32986767 0.24480151 0.03780718
0.92533081 0.32986767 0.24480151 0.03780718
0.07466919 0.41493384 0.24480151 0.03780718
0.15973535 0.41493384 0.24480151 0.03780718
0.24480151 0.41493384 0.24480151 0.03780718
0.32986767 0.41493384 0.24480151 0.03780718
0.41493384 0.41493384 0.24480151 0.03780718
0.50000000 0.41493384 0.24480151 0.03780718
0.58506616 0.41493384 0.24480151 0.03780718
0.67013233 0.41493384 0.24480151 0.03780718
0.75519849 0.41493384 0.24480151 0.03780718
0.84026465 0.41493384 0.24480151 0.03780718
0.92533081 0.41493384 0.24480151 0.03780718
0.07466919 0.50000000 0.24480151 0.03780718
0.15973535 0.50000000 0.24480151 0.03780718
0.24480151 0.50000000 0.24480151 0.03780718
0.32986767 0.50000000 0.24480151 0.03780718
0.41493384 0.50000000 0.24480151 0.03780718
0.50000000 0.50000000 0.24480151 0.03780718
0.58506616 0.50000000 0.24480151 0.03780718
0.67013233 0.50000000 0.24480151 0.03780718
0.75519849 0.50000000 0.24480151 0.03780718
0.84026465 0.50000000 0.24480151 0.03780718
0.92533081 0.50000000 0.24480151 0.03780718
0.07466919 0.58506616 0.24480151 0.03780718
0.15973535 0.58506616 0.24480151 0.03780718
0.24480151 0.58506616 0.24480151 0.03780718
0.32986767 0.58506616 0.24480151 0.03780718
0.41493384 0.58506616 0.24480151 0.03780718
0.50000000 0.58506616 0.24480151 0.03780718
0.58506616 0.58506616 0.24480151 0.03780718
0.67013233 0.58506616 0.24480151 0.03780718
0.75519849 0.58506616 0.24480151 0.03780718
0.84026465 0.58506616 0.24480151 0.03780718
0.92533081 0.58506616 0.24480151 0.03780718
0.07466919 0.67013233 0.24480151 0.03780718
0.15973535 0.67013233 0.24480151 0.03780718
0.24480151 0.67013233 0.24480151 0.03780718
0.32986767 0.67013233 0.24480151 0.03780718
0.41493384 0.67013233 0.24480151 0.03780718
0.50000000 0.67013233 0.24480151 0.03780718
0.58506616 0.67013233 0.24480151 0.03780718
0.67013233 0.67013233 0.24480151 0.03780718
0.75519849 0.67013233 0.24480151 0.03780718
0.84026465 0.67013233 0.24480151 0.03780718
0.92533081 0.67013233 0.24480151 0.03780718
0.07466919 0.75519849 0.24480151 0.03780718
0.15973535 0.75519849 0.24480151 0.03780718
0.24480151 0.75519849 0.24480151 0.03780718
0.32986767 0.75519849 0.24480151 0.03780718
0.41493384 0.75519849 0.24480151 0.03780718
0.50000000 0.75519849 0.24480151 0.03780718
0.58506616 0.75519849 0.24480151 0.03780718
0.67013233 0.75519849 0.24480151 0.03780718
0.75519849 0.75519849 0.24480151 0.03780718
0.84026465 0.75519849 0.24480151 0.03780718
0.92533081 0.75519849 0.24480151 0.03780718
0.07466919 0.84026465 0.24480151 0.03780718
0.15973535 0.84026465 0.24480151 0.03780718
0.24480151 0.84026465 0.24480151 0.03780718
0.32986767 0.84026465 0.24480151 0.03780718
0.41493384 0.84026465 0.24480151 0.03780718
0.50000000 0.84026465 0.24480151 0.03780718
0.58506616 0.84026465 0.24480151 0.03780718
0.67013233 0.84026465 0.24480151 0.03780718
0.75519849 0.84026465 0.24480151 0.03780718
0.84026465 0.84026465 0.24480151 0.03780718
0.92533081 0.84026465 0.24480151 0.03780718
0.07466919 0.92533081 0.24480151 0.03780718
0.15973535 0.92533081 0.24480151 0.03780718
0.24480151 0.92533081 0.24480151 0.03780718
0.32986767 0.92533081 0.24480151 0.03780718
0.41493384 0.92533081 0.24480151 0.03780718
0.50000000 0.92533081 0.24480151 0.03780718
0.58506616 0.92533081 0.24480151 0.03780718
0.67013233 0.92533081 0.24480151 0.03780718
0.75519849 0.92533081 0.24480151 0.03780718
0.84026465 0.92533081 0.24480151 0.03780718
0.92533081 0.92533081 0.24480151 0.03780718
0.07466919 0.07466919 0.32986767 0.03780718
0.15973535 0.07466919 0.32986767 0.03780718
0.24480151 0.07466919 0.32986767 0.03780718
0.32986767 0.07466919 0.32986767 0.03780718
0.41493384 0.07466919 0.32986767 0.03780718
0.50000000 0.07466919 0.32986767 0.03780718
0.58506616 0.07466919 0.32986767 0.03780718
0.67013233 0.07466919 0.32986767 0.03780718
0.75519849 0.07466919 0.32986767 0.03780718
0.84026465 0.07466919 0.32986767 0.03780718
0.92533081 0.07466919 0.32986767 0.03780718
0.07466919 0.15973535 0.32986767 0.03780718
0.15973535 0.15973535 0.32986767 0.03780718
0.24480151 0.15973535 0.32986767 0.03780718
0.32986767 0.15973535 0.32986767 0.03780718
0.41493384 0.15973535 0.32986767 0.03780718
0.50000000 0.15973535 0.32986767 0.03780718
0.58506616 0.15973535 0.32986767 0.03780718
0.67013233 0.15973535 0.32986767 0.03780718
0.75519849 0.15973535 0.32986767 0.03780718
0.84026465 0.15973535 0.32986767 0.03780718
0.92533081 0.15973535 0.32986767 0.03780718
0.07466919 0.24480151 0.32986767 0.03780718
0.15973535 0.24480151 0.32986767 0.03780718
0.24480151 0.24480151 0.32986767 0.03780718
0.32986767 0.24480151 0.32986767 0.03780718
0.41493384 0.24480151 0.32986767 0.03780718
0.50000000 0.24480151 0.32986767 0.03780718
0.58506616 0.24480151 0.32986767 0.03780718
0.67013233 0.24480151 0.32986767 0.03780718
0.75519849 0.24480151 0.32986767 0.03780718
0.84026465 0.24480151 0.32986767 0.03780718
0.92533081 0.24480151 0.32986767 0.03780718
0.07466919 0.32986767 0.32986767 0.03780718
0.15973535 0.32986767 0.32986767 0.03780718
0.24480151 0.32986767 0.32986767 0.03780718
0.32986767 0.32986767 0.32986767 0.03780718
0.41493384 0.32986767 0.32986767 0.03780718
0.50000000 0.32986767 0.32986767 0.03780718
0.58506616 0.32986767 0.32986767 0.03780718
0.67013233 0.32986767 0.32986767 0.03780718
0.75519849 0.32986767 0.32986767 0.03780718
0.84026465 0.32986767 0.32986767 0.03780718
0.92533081 0.32986767 0.32986767 0.03780718
0.07466919 0.41493384 0.32986767 0.03780718
0.15973535 0.41493384 0.32986767 0.03780718
0.24480151 0.41493384 0.32986767 0.03780718
0.32986767 0.41493384 0.32986767 0.03780718
0.41493384 0.41493384 0.32986767 0.03780718
0.50000000 0.41493384 0.32986767 0.03780718
0.58506616 0.41493384 0.32986767 0.03780718
0.67013233 0.41493384 0.32986767 0.03780718
0.75519849 0.41493384 0.32986767 0.03780718
0.84026465 0.41493384 0.32986767 0.03780718
0.92533081 0.41493384 0.32986767 0.03780718
0.07466919 0.50000000 0.32986767 0.03780718
0.15973535 0.50000000 0.32986767 0.03780718
0.24480151 0.50000000 0.32986767 0.03780718
0.32986767 0.50000000 0.32986767 0.03780718
0.41493384 0.50000000 0.32986767 0.03780718
0.50000000 0.50000000 0.32986767 0.03780718
0.58506616 0.50000000 0.32986767 0.03780718
0.67013233 0.50000000 0.32986767 0.03780718
0.75519849 0.50000000 0.32986767 0.03780718
0.84026465 0.50000000 0.32986767 0.03780718
0.92533081 0.50000000 0.32986767 0.03780718
0.07466919 0.58506616 0.32986767 0.03780718
0.15973535 0.58506616 0.32986767 0.03780718
0.24480151 0.58506616 0.32986767 0.03780718
0.32986767 0.58506616 0.32986767 0.03780718
0.41493384 0.58506616 0.32986767 0.03780718
0.50000000 0.58506616 0.32986767 0.03780718
0.58506616 0.58506616 0.32986767 0.03780718
0.67013233 0.58506616 0.32986767 0.03780718
0.75519849 0.58506616 0.32986767 0.03780718
0.84026465 0.58506616 0.32986767 0.03780718
0.92533081 0.58506616 0.32986767 0.03780718
0.07466919 0.67013233 0.32986767 0.03780718
0.15973535 0.67013233 0.32986767 0.03780718
0.24480151 0.67013233 0.32986767 0.03780718
0.32986767 0.67013233 0.32986767 0.03780718
0.41493384 0.67013233 0.32986767 0.03780718
0.50000000 0.67013233 0.32986767 0.03780718
0.58506616 0.67013233 0.32986767 0.03780718
0.67013233 0.67013233 0.32986767 0.03780718
0.75519849 0.67013233 0.32986767 0.03780718
0.84026465 0.67013233 0.32986767 0.03780718
0.92533081 0.67013233 0.32986767 0.03780718
0.07466919 0.75519849 0.32986767 0.03780718
0.15973535 0.75519849 0.32986767 0.03780718
0.24480151 0.75519849 0.32986767 0.03780718
0.32986767 0.75519849 0.32986767 0.03780718
0.41493384 0.75519849 0.32986767 0.03780718
0.50000000 0.75519849 0.32986767 0.03780718
0.58506616 0.75519849 0.32986767 0.03780718
0.67013233 0.75519849 0.32986767 0.03780718
0.75519849 0.75519849 0.32986767 0.03780718
0.84026465 0.75519849 0.32986767 0.03780718
0.92533081 0.75519849 0.32986767 0.03780718
0.07466919 0.84026465 0.32986767 0.03780718
0.15973535 0.84026465 0.32986767 0.03780718
0.24480151 0.84026465 0.32986767 0.03780718
0.32986767 0.84026465 0.32986767 0.03780718
0.41493384 0.84026465 0.32986767 0.03780718
0.50000000 0.84026465 0.32986767 0.03780718
0.58506616 0.84026465 0.32986767 0.03780718
0.67013233 0.84026465 0.32986767 0.03780718
0.75519849 0.84026465 0.32986767 0.03780718
0.84026465 0.84026465 0.32986767 0.03780718
0.92533081 0.84026465 0.32986767 0.03780718
0.07466919 0.92533081 0.32986767 0.03780718
0.15973535 0.92533081 0.32986767 0.03780718
0.24480151 0.92533081 0.32986767 0.03780718
0.32986767 0.92533081 0.32986767 0.03780718
0.41493384 0.92533081 0.32986767 0.03780718
0.50000000 0.92533081 0.32986767 0.03780718
0.58506616 0.92533081 0.32986767 0.03780718
0.67013233 0.92533081 0.32986767 0.03780718
0.75519849 0.92533081 0.32986767 0.03780718
0.84026465 0.92533081 0.32986767 0.03780718
0.92533081 0.92533081 0.32986767 0.03780718
0.07466919 0.07466919 0.41493384 0.03780718
0.15973535 0.07466919 0.41493384 0.03780718
0.24480151 0.07466919 0.41493384 0.03780718
0.32986767 0.07466919 0.41493384 0.03780718
0.41493384 0.07466919 0.41493384 0.03780718
0.50000000 0.07466919 0.41493384 0.03780718
0.58506616 0.07466919 0.41493384 0.03780718
0.67013233 0.07466919 0.41493384 0.03780718
0.75519849 0.07466919 0.41493384 0.03780718
0.84026465 0.07466919 0.41493384 0.03780718
0.92533081 0.07466919 0.41493384 0.03780718
0.07466919 0.15973535 0.41493384 0.03780718
0.15973535 0.15973535 0.41493384 0.03780718
0.24480151 0.15973535 0.41493384 0.03780718
0.32986767 0.15973535 0.41493384 0.03780718
0.41493384 0.15973535 0.41493384 0.03780718
0.50000000 0.15973535 0.41493384 0.03780718
0.58506616 0.15973535 0.41493384 0.03780718
0.67013233 0.15973535 0.41493384 0.03780718
0.75519849 0.15973535 0.41493384 0.03780718
0.84026465 0.15973535 0.41493384 0.03780718
0.92533081 0.15973535 0.41493384 0.03780718
0.07466919 0.24480151 0.41493384 0.03780718
0.15973535 0.24480151 0.41493384 0.03780718
0.24480151 0.24480151 0.41493384 0.03780718
0.32986767 0.24480151 0.41493384 0.03780718
0.41493384 0.24480151 0.41493384 0.03780718
0.50000000 0.24480151 0.41493384 0.03780718
0.58506616 0.24480151 0.41493384 0.03780718
0.67013233 0.24480151 0.41493384 0.03780718
0.75519849 0.24480151 0.41493384 0.03780718
0.84026465 0.24480151 0.41493384 0.03780718
0.92533081 0.24480151 0.41493384 0.03780718
0.07466919 0.32986767 0.41493384 0.03780718
0.15973535 0.32986767 0.41493384 0.03780718
0.24480151 0.32986767 0.41493384 0.03780718
0.32986767 0.32986767 0.41493384 0.03780718
0.41493384 0.32986767 0.41493384 0.03780718
0.50000000 0.32986767 0.41493384 0.03780718
0.58506616 0.32986767 0.41493384 0.03780718
0.67013233 0.32986767 0.41493384 0.03780718
0.75519849 0.32986767 0.41493384 0.03780718
0.84026465 0.32986767 0.41493384 0.03780718
0.92533081 0.32986767 0.41493384 0.03780718
0.07466919 0.41493384 0.41493384 0.03780718
0.15973535 0.41493384 0.41493384 0.03780718
0.24480151 0.41493384 0.41493384 0.03780718
0.32986767 0.41493384 0.41493384 0.03780718
0.41493384 0.41493384 0.41493384 0.03780718
0.50000000 0.41493384 0.41493384 0.03780718
0.58506616 0.41493384 0.41493384 0.03780718
0.67013233 0.41493384 0.41493384 0.03780718
0.75519849 0.41493384 0.41493384 0.03780718
0.84026465 0.41493384 0.41493384 0.03780718
0.92533081 0.41493384 0.41493384 0.03780718
0.07466919 0.50000000 0.41493384 0.03780718
0.15973535 0.50000000 0.41493384 0.03780718
0.24480151 0.50000000 0.41493384 0.03780718
0.32986767 0.50000000 0.41493384 0.03780718
0.41493384 0.50000000 0.41493384 0.03780718
0.50000000 0.50000000 0.41493384 0.03780718
0.58506616 0.50000000 0.41493384 0.03780718
0.67013233 0.50000000 0.41493384 0.03780718
0.75519849 0.50000000 0.41493384 0.03780718
0.84026465 0.50000000 0.41493384 0.03780718
0.92533081 0.50000000 0.41493384 0.03780718
0.07466919 0.58506616 0.41493384 0.03780718
0.15973535 0.58506616 0.41493384 0.03780718
0.24480151 0.58506616 0.41493384 0.03780718
0.32986767 0.58506616 0.41493384 0.03780718
0.41493384 0.58506616 0.41493384 0.03780718
0.50000000 0.58506616 0.41493384 0.03780718
0.58506616 0.58506616 0.41493384 0.03780718
0.67013233 0.58506616 0.41493384 0.03780718
0.75519849 0.58506616 0.41493384 0.03780718
0.84026465 0.58506616 0.41493384 0.03780718
0.92533081 0.58506616 0.41493384 0.03780718
0.07466919 0.67013233 0.41493384 0.03780718
0.15973535 0.67013233 0.41493384 0.03780718
0.24480151 0.67013233 0.41493384 0.03780718
0.32986767 0.67013233 0.41493384 0.03780718
0.41493384 0.67013233 0.41493384 0.03780718
0.50000000 0.67013233 0.41493384 0.03780718
0.58506616 0.67013233 0.41493384 0.03780718
0.67013233 0.67013233 0.41493384 0.03780718
0.75519849 0.67013233 0.41493384 0.03780718
0.84026465 0.67013233 0.41493384 0.03780718
0.92533081 0.67013233 0.41493384 0.03780718
0.07466919 0.75519849 0.41493384 0.03780718
0.15973535 0.75519849 0.41493384 0.03780718
0.24480151 0.75519849 0.41493384 0.03780718
0.32986767 0.75519849 0.41493384 0.03780718
0.41493384 0.75519849 0.41493384 0.03780718
0.50000000 0.75519849 0.41493384 0.03780718
0.58506616 0.75519849 0.41493384 0.03780718
0.67013233 0.75519849 0.41493384 0.03780718
0.75519849 0.75519849 0.41493384 0.03780718
0.84026465 0.75519849 0.41493384 0.03780718
0.92533081 0.75519849 0.41493384 0.03780718
0.07466919 0.84026465 0.41493384 0.03780718
0.15973535 0.84026465 0.41493384 0.03780718
0.24480151 0.84026465 0.41493384 0.03780718
0.32986767 0.84026465 0.41493384 0.03780718
0.41493384 0.84026465 0.41493384 0.03780718
0.50000000 0.84026465 0.41493384 0.03780718
0.58506616 0.84026465 0.41493384 0.03780718
0.67013233 0.84026465 0.41493384 0.03780718
0.75519849 0.84026465 0.41493384 0.03780718
0.84026465 0.84026465 0.41493384 0.03780718
0.92533081 0.84026465 0.41493384 0.03780718
0.07466919 0.92533081 0.41493384 0.03780718
0.15973535 0.92533081 0.41493384 0.03780718
0.24480151 0.92533081 0.41493384 0.03780718
0.32986767 0.92533081 0.41493384 0.03780718
0.41493384 0.92533081 0.41493384 0.03780718
0.50000000 0.92533081 0.41493384 0.03780718
0.58506616 0.92533081 0.41493384 0.03780718
0.67013233 0.92533081 0.41493384 0.03780718
0.75519849 0.92533081 0.41493384 0.03780718
0.84026465 0.92533081 0.41493384 0.03780718
0.92533081 0.92533081 0.41493384 0.03780718
0.07466919 0.07466919 0.50000000 0.03780718
0.15973535 0.07466919 0.50000000 0.03780718
0.24480151 0.07466919 0.50000000 0.03780718
0.32986767 0.07466919 0.50000000 0.03780718
0.41493384 0.07466919 0.50000000 0.03780718
0.50000000 0.07466919 0.50000000 0.03780718
0.58506616 0.07466919 0.50000000 0.03780718
0.67013233 0.07466919 0.50000000 0.03780718
0.75519849 0.07466919 0.50000000 0.03780718
0.84026465 0.07466919 0.50000000 0.03780718
0.92533081 0.07466919 0.50000000 0.03780718
0.07466919 0.15973535 0.50000000 0.03780718
0.15973535 0.15973535 0.50000000 0.03780718
0.24480151 0.15973535 0.50000000 0.03780718
0.32986767 0.15973535 0.50000000 0.03780718
0.41493384 0.15973535 0.50000000 0.03780718
0.50000000 0.15973535 0.50000000 0.03780718
0.58506616 0.15973535 0.50000000 0.03780718
0.67013233 0.15973535 0.50000000 0.03780718
0.75519849 0.15973535 0.50000000 0.03780718
0.84026465 0.15973535 0.50000000 0.03780718
0.92533081 0.15973535 0.50000000 0.03780718
0.07466919 0.24480151 0.50000000 0.03780718
0.15973535 0.24480151 0.50000000 0.03780718
0.24480151 0.24480151 0.50000000 0.03780718
0.32986767 0.24480151 0.50000000 0.03780718
0.41493384 0.24480151 0.50000000 0.03780718
0.50000000 0.24480151 0.50000000 0.03780718
0.58506616 0.24480151 0.50000000 0.03780718
0.67013233 0.24480151 0.50000000 0.03780718
0.75519849 0.24480151 0.50000000 0.03780718
0.84026465 0.24480151 0.50000000 0.03780718
0.92533081 0.24480151 0.50000000 0.03780718
0.07466919 0.32986767 0.50000000 0.03780718
0.15973535 0.32986767 0.50000000 0.03780718
0.24480151 0.32986767 0.50000000 0.03780718
0.32986767 0.32986767 0.50000000 0.03780718
0.41493384 0.32986767 0.50000000 0.03780718
0.50000000 0.32986767 0.50000000 0.03780718
0.58506616 0.32986767 0.50000000 0.03780718
0.67013233 0.32986767 0.50000000 0.03780718
0.75519849 0.32986767 0.50000000 0.03780718
0.84026465 0.32986767 0.50000000 0.03780718
0.92533081 0.32986767 0.50000000 0.03780718
0.07466919 0.41493384 0.50000000 0.03780718
0.15973535 0.41493384 0.50000000 0.03780718
0.24480151 0.41493384 0.50000000 0.03780718
0.32986767 0.41493384 0.50000000 0.03780718
0.41493384 0.41493384 0.50000000 0.03780718
0.50000000 0.41493384 0.50000000 0.03780718
0.58506616 0.41493384 0.50000000 0.03780718
0.67013233 0.41493384 0.50000000 0.03780718
0.75519849 0.41493384 0.50000000 0.03780718
0.84026465 0.41493384 0.50000000 0.03780718
0.92533081 0.41493384 0.50000000 0.03780718
0.07466919 0.50000000 0.50000000 0.03780718
0.15973535 0.50000000 0.50000000 0.03780718
0.24480151 0.50000000 0.50000000 0.03780718
0.32986767 0.50000000 0.50000000 0.03780718
0.41493384 0.50000000 0.50000000 0.03780718
0.50000000 0.50000000 0.50000000 0.03780718
0.58506616 0.50000000 0.50000000 0.03780718
0.67013233 0.50000000 0.50000000 0.03780718
0.75519849 0.50000000 0.50000000 0.03780718
0.84026465 0.50000000 0.50000000 0.03780718
0.92533081 0.50000000 0.50000000 0.03780718
0.07466919 0.58506616 0.50000000 0.03780718
0.15973535 0.58506616 0.50000000 0.03780718
0.24480151 0.58506616 0.50000000 0.03780718
0.32986767 0.58506616 0.50000000 0.03780718
0.41493384 0.58506616 0.50000000 0.03780718
0.50000000 0.58506616 0.50000000 0.03780718
0.58506616 0.58506616 0.50000000 0.03780718
0.67013233 0.58506616 0.50000000 0.03780718
0.75519849 0.58506616 0.50000000 0.03780718
0.84026465 0.58506616 0.50000000 0.03780718
0.92533081 0.58506616 0.50000000 0.03780718
0.07466919 0.67013233 0.50000000 0.03780718
0.15973535 0.67013233 0.50000000 0.03780718
0.24480151 0.67013233 0.50000000 0.03780718
0.32986767 0.67013233 0.50000000 0.03780718
0.41493384 0.67013233 0.50000000 0.03780718
0.50000000 0.67013233 0.50000000 0.03780718
0.58506616 0.67013233 0.50000000 0.03780718
0.67013233 0.67013233 0.50000000 0.03780718
0.75519849 0.67013233 0.50000000 0.03780718
0.84026465 0.67013233 0.50000000 0.03780718
0.92533081 0.67013233 0.50000000 0.03780718
0.07466919 0.75519849 0.50000000 0.03780718
0.15973535 0.75519849 0.50000000 0.03780718
0.24480151 0.75519849 0.50000000 0.03780718
0.32986767 0.75519849 0.50000000 0.03780718
0.41493384 0.75519849 0.50000000 0.03780718
0.50000000 0.75519849 0.50000000 0.03780718
0.58506616 0.75519849 0.50000000 0.03780718
0.67013233 0.75519849 0.50000000 0.03780718
0.75519849 0.75519849 0.50000000 0.03780718
0.84026465 0.75519849 0.50000000 0.03780718
0.92533081 0.75519849 0.50000000 0.03780718
0.07466919 0.84026465 0.50000000 0.03780718
0.15973535 0.84026465 0.50000000 0.03780718
0.24480151 0.84026465 0.50000000 0.03780718
0.32986767 0.84026465 0.50000000 0.03780718
0.41493384 0.84026465 0.50000000 0.03780718
0.50000000 0.84026465 0.50000000 0.03780718
0.58506616 0.84026465 0.50000000 0.03780718
0.67013233 0.84026465 0.50000000 0.03780718
0.75519849 0.84026465 0.50000000 0.03780718
0.84026465 0.84026465 0.50000000 0.03780718
0.92533081 0.84026465 0.50000000 0.03780718
0.07466919 0.92533081 0.50000000 0.03780718
0.15973535 0.92533081 0.50000000 0.03780718
0.24480151 0.92533081 0.50000000 0.03780718
0.32986767 0.92533081 0.50000000 0.03780718
0.41493384 0.92533081 0.50000000 0.03780718
0.50000000 0.92533081 0.50000000 0.03780718
0.58506616 0.92533081 0.50000000 0.03780718
0.67013233 0.92533081 0.50000000 0.03780718
0.75519849 0.92533081 0.50000000 0.03780718
0.84026465 0.92533081 0.50000000 0.03780718
0.92533081 0.92533081 0.50000000 0.03780718
0.07466919 0.07466919 0.58506616 0.03780718
0.15973535 0.07466919 0.58506616 0.03780718
0.24480151 0.07466919 0.58506616 0.03780718
0.32986767 0.07466919 0.58506616 0.03780718
0.41493384 0.07466919 0.58506616 0.03780718
0.50000000 0.07466919 0.58506616 0.03780718
0.58506616 0.07466919 0.58506616 0.03780718
0.67013233 0.07466919 0.58506616 0.03780718
0.75519849 0.07466919 0.58506616 0.03780718
0.84026465 0.07466919 0.58506616 0.03780718
0.92533081 0.07466919 0.58506616 0.03780718
0.07466919 0.15973535 0.58506616 0.03780718
0.15973535 0.15973535 0.58506616 0.03780718
0.24480151 0.15973535 0.58506616 0.03780718
0.32986767 0.15973535 0.58506616 0.03780718
0.41493384 0.15973535 0.58506616 0.03780718
0.50000000 0.15973535 0.58506616 0.03780718
0.58506616 0.15973535 0.58506616 0.03780718
0.67013233 0.15973535 0.58506616 0.03780718
0.75519849 0.15973535 0.58506616 0.03780718
0.84026465 0.15973535 0.58506616 0.03780718
0.92533081 0.15973535 0.58506616 0.03780718
0.07466919 0.24480151 0.58506616 0.03780718
0.15973535 0.24480151 0.58506616 0.03780718
0.24480151 0.24480151 0.58506616 0.03780718
0.32986767 0.24480151 0.58506616 0.03780718
0.41493384 0.24480151 0.58506616 0.03780718
0.50000000 0.24480151 0.58506616 0.03780718
0.58506616 0.24480151 0.58506616 0.03780718
0.67013233 0.24480151 0.58506616 0.03780718
0.75519849 0.24480151 0.58506616 0.03780718
0.84026465 0.24480151 0.58506616 0.03780718
0.92533081 0.24480151 0.58506616 0.03780718
0.07466919 0.32986767 0.58506616 0.03780718
0.15973535 0.32986767 0.58506616 0.03780718
0.24480151 0.32986767 0.58506616 0.03780718
0.32986767 0.32986767 0.58506616 0.03780718
0.41493384 0.32986767 0.58506616 0.03780718
0.50000000 0.32986767 0.58506616 0.03780718
0.58506616 0.32986767 0.58506616 0.03780718
0.67013233 0.32986767 0.58506616 0.03780718
0.75519849 0.32986767 0.58506616 0.03780718
0.84026465 0.32986767 0.58506616 0.03780718
0.92533081 0.32986767 0.58506616 0.03780718
0.07466919 0.41493384 0.58506616 0.03780718
0.15973535 0.41493384 0.58506616 0.03780718
0.24480151 0.41493384 0.58506616 0.03780718
0.32986767 0.41493384 0.58506616 0.03780718
0.41493384 0.41493384 0.58506616 0.03780718
0.50000000 0.41493384 0.58506616 0.03780718
0.58506616 0.41493384 0.58506616 0.03780718
0.67013233 0.41493384 0.58506616 0.03780718
0.75519849 0.41493384 0.58506616 0.03780718
0.84026465 0.41493384 0.58506616 0.03780718
0.92533081 0.41493384 0.58506616 0.03780718
0.07466919 0.50000000 0.58506616 0.03780718
0.15973535 0.50000000 0.58506616 0.03780718
0.24480151 0.50000000 0.58506616 0.03780718
0.32986767 0.50000000 0.58506616 0.03780718
0.41493384 0.50000000 0.58506616 0.03780718
0.50000000 0.50000000 0.58506616 0.03780718
0.58506616 0.50000000 0.58506616 0.03780718
0.67013233 0.50000000 0.58506616 0.03780718
0.75519849 0.50000000 0.58506616 0.03780718
0.84026465 0.50000000 0.58506616 0.03780718
0.92533081 0.50000000 0.58506616 0.03780718
0.07466919 0.58506616 0.58506616 0.03780718
0.15973535 0.58506616 0.58506616 0.03780718
0.24480151 0.58506616 0.58506616 0.03780718
0.32986767 0.58506616 0.58506616 0.03780718
0.41493384 0.58506616 0.58506616 0.03780718
0.50000000 0.58506616 0.58506616 0.03780718
0.58506616 0.58506616 0.58506616 0.03780718
0.67013233 0.58506616 0.58506616 0.03780718
0.75519849 0.58506616 0.58506616 0.03780718
0.84026465 0.58506616 0.58506616 0.03780718
0.92533081 0.58506616 0.58506616 0.03780718
0.07466919 0.67013233 0.58506616 0.03780718
0.15973535 0.67013233 0.58506616 0.03780718
0.24480151 0.67013233 0.58506616 0.03780718
0.32986767 0.67013233 0.58506616 0.03780718
0.41493384 0.67013233 0.58506616 0.03780718
0.50000000 0.67013233 0.58506616 0.03780718
0.58506616 0.67013233 0.58506616 0.03780718
0.67013233 0.67013233 0.58506616 0.03780718
0.75519849 0.67013233 0.58506616 0.03780718
0.84026465 0.67013233 0.58506616 0.03780718
0.92533081 0.67013233 0.58506616 0.03780718
0.07466919 0.75519849 0.58506616 0.03780718
0.15973535 0.75519849 0.58506616 0.03780718
0.24480151 0.75519849 0.58506616 0.03780718
0.32986767 0.75519849 0.58506616 0.03780718
0.41493384 0.75519849 0.58506616 0.03780718
0.50000000 0.75519849 0.58506616 0.03780718
0.58506616 0.75519849 0.58506616 0.03780718
0.67013233 0.75519849 0.58506616 0.03780718
0.75519849 0.75519849 0.58506616 0.03780718
0.84026465 0.75519849 0.58506616 0.03780718
0.92533081 0.75519849 0.58506616 0.03780718
0.07466919 0.84026465 0.58506616 0.03780718
0.15973535 0.84026465 0.58506616 0.03780718
0.24480151 0.84026465 0.58506616 0.03780718
0.32986767 0.84026465 0.58506616 0.03780718
0.41493384 0.84026465 0.58506616 0.03780718
0.50000000 0.84026465 0.58506616 0.03780718
0.58506616 0.84026465 0.58506616 0.03780718
0.67013233 0.84026465 0.58506616 0.03780718
0.75519849 0.84026465 0.58506616 0.03780718
0.84026465 0.84026465 0.58506616 0.03780718
0.92533081 0.84026465 0.58506616 0.03780718
0.07466919 0.92533081 0.58506616 0.03780718
0.15973535 0.92533081 0.58506616 0.03780718
0.24480151 0.92533081 0.58506616 0.03780718
0.32986767 0.92533081 0.58506616 0.03780718
0.41493384 0.92533081 0.58506616 0.03780718
0.50000000 0.92533081 0.58506616 0.03780718
0.58506616 0.92533081 0.58506616 0.03780718
0.67013233 0.92533081 0.58506616 0.03780718
0.75519849 0.92533081 0.58506616 0.03780718
0.84026465 0.92533081 0.58506616 0.03780718
0.92533081 0.92533081 0.58506616 0.03780718
0.07466919 0.07466919 0.67013233 0.03780718
0.15973535 0.07466919 0.67013233 0.03780718
0.24480151 0.07466919 0.67013233 0.03780718
0.32986767 0.07466919 0.67013233 0.03780718
0.41493384 0.07466919 0.67013233 0.03780718
0.50000000 0.07466919 0.67013233 0.03780718
0.58506616 0.07466919 0.67013233 0.03780718
0.67013233 0.07466919 0.67013233 0.03780718
0.75519849 0.07466919 0.67013233 0.03780718
0.84026465 0.07466919 0.67013233 0.03780718
0.92533081 0.07466919 0.67013233 0.03780718
0.07466919 0.15973535 0.67013233 0.03780718
0.15973535 0.15973535 0.67013233 0.03780718
0.24480151 0.15973535 0.67013233 0.03780718
0.32986767 0.15973535 0.67013233 0.03780718
0.41493384 0.15973535 0.67013233 0.03780718
0.50000000 0.15973535 0.67013233 0.03780718
0.58506616 0.15973535 0.67013233 0.03780718
0.67013233 0.15973535 0.67013233 0.03780718
0.75519849 0.15973535 0.67013233 0.03780718
0.84026465 0.15973535 0.67013233 0.03780718
0.92533081 0.15973535 0.67013233 0.03780718
0.07466919 0.24480151 0.67013233 0.03780718
0.15973535 0.24480151 0.67013233 0.03780718
0.24480151 0.24480151 0.67013233 0.03780718
0.32986767 0.24480151 0.67013233 0.03780718
0.41493384 0.24480151 0.67013233 0.03780718
0.50000000 0.24480151 0.67013233 0.03780718
0.58506616 0.24480151 0.67013233 0.03780718
0.67013233 0.24480151 0.67013233 0.03780718
0.75519849 0.24480151 0.67013233 0.03780718
0.84026465 0.24480151 0.67013233 0.03780718
0.92533081 0.24480151 0.67013233 0.03780718
0.07466919 0.32986767 0.67013233 0.03780718
0.15973535 0.32986767 0.67013233 0.03780718
0.24480151 0.32986767 0.67013233 0.03780718
0.32986767 0.32986767 0.67013233 0.03780718
0.41493384 0.32986767 0.67013233 0.03780718
0.50000000 0.32986767 0.67013233 0.03780718
0.58506616 0.32986767 0.67013233 0.03780718
0.67013233 0.32986767 0.67013233 0.03780718
0.75519849 0.32986767 0.67013233 0.03780718
0.84026465 0.32986767 0.67013233 0.03780718
0.92533081 0.32986767 0.67013233 0.03780718
0.07466919 0.41493384 0.67013233 0.03780718
0.15973535 0.41493384 0.67013233 0.03780718
0.24480151 0.41493384 0.67013233 0.03780718
0.32986767 0.41493384 0.67013233 0.03780718
0.41493384 0.41493384 0.67013233 0.03780718
0.50000000 0.41493384 0.67013233 0.03780718
0.58506616 0.41493384 0.67013233 0.03780718
0.67013233 0.41493384 0.67013233 0.03780718
0.75519849 0.41493384 0.67013233 0.03780718
0.84026465 0.41493384 0.67013233 0.03780718
0.92533081 0.41493384 0.67013233 0.03780718
0.07466919 0.50000000 0.67013233 0.03780718
0.15973535 0.50000000 0.67013233 0.03780718
0.24480151 0.50000000 0.67013233 0.03780718
0.32986767 0.50000000 0.67013233 0.03780718
0.41493384 0.50000000 0.67013233 0.03780718
0.50000000 0.50000000 0.67013233 0.03780718
0.58506616 0.50000000 0.67013233 0.03780718
0.67013233 0.50000000 0.67013233 0.03780718
0.75519849 0.50000000 0.67013233 0.03780718
0.84026465 0.50000000 0.67013233 0.03780718
0.92533081 0.50000000 0.67013233 0.03780718
0.07466919 0.58506616 0.67013233 0.03780718
0.15973535 0.58506616 0.67013233 0.03780718
0.24480151 0.58506616 0.67013233 0.03780718
0.32986767 0.58506616 0.67013233 0.03780718
0.41493384 0.58506616 0.67013233 0.03780718
0.50000000 0.58506616 0.67013233 0.03780718
0.58506616 0.58506616 0.67013233 0.03780718
0.67013233 0.58506616 0.67013233 0.03780718
0.75519849 0.58506616 0.67013233 0.03780718
0.84026465 0.58506616 0.67013233 0.03780718
0.92533081 0.58506616 0.67013233 0.03780718
0.07466919 0.67013233 0.67013233 0.03780718
0.15973535 0.67013233 0.67013233 0.03780718
0.24480151 0.67013233 0.67013233 0.03780718
0.32986767 0.67013233 0.67013233 0.03780718
0.41493384 0.67013233 0.67013233 0.03780718
0.50000000 0.67013233 0.67013233 0.03780718
0.58506616 0.67013233 0.67013233 0.03780718
0.67013233 0.67013233 0.67013233 0.03780718
0.75519849 0.67013233 0.67013233 0.03780718
0.84026465 0.67013233 0.67013233 0.03780718
0.92533081 0.67013233 0.67013233 0.03780718
0.07466919 0.75519849 0.67013233 0.03780718
0.15973535 0.75519849 0.67013233 0.03780718
0.24480151 0.75519849 0.67013233 0.03780718
0.32986767 0.75519849 0.67013233 0.03780718
0.41493384 0.75519849 0.67013233 0.03780718
0.50000000 0.75519849 0.67013233 0.03780718
0.58506616 0.75519849 0.67013233 0.03780718
0.67013233 0.75519849 0.67013233 0.03780718
0.75519849 0.75519849 0.67013233 0.03780718
0.84026465 0.75519849 0.67013233 0.03780718
0.92533081 0.75519849 0.67013233 0.03780718
0.07466919 0.84026465 0.67013233 0.03780718
0.15973535 0.84026465 0.67013233 0.03780718
0.24480151 0.84026465 0.67013233 0.03780718
0.32986767 0.84026465 0.67013233 0.03780718
0.41493384 0.84026465 0.67013233 0.03780718
0.50000000 0.84026465 0.67013233 0.03780718
0.58506616 0.84026465 0.67013233 0.03780718
0.67013233 0.84026465 0.67013233 0.03780718
0.75519849 0.84026465 0.67013233 0.03780718
0.84026465 0.84026465 0.67013233 0.03780718
0.92533081 0.84026465 0.67013233 0.03780718
0.07466919 0.92533081 0.67013233 0.03780718
0.15973535 0.92533081 0.67013233 0.03780718
0.24480151 0.92533081 0.67013233 0.03780718
0.32986767 0.92533081 0.67013233 0.03780718
0.41493384 0.92533081 0.67013233 0.03780718
0.50000000 0.92533081 0.67013233 0.03780718
0.58506616 0.92533081 0.67013233 0.03780718
0.67013233 0.92533081 0.67013233 0.03780718
0.75519849 0.92533081 0.67013233 0.03780718
0.84026465 0.92533081 0.67013233 0.03780718
0.92533081 0.92533081 0.67013233 0.03780718
0.07466919 0.07466919 0.75519849 0.03780718
0.15973535 0.07466919 0.75519849 0.03780718
0.24480151 0.07466919 0.75519849 0.03780718
0.32986767 0.07466919 0.75519849 0.03780718
0.41493384 0.07466919 0.75519849 0.03780718
0.50000000 0.07466919 0.75519849 0.03780718
0.58506616 0.07466919 0.75519849 0.03780718
0.67013233 0.07466919 0.75519849 0.03780718
0.75519849 0.07466919 0.75519849 0.03780718
0.84026465 0.07466919 0.75519849 0.03780718
0.92533081 0.07466919 0.75519849 0.03780718
0.07466919 0.15973535 0.75519849 0.03780718
0.15973535 0.15973535 0.75519849 0.03780718
0.24480151 0.15973535 0.75519849 0.03780718
0.32986767 0.15973535 0.75519849 0.03780718
0.41493384 0.15973535 0.75519849 0.03780718
0.50000000 0.15973535 0.75519849 0.03780718
0.58506616 0.15973535 0.75519849 0.03780718
0.67013233 0.15973535 0.75519849 0.03780718
0.75519849 0.15973535 0.75519849 0.03780718
0.84026465 0.15973535 0.75519849 0.03780718
0.92533081 0.15973535 0.75519849 0.03780718
0.07466919 0.24480151 0.75519849 0.03780718
0.15973535 0.24480151 0.75519849 0.03780718
0.24480151 0.24480151 0.75519849 0.03780718
0.32986767 0.24480151 0.75519849 0.03780718
0.41493384 0.24480151 0.75519849 0.03780718
0.50000000 0.24480151 0.75519849 0.03780718
0.58506616 0.24480151 0.75519849 0.03780718
0.67013233 0.24480151 0.75519849 0.03780718
0.75519849 0.24480151 0.75519849 0.03780718
0.84026465 0.24480151 0.75519849 0.03780718
0.92533081 0.24480151 0.75519849 0.03780718
0.07466919 0.32986767 0.75519849 0.03780718
0.15973535 0.32986767 0.75519849 0.03780718
0.24480151 0.32986767 0.75519849 0.03780718
0.32986767 0.32986767 0.75519849 0.03780718
0.41493384 0.32986767 0.75519849 0.03780718
0.50000000 0.32986767 0.75519849 0.03780718
0.58506616 0.32986767 0.75519849 0.03780718
0.67013233 0.32986767 0.75519849 0.03780718
0.75519849 0.32986767 0.75519849 0.03780718
0.84026465 0.32986767 0.75519849 0.03780718
0.92533081 0.32986767 0.75519849 0.03780718
0.07466919 0.41493384 0.75519849 0.03780718
0.15973535 0.41493384 0.75519849 0.03780718
0.24480151 0.41493384 0.75519849 0.03780718
0.32986767 0.41493384 0.75519849 0.03780718
0.41493384 0.41493384 0.75519849 0.03780718
0.50000000 0.41493384 0.75519849 0.03780718
0.58506616 0.41493384 0.75519849 0.03780718
0.67013233 0.41493384 0.75519849 0.03780718
0.75519849 0.41493384 0.75519849 0.03780718
0.84026465 0.41493384 0.75519849 0.03780718
0.92533081 0.41493384 0.75519849 0.03780718
0.07466919 0.50000000 0.75519849 0.03780718
0.15973535 0.50000000 0.75519849 0.03780718
0.24480151 0.50000000 0.75519849 0.03780718
0.32986767 0.50000000 0.75519849 0.03780718
0.41493384 0.50000000 0.75519849 0.03780718
0.50000000 0.50000000 0.75519849 0.03780718
0.58506616 0.50000000 0.75519849 0.03780718
0.67013233 0.50000000 0.75519849 0.03780718
0.75519849 0.50000000 0.75519849 0.03780718
0.84026465 0.50000000 0.75519849 0.03780718
0.92533081 0.50000000 0.75519849 0.03780718
0.07466919 0.58506616 0.75519849 0.03780718
0.15973535 0.58506616 0.75519849 0.03780718
0.24480151 0.58506616 0.75519849 0.03780718
0.32986767 0.58506616 0.75519849 0.03780718
0.41493384 0.58506616 0.75519849 0.03780718
0.50000000 0.58506616 0.75519849 0.03780718
0.58506616 0.58506616 0.75519849 0.03780718
0.67013233 0.58506616 0.75519849 0.03780718
0.75519849 0.58506616 0.75519849 0.03780718
0.84026465 0.58506616 0.75519849 0.03780718
0.92533081 0.58506616 0.75519849 0.03780718
0.07466919 0.67013233 0.75519849 0.03780718
0.15973535 0.67013233 0.75519849 0.03780718
0.24480151 0.67013233 0.75519849 0.03780718
0.32986767 0.67013233 0.75519849 0.03780718
0.41493384 0.67013233 0.75519849 0.03780718
0.50000000 0.67013233 0.75519849 0.03780718
0.58506616 0.67013233 0.75519849 0.03780718
0.67013233 0.67013233 0.75519849 0.03780718
0.75519849 0.67013233 0.75519849 0.03780718
0.84026465 0.67013233 0.75519849 0.03780718
0.92533081 0.67013233 0.75519849 0.03780718
0.07466919 0.75519849 0.75519849 0.03780718
0.15973535 0.75519849 0.75519849 0.03780718
0.24480151 0.75519849 0.75519849 0.03780718
0.32986767 0.75519849 0.75519849 0.03780718
0.41493384 0.75519849 0.75519849 0.03780718
0.50000000 0.75519849 0.75519849 0.03780718
0.58506616 0.75519849 0.75519849 0.03780718
0.67013233 0.75519849 0.75519849 0.03780718
0.75519849 0.75519849 0.75519849 0.03780718
0.84026465 0.75519849 0.75519849 0.03780718
0.92533081 0.75519849 0.75519849 0.03780718
0.07466919 0.84026465 0.75519849 0.03780718
0.15973535 0.84026465 0.75519849 0.03780718
0.24480151 0.84026465 0.75519849 0.03780718
0.32986767 0.84026465 0.75519849 0.03780718
0.41493384 0.84026465 0.75519849 0.03780718
0.50000000 0.84026465 0.75519849 0.03780718
0.58506616 0.84026465 0.75519849 0.03780718
0.67013233 0.84026465 0.75519849 0.03780718
0.75519849 0.84026465 0.75519849 0.03780718
0.84026465 0.84026465 0.75519849 0.03780718
0.92533081 0.84026465 0.75519849 0.03780718
0.07466919 0.92533081 0.75519849 0.03780718
0.15973535 0.92533081 0.75519849 0.03780718
0.24480151 0.92533081 0.75519849 0.03780718
0.32986767 0.92533081 0.75519849 0.03780718
0.41493384 0.92533081 0.75519849 0.03780718
0.50000000 0.92533081 0.75519849 0.03780718
0.58506616 0.92533081 0.75519849 0.03780718
0.67013233 0.92533081 0.75519849 0.03780718
0.75519849 0.92533081 0.75519849 0.03780718
0.84026465 0.92533081 0.75519849 0.03780718
0.92533081 0.92533081 0.75519849 0.03780718
0.07466919 0.07466919 0.84026465 0.03780718
0.15973535 0.07466919 0.84026465 0.03780718
0.24480151 0.07466919 0.84026465 0.03780718
0.32986767 0.07466919 0.84026465 0.03780718
0.41493384 0.07466919 0.84026465 0.03780718
0.50000000 0.07466919 0.84026465 0.03780718
0.58506616 0.07466919 0.84026465 0.03780718
0.67013233 0.07466919 0.84026465 0.03780718
0.75519849 0.07466919 0.84026465 0.03780718
0.84026465 0.07466919 0.84026465 0.03780718
0.92533081 0.07466919 0.84026465 0.03780718
0.07466919 0.15973535 0.84026465 0.03780718
0.15973535 0.15973535 0.84026465 0.03780718
0.24480151 0.15973535 0.84026465 0.03780718
0.32986767 0.15973535 0.84026465 0.03780718
0.41493384 0.15973535 0.84026465 0.03780718
0.50000000 0.15973535 0.84026465 0.03780718
0.58506616 0.15973535 0.84026465 0.03780718
0.67013233 0.15973535 0.84026465 0.03780718
0.75519849 0.15973535 0.84026465 0.03780718
0.84026465 0.15973535 0.84026465 0.03780718
0.92533081 0.15973535 0.84026465 0.03780718
0.07466919 0.24480151 0.84026465 0.03780718
0.15973535 0.24480151 0.84026465 0.03780718
0.24480151 0.24480151 0.84026465 0.03780718
0.32986767 0.24480151 0.84026465 0.03780718
0.41493384 0.24480151 0.84026465 0.03780718
0.50000000 0.24480151 0.84026465 0.03780718
0.58506616 0.24480151 0.84026465 0.03780718
0.67013233 0.24480151 0.84026465 0.03780718
0.75519849 0.24480151 0.84026465 0.03780718
0.84026465 0.24480151 0.84026465 0.03780718
0.92533081 0.24480151 0.84026465 0.03780718
0.07466919 0.32986767 0.84026465 0.03780718
0.15973535 0.32986767 0.84026465 0.03780718
0.24480151 0.32986767 0.84026465 0.03780718
0.32986767 0.32986767 0.84026465 0.03780718
0.41493384 0.32986767 0.84026465 0.03780718
0.50000000 0.32986767 0.84026465 0.03780718
0.58506616 0.32986767 0.84026465 0.03780718
0.67013233 0.32986767 0.84026465 0.03780718
0.75519849 0.32986767 0.84026465 0.03780718
0.84026465 0.32986767 0.84026465 0.03780718
0.92533081 0.32986767 0.84026465 0.03780718
0.07466919 0.41493384 0.84026465 0.03780718
0.15973535 0.41493384 0.84026465 0.03780718
0.24480151 0.41493384 0.84026465 0.03780718
0.32986767 0.41493384 0.84026465 0.03780718
0.41493384 0.41493384 0.84026465 0.03780718
0.50000000 0.41493384 0.84026465 0.03780718
0.58506616 0.41493384 0.84026465 0.03780718
0.67013233 0.41493384 0.84026465 0.03780718
0.75519849 0.41493384 0.84026465 0.03780718
0.84026465 0.41493384 0.84026465 0.03780718
0.92533081 0.41493384 0.84026465 0.03780718
0.07466919 0.50000000 0.84026465 0.03780718
0.15973535 0.50000000 0.84026465 0.03780718
0.24480151 0.50000000 0.84026465 0.03780718
0.32986767 0.50000000 0.84026465 0.03780718
0.41493384 0.50000000 0.84026465 0.03780718
0.50000000 0.50000000 0.84026465 0.03780718
0.58506616 0.50000000 0.84026465 0.03780718
0.67013233 0.50000000 0.84026465 0.03780718
0.75519849 0.50000000 0.84026465 0.03780718
0.84026465 0.50000000 0.84026465 0.03780718
0.92533081 0.50000000 0.84026465 0.03780718
0.07466919 0.58506616 0.84026465 0.03780718
0.15973535 0.58506616 0.84026465 0.03780718
0.24480151 0.58506616 0.84026465 0.03780718
0.32986767 0.58506616 0.84026465 0.03780718
0.41493384 0.58506616 0.84026465 0.03780718
0.50000000 0.58506616 0.84026465 0.03780718
0.58506616 0.58506616 0.84026465 0.03780718
0.67013233 0.58506616 0.84026465 0.03780718
0.75519849 0.58506616 0.84026465 0.03780718
0.84026465 0.58506616 0.84026465 0.03780718
0.92533081 0.58506616 0.84026465 0.03780718
0.07466919 0.67013233 0.84026465 0.03780718
0.15973535 0.67013233 0.84026465 0.03780718
0.24480151 0.67013233 0.84026465 0.03780718
0.32986767 0.67013233 0.84026465 0.03780718
0.41493384 0.67013233 0.84026465 0.03780718
0.50000000 0.67013233 0.84026465 0.03780718
0.58506616 0.67013233 0.84026465 0.03780718
0.67013233 0.67013233 0.84026465 0.03780718
0.75519849 0.67013233 0.84026465 0.03780718
0.84026465 0.67013233 0.84026465 0.03780718
0.92533081 0.67013233 0.84026465 0.03780718
0.07466919 0.75519849 0.84026465 0.03780718
0.15973535 0.75519849 0.84026465 0.03780718
0.24480151 0.75519849 0.84026465 0.03780718
0.32986767 0.75519849 0.84026465 0.03780718
0.41493384 0.75519849 0.84026465 0.03780718
0.50000000 0.75519849 0.84026465 0.03780718
0.58506616 0.75519849 0.84026465 0.03780718
0.67013233 0.75519849 0.84026465 0.03780718
0.75519849 0.75519849 0.84026465 0.03780718
0.84026465 0.75519849 0.84026465 0.03780718
0.92533081 0.75519849 0.84026465 0.03780718
0.07466919 0.84026465 0.84026465 0.03780718
0.15973535 0.84026465 0.84026465 0.03780718
0.24480151 0.84026465 0.84026465 0.03780718
0.32986767 0.84026465 0.84026465 0.03780718
0.41493384 0.84026465 0.84026465 0.03780718
0.50000000 0.84026465 0.84026465 0.03780718
0.58506616 0.84026465 0.84026465 0.03780718
0.67013233 0.84026465 0.84026465 0.03780718
0.75519849 0.84026465 0.84026465 0.03780718
0.84026465 0.84026465 0.84026465 0.03780718
0.92533081 0.84026465 0.84026465 0.03780718
0.07466919 0.92533081 0.84026465 0.03780718
0.15973535 0.92533081 0.84026465 0.03780718
0.24480151 0.92533081 0.84026465 0.03780718
0.32986767 0.92533081 0.84026465 0.03780718
0.41493384 0.92533081 0.84026465 0.03780718
0.50000000 0.92533081 0.84026465 0.03780718
0.58506616 0.92533081 0.84026465 0.03780718
0.67013233 0.92533081 0.84026465 0.03780718
0.75519849 0.92533081 0.84026465 0.03780718
0.84026465 0.92533081 0.84026465 0.03780718
0.92533081 0.92533081 0.84026465 0.03780718
0.07466919 0.07466919 0.92533081 0.03780718
0.15973535 0.07466919 0.92533081 0.03780718
0.24480151 0.07466919 0.92533081 0.03780718
0.32986767 0.07466919 0.92533081 0.03780718
0.41493384 0.07466919 0.92533081 0.03780718
0.50000000 0.07466919 0.92533081 0.03780718
0.58506616 0.07466919 0.92533081 0.03780718
0.67013233 0.07466919 0.92533081 0.03780718
0.75519849 0.07466919 0.92533081 0.03780718
0.84026465 0.07466919 0.92533081 0.03780718
0.92533081 0.07466919 0.92533081 0.03780718
0.07466919 0.15973535 0.92533081 0.03780718
0.15973535 0.15973535 0.92533081 0.03780718
0.24480151 0.15973535 0.92533081 0.03780718
0.32986767 0.15973535 0.92533081 0.03780718
0.41493384 0.15973535 0.92533081 0.03780718
0.50000000 0.15973535 0.92533081 0.03780718
0.58506616 0.15973535 0.92533081 0.03780718
0.67013233 0.15973535 0.92533081 0.03780718
0.75519849 0.15973535 0.92533081 0.03780718
0.84026465 0.15973535 0.92533081 0.03780718
0.92533081 0.15973535 0.92533081 0.03780718
0.07466919 0.24480151 0.92533081 0.03780718
0.15973535 0.24480151 0.92533081 0.03780718
0.24480151 0.24480151 0.92533081 0.03780718
0.32986767 0.24480151 0.92533081 0.03780718
0.41493384 0.24480151 0.92533081 0.03780718
0.50000000 0.24480151 0.92533081 0.03780718
0.58506616 0.24480151 0.92533081 0.03780718
0.67013233 0.24480151 0.92533081 0.03780718
0.75519849 0.24480151 0.92533081 0.03780718
0.84026465 0.24480151 0.92533081 0.03780718
0.92533081 0.24480151 0.92533081 0.03780718
0.07466919 0.32986767 0.92533081 0.03780718
0.15973535 0.32986767 0.92533081 0.03780718
0.24480151 0.32986767 0.92533081 0.03780718
0.32986767 0.32986767 0.92533081 0.03780718
0.41493384 0.32986767 0.92533081 0.03780718
0.50000000 0.32986767 0.92533081 0.03780718
0.58506616 0.32986767 0.92533081 0.03780718
0.67013233 0.32986767 0.92533081 0.03780718
0.75519849 0.32986767 0.92533081 0.03780718
0.84026465 0.32986767 0.92533081 0.03780718
0.92533081 0.32986767 0.92533081 0.03780718
0.07466919 0.41493384 0.92533081 0.03780718
0.15973535 0.41493384 0.92533081 0.03780718
0.24480151 0.41493384 0.92533081 0.03780718
0.32986767 0.41493384 0.92533081 0.03780718
0.41493384 0.41493384 0.92533081 0.03780718
0.50000000 0.41493384 0.92533081 0.03780718
0.58506616 0.41493384 0.92533081 0.03780718
0.67013233 0.41493384 0.92533081 0.03780718
0.75519849 0.41493384 0.92533081 0.03780718
0.84026465 0.41493384 0.92533081 0.03780718
0.92533081 0.41493384 0.92533081 0.03780718
0.07466919 0.50000000 0.92533081 0.03780718
0.15973535 0.50000000 0.92533081 0.03780718
0.24480151 0.50000000 0.92533081 0.03780718
0.32986767 0.50000000 0.92533081 0.03780718
0.41493384 0.50000000 0.92533081 0.03780718
0.50000000 0.50000000 0.92533081 0.03780718
0.58506616 0.50000000 0.92533081 0.03780718
0.67013233 0.50000000 0.92533081 0.03780718
0.75519849 0.50000000 0.92533081 0.03780718
0.84026465 0.50000000 0.92533081 0.03780718
0.92533081 0.50000000 0.92533081 0.03780718
0.07466919 0.58506616 0.92533081 0.03780718
0.15973535 0.58506616 0.92533081 0.03780718
0.24480151 0.58506616 0.92533081 0.03780718
0.32986767 0.58506616 0.92533081 0.03780718
0.41493384 0.58506616 0.92533081 0.03780718
0.50000000 0.58506616 0.92533081 0.03780718
0.58506616 0.58506616 0.92533081 0.03780718
0.67013233 0.58506616 0.92533081 0.03780718
0.75519849 0.58506616 0.92533081 0.03780718
0.84026465 0.58506616 0.92533081 0.03780718
0.92533081 0.58506616 0.92533081 0.03780718
0.07466919 0.67013233 0.92533081 0.03780718
0.15973535 0.67013233 0.92533081 0.03780718
0.24480151 0.67013233 0.92533081 0.03780718
0.32986767 0.67013233 0.92533081 0.03780718
0.41493384 0.67013233 0.92533081 0.03780718
0.50000000 0.67013233 0.92533081 0.03780718
0.58506616 0.67013233 0.92533081 0.03780718
0.67013233 0.67013233 0.92533081 0.03780718
0.75519849 0.67013233 0.92533081 0.03780718
0.84026465 0.67013233 0.92533081 0.03780718
0.92533081 0.67013233 0.92533081 0.03780718
0.07466919 0.75519849 0.92533081 0.03780718
0.15973535 0.75519849 0.92533081 0.03780718
0.24480151 0.75519849 0.92533081 0.03780718
0.32986767 0.75519849 0.92533081 0.03780718
0.41493384 0.75519849 0.92533081 0.03780718
0.50000000 0.75519849 0.92533081 0.03780718
0.58506616 0.75519849 0.92533081 0.03780718
0.67013233 0.75519849 0.92533081 0.03780718
0.75519849 0.75519849 0.92533081 0.03780718
0.84026465 0.75519849 0.92533081 0.03780718
0.92533081 0.75519849 0.92533081 0.03780718
0.07466919 0.84026465 0.92533081 0.03780718
0.15973535 0.84026465 0.92533081 0.03780718
0.24480151 0.84026465 0.92533081 0.03780718
0.32986767 0.84026465 0.92533081 0.03780718
0.41493384 0.84026465 0.92533081 0.03780718
0.50000000 0.84026465 0.92533081 0.03780718
0.58506616 0.84026465 0.92533081 0.03780718
0.67013233 0.84026465 0.92533081 0.03780718
0.75519849 0.84026465 0.92533081 0.03780718
0.84026465 0.84026465 0.92533081 0.03780718
0.92533081 0.84026465 0.92533081 0.03780718
0.07466919 0.92533081 0.92533081 0.03780718
0.15973535 0.92533081 0.92533081 0.03780718
0.24480151 0.92533081 0.92533081 0.03780718
0.32986767 0.92533081 0.92533081 0.03780718
0.41493384 0.92533081 0.92533081 0.03780718
0.50000000 0.92533081 0.92533081 0.03780718
0.58506616 0.92533081 0.92533081 0.03780718
0.67013233 0.92533081 0.92533081 0.03780718
0.75519849 0.92533081 0.92533081 0.03780718
0.84026465 0.92533081 0.92533081 0.03780718
0.92533081 0.92533081 0.92533081 0.03780718
