0.68691763 0.07552153 0.33207864 0.02376116
0.15055808 0.23104337 0.36755451 0.02002743
0.53285800 0.43123711 0.65722936 0.02348134
0.82327223 0.09570484 0.64568435 0.02082451
0.54970327 0.19460381 0.24359799 0.02376507
0.89203129 0.34359444 0.66092797 0.02906229
0.82945228 0.15324964 0.11483609 0.03010732
0.82368493 0.15598047 0.43234623 0.02034621
0.52746549 0.65964841 0.34619630 0.03123324
0.78125245 0.09478667 0.71021128 0.02748401
0.70629780 0.31718677 0.74050144 0.03166112
0.45518332 0.85057340 0.32277552 0.01942607
0.18439609 0.09002913 0.65239256 0.02197562
0.29943445 0.49269031 0.11801403 0.02092364
0.20162186 0.57526631 0.66851582 0.02593143
0.42614059 0.66674890 0.42624639 0.01941375
0.53077086 0.64073985 0.51270845 0.01869011
0.57196617 0.83597674 0.19777294 0.03104958
0.76338487 0.41219273 0.21305432 0.01992410
0.37292058 0.70896075 0.68827196 0.03081353
0.60312317 0.70940193 0.37366946 0.03020287
0.83769415 0.43853282 0.89653125 0.02172905
0.60228260 0.17563658 0.87815177 0.02716544
0.56634835 0.42198476 0.27689447 0.02421554
0.56133074 0.08500900 0.59760123 0.03048019
0.52293006 0.82855492 0.37833866 0.02251260
0.60276837 0.09588990 0.85813294 0.03055141
0.91800079 0.22437312 0.19477370 0.02754474
0.66391316 0.13806340 0.71279953 0.03088381
0.85473667 0.67730778 0.18465576 0.02841480
0.09211391 0.09391753 0.28147008 0.01827464
0.53230386 0.54399684 0.78570470 0.02988129
0.31052675 0.57344958 0.90263227 0.01971545
0.09330335 0.75379647 0.27433167 0.02575063
0.40595692 0.80425772 0.70677591 0.02915016
0.19275680 0.12809954 0.17999070 0.02568446
0.16236102 0.26402334 0.68307248 0.01861548
0.08813949 0.13832865 0.89456804 0.02573249
0.24932381 0.29072814 0.70576368 0.02584831
0.56949868 0.90199639 0.79660691 0.02069986
0.49457167 0.60235673 0.78090102 0.02131350
0.08749087 0.13156167 0.48820181 0.02016607
0.55792989 0.34585155 0.91191355 0.02637644
0.39869948 0.54287434 0.70695190 0.02600918
0.30206185 0.13496824 0.39054972 0.02724545
0.25566029 0.71283731 0.13463189 0.02669955
0.76002078 0.23821732 0.61893137 0.02159625
0.85914070 0.29969002 0.13280006 0.02524832
0.72834367 0.84220713 0.86248547 0.02815494
0.27122518 0.60044184 0.88646072 0.01819274
0.54704087 0.84607672 0.61778001 0.03112668
0.48797911 0.58851734 0.54198472 0.02338796
0.17998631 0.18747716 0.50474555 0.02040320
0.88545885 0.78144393 0.08250443 0.01829737
0.35613307 0.18400656 0.76484247 0.02043415
0.87444430 0.56968522 0.82229514 0.02276254
0.83884455 0.46630315 0.53860730 0.02967001
0.32037730 0.49169139 0.58286762 0.02903271
0.58038133 0.44281497 0.76449674 0.01821459
0.83460446 0.56621763 0.23068498 0.02235511
0.59372613 0.12607761 0.43298612 0.02888524
0.85196166 0.07963618 0.90087958 0.02738134
0.90265435 0.58890469 0.77944065 0.02320246
0.60799604 0.31884741 0.57317759 0.02593964
0.80049162 0.71387793 0.66603271 0.02836155
0.35167845 0.64256533 0.45879942 0.02994278
0.42407765 0.41614611 0.34466897 0.02327875
0.44107752 0.89920051 0.64972254 0.02659182
0.43719618 0.36589434 0.75449712 0.02074324
0.83712270 0.63574663 0.30793587 0.03015718
0.80290590 0.52355545 0.75787895 0.02148645
0.69671171 0.51592189 0.72857660 0.02590893
0.47091600 0.36703665 0.13526511 0.02585877
0.14253462 0.91031456 0.22923100 0.02322102
0.81376655 0.65759085 0.55803367 0.02921583
0.47153100 0.36728583 0.26439044 0.02022382
0.34148093 0.85110651 0.84547900 0.02618555
0.16772454 0.23778588 0.49953726 0.02155209
0.25484240 0.28829369 0.79514426 0.02806541
0.59894087 0.27377758 0.16197203 0.02374495
0.48053615 0.20604226 0.60291975 0.02512656
0.63014032 0.19946304 0.71244906 0.02551550
0.51643476 0.74373850 0.09162826 0.02106761
0.81749279 0.79346495 0.53262613 0.02248107
0.87568994 0.77258270 0.79573476 0.02997219
0.62977784 0.67459547 0.59453027 0.01936414
0.11003507 0.72619312 0.69393897 0.02904668
0.29252973 0.61282437 0.36784008 0.02158773
0.45474493 0.73669706 0.91069353 0.02900487
0.19559387 0.84195733 0.53531372 0.02214793
0.61354507 0.91095020 0.53818961 0.03146604
0.19156815 0.37784870 0.09921375 0.02527257
0.71029600 0.09766940 0.38558829 0.02021586
0.66086858 0.65941818 0.23964845 0.02991331
0.56907135 0.91527436 0.24874030 0.02410491
0.29680255 0.71352556 0.46315232 0.02142243
0.50722671 0.25230441 0.75658898 0.01878648
0.09718843 0.57953769 0.79300263 0.02210763
0.71225899 0.50935375 0.53469202 0.02326374
0.87917042 0.26379535 0.30247412 0.02442400
0.43859651 0.16409839 0.61481115 0.01912556
0.44028971 0.77078095 0.60562466 0.02968544
0.13856080 0.08709190 0.12856608 0.01998139
0.17211638 0.09959017 0.71591906 0.02433534
0.70967477 0.45944720 0.45747782 0.02345486
0.47785570 0.75668670 0.41719366 0.02460457
0.11355792 0.72837614 0.18747190 0.03049824
0.08713923 0.53242732 0.08094682 0.02654476
0.83756341 0.74639879 0.84578749 0.03114074
0.20658263 0.23220760 0.60487607 0.02001089
0.90866379 0.67600704 0.69326063 0.03051376
0.41714694 0.29114963 0.22739261 0.03056189
0.76804406 0.19693725 0.29772748 0.01965030
0.34132040 0.90362294 0.30453673 0.02931572
0.34301440 0.84716074 0.38705355 0.02537242
0.51030943 0.87224070 0.10192718 0.02399008
0.82831918 0.10277840 0.51838369 0.02790368
0.80603483 0.54972119 0.66188884 0.02250355
0.60866544 0.32191250 0.08388029 0.02425617
0.34069720 0.51444693 0.85138709 0.02596788
0.28551255 0.39065621 0.86637202 0.02389175
0.78683497 0.85007603 0.27305755 0.03094284
0.26574440 0.34050886 0.22062490 0.01920857
0.42699826 0.76663715 0.23434863 0.02638701
0.26679212 0.64096994 0.49754222 0.01878696
0.22472511 0.55969156 0.92006995 0.02517021
0.10541945 0.15700680 0.13321248 0.02622832
0.39426217 0.90291978 0.21836764 0.02424069
0.72249050 0.76974033 0.61023301 0.03143906
0.48041174 0.09019866 0.37617767 0.02723854
0.08062888 0.72129948 0.34556206 0.01990181
0.26705965 0.36563715 0.51972506 0.03159926
0.46953895 0.18512973 0.34256938 0.02842883
0.64700611 0.72850701 0.18702291 0.02496993
0.65703019 0.45716352 0.84883611 0.02729017
0.08319776 0.48675173 0.80246894 0.02690185
0.24493883 0.70658140 0.32398403 0.02982327
0.26605818 0.25994506 0.24721944 0.02828490
0.39455172 0.09418859 0.16643289 0.01996889
0.75205459 0.14697803 0.27415424 0.02731910
0.78527005 0.44475314 0.86078170 0.02220692
0.48140031 0.18575486 0.89989427 0.02775411
0.24516204 0.44095251 0.41784285 0.02020810
0.69641268 0.23317270 0.62320996 0.02002737
0.25719263 0.58454795 0.70868277 0.02842074
0.58168046 0.32759175 0.69495811 0.02681699
0.43782080 0.73496486 0.13001156 0.03105944
0.24242235 0.41210183 0.33262199 0.02953928
0.84745043 0.38837720 0.52627113 0.01910663
0.18845480 0.25135294 0.14106730 0.02482622
0.29809491 0.37891851 0.16821447 0.02501694
0.70288792 0.20384857 0.54307387 0.02529299
0.72147292 0.69045765 0.22338781 0.02099257
0.09852764 0.80089967 0.54907624 0.02990807
0.71964198 0.68412503 0.91377969 0.02357049
0.07660682 0.87002718 0.80519143 0.02184174
0.51387242 0.67363077 0.73540671 0.02806907
0.66746851 0.07784435 0.73336947 0.02355178
0.28226157 0.18331215 0.26637628 0.03038400
0.82635469 0.53668105 0.31809770 0.02217347
0.64879255 0.26285845 0.47201127 0.02277583
0.60796298 0.82138080 0.45532186 0.02234849
0.46379308 0.63077597 0.19133861 0.02883728
0.84715654 0.58937264 0.72622218 0.02398164
0.49822960 0.79007445 0.13410615 0.02497244
0.87368268 0.51494915 0.24191628 0.02591976
0.60343153 0.78141979 0.08989476 0.03110817
0.14853634 0.35186865 0.87100225 0.03166773
0.77779105 0.81092506 0.44810164 0.01812349
0.75829953 0.48099304 0.18772582 0.02153312
0.82998222 0.49279676 0.79724333 0.03081823
0.65561844 0.41328868 0.50475530 0.02378266
0.89777393 0.32381347 0.16058919 0.02061866
0.08347056 0.68496841 0.55517596 0.01999372
0.50578596 0.74431338 0.66384665 0.02897710
0.22103163 0.42207033 0.27964346 0.02244594
0.90344712 0.34729464 0.90961972 0.02362163
0.74993688 0.44263455 0.37823362 0.02148184
0.53750437 0.48959232 0.80284134 0.02207941
0.23633713 0.57110717 0.83231517 0.03027306
0.85764431 0.31245256 0.59217339 0.02416311
0.27127584 0.09092695 0.42982525 0.02742810
0.36902088 0.73299106 0.22876229 0.03096513
0.19738814 0.68438939 0.66952571 0.02272408
0.29250548 0.66160847 0.27056056 0.02751159
0.39118264 0.37708238 0.12446807 0.02386653
0.67453862 0.59556924 0.62482560 0.02672620
0.19973625 0.51203568 0.82127780 0.02034773
0.46809367 0.43907501 0.49757728 0.02054132
0.36494882 0.29594875 0.79498712 0.02023127
0.32805887 0.80419825 0.64507506 0.02504031
0.18372507 0.47508699 0.90979622 0.02675144
0.62072019 0.20968486 0.61575572 0.03110075
0.47340927 0.43909867 0.58370409 0.02581462
0.70980203 0.56620098 0.85492691 0.02974233
0.92215745 0.11575928 0.24165889 0.01889438
0.16675659 0.60484523 0.11624252 0.02384033
0.12552222 0.67346099 0.64355751 0.02193208
0.48971995 0.52135779 0.10488233 0.02898709
0.37409365 0.27181149 0.44418440 0.02690007
