0.67961943 0.09246851 0.33885173 0.06573196
0.15263437 0.23266436 0.36840330 0.04775927
0.53175250 0.43390025 0.65151153 0.06438504
0.81921734 0.10100735 0.64391345 0.05159607
0.54784459 0.20683950 0.25388904 0.06575077
0.85725478 0.35765412 0.64673033 0.09124951
0.79699133 0.18769338 0.15308053 0.09627988
0.82102327 0.15901740 0.43302449 0.04929372
0.52459258 0.64227989 0.36320194 0.10169965
0.45529120 0.85058627 0.32291522 0.04486453
0.19186226 0.09969563 0.64894658 0.05713706
0.30229727 0.49289407 0.12337306 0.05207327
0.21956134 0.57089372 0.65857486 0.07617882
0.53106080 0.64172988 0.51288340 0.04132191
0.56433880 0.79985999 0.23052475 0.10081555
0.76223955 0.41270676 0.21450926 0.04726188
0.38648549 0.68701990 0.66851707 0.09967932
0.83068458 0.43993442 0.88828186 0.05595020
0.59512423 0.19886375 0.85134613 0.08211886
0.56355561 0.42552047 0.28679049 0.06791916
0.55518201 0.12767633 0.58773531 0.09807474
0.82544455 0.66273188 0.21094120 0.08813277
0.08809265 0.08991445 0.27935848 0.03932203
0.31116405 0.57333893 0.90158517 0.04625753
0.11702733 0.73918863 0.28754964 0.07530851
0.21052000 0.14957542 0.19848695 0.07498998
0.16007953 0.26245703 0.68445409 0.04096270
0.11209371 0.15937859 0.87185691 0.07522118
0.56878556 0.89738220 0.79322921 0.05099606
0.49477028 0.60069116 0.77614747 0.05394988
0.09044054 0.13420691 0.48838344 0.04842663
0.55435423 0.35581819 0.88573418 0.07832091
0.31643348 0.16136526 0.39855306 0.08250399
0.27212323 0.69873000 0.15918768 0.07987621
0.75496149 0.24352328 0.61667472 0.05531095
0.71009208 0.81478985 0.83343584 0.08688189
0.54206880 0.80861566 0.60512243 0.10118671
0.18298338 0.19040645 0.50480370 0.04956805
0.88936031 0.78431752 0.07847117 0.03943140
0.35757647 0.18705579 0.76247288 0.04971705
0.86313435 0.56767021 0.81257570 0.06092499
0.58132718 0.44229959 0.76739826 0.03903296
0.82631094 0.11055042 0.87164612 0.08315808
0.60166080 0.32980065 0.56892418 0.07621832
0.77584908 0.69637586 0.65247502 0.08787645
0.42686443 0.41921229 0.35025304 0.06340983
0.43806016 0.36762288 0.75151371 0.05120490
0.68512811 0.51509629 0.71509686 0.07607049
0.47275477 0.37500840 0.15692055 0.07582906
0.15504978 0.89618982 0.23873804 0.06313196
0.35144428 0.82943333 0.82415517 0.07740204
0.27449979 0.30528649 0.77176343 0.08645095
0.80873546 0.78537863 0.53182425 0.05957010
0.62991577 0.67474758 0.59465704 0.04456644
0.29674070 0.61069774 0.37056091 0.05526994
0.20327764 0.83355499 0.53454285 0.05796651
0.20822020 0.38451580 0.12081614 0.07300732
0.30062308 0.70972649 0.46393122 0.05447424
0.50736092 0.25103591 0.75809532 0.04178581
0.10717308 0.57769528 0.78592611 0.05777254
0.70492329 0.50913777 0.53358695 0.06333757
0.86193671 0.27472024 0.31162912 0.06892260
0.11427420 0.53042984 0.10848692 0.07913115
0.20829813 0.23378198 0.60439796 0.04767962
0.76753684 0.19771961 0.29828225 0.04594389
0.35169426 0.82835114 0.39333209 0.07348795
0.60397712 0.32990189 0.10239338 0.06811476
0.26543893 0.34033159 0.22024207 0.04381757
0.48194661 0.11979114 0.38520731 0.08247073
0.29355974 0.38098202 0.51763305 0.10346150
0.51658208 0.76937278 0.07646432 0.03952386
0.39519187 0.09636924 0.16824301 0.04747747
0.08606962 0.86195724 0.79855421 0.05649266
0.66126293 0.09388637 0.72467733 0.06472408
0.81826477 0.53586771 0.32277516 0.05808943
0.89350123 0.32585310 0.16442394 0.05060519
0.08579954 0.68407777 0.55498006 0.04759697
0.22884201 0.42433080 0.28583579 0.05940103
0.74533738 0.44381980 0.38063118 0.05476020
0.66323886 0.30865630 0.75496904 0.05996342
0.20240388 0.51203366 0.81863227 0.04930106
0.46852390 0.43980408 0.49770388 0.05023290
0.92416682 0.11411167 0.24058222 0.04230521
0.40155448 0.89418434 0.14834722 0.07500106
0.14467075 0.41408157 0.75316708 0.04754987
0.72653142 0.32259844 0.26049875 0.05074644
0.41185150 0.39656215 0.63860161 0.03911159
0.12761488 0.47747167 0.36927581 0.04064196
0.55862717 0.52114415 0.15256090 0.06366927
0.66808052 0.64770040 0.43971621 0.04046799
0.36101553 0.12137650 0.58890068 0.05086219
0.10737974 0.80225996 0.62655456 0.06819493
0.19758749 0.72038323 0.77573356 0.06946194
0.71628222 0.88726765 0.52996384 0.04193528
0.85693120 0.50592411 0.46229915 0.05750952
0.57091619 0.66427096 0.14095976 0.05425579
0.09901460 0.69384725 0.69006073 0.05120633
0.90414492 0.51542445 0.23118275 0.06328573
0.90042632 0.85070293 0.21389152 0.06552567
0.40467647 0.53258557 0.36207061 0.04497942
0.10353828 0.32143808 0.52791613 0.07246573
0.79361375 0.65909710 0.48930936 0.04430200
0.83396204 0.73527362 0.35218431 0.03992625
0.22902911 0.52309174 0.42871079 0.04391838
0.24274923 0.66228975 0.56270018 0.04899368
0.79120929 0.88813841 0.10705083 0.07232720
0.31216986 0.54286543 0.23770564 0.05685571
0.49371227 0.46987544 0.76503174 0.04194726
0.40911520 0.28249538 0.65607378 0.05506796
0.18786652 0.87605778 0.83577671 0.04185539
0.24693926 0.15706184 0.80791280 0.05743887
0.65800516 0.17351527 0.07916313 0.04386454
0.23196839 0.89172051 0.70169953 0.05674270
0.13998505 0.91801939 0.59508295 0.03984283
0.61047838 0.67688827 0.70344914 0.05396633
0.35509848 0.29035947 0.26509403 0.05523801
0.39098748 0.56852781 0.52727447 0.06870966
0.63050490 0.88574593 0.08405101 0.05470501
0.19439300 0.86641777 0.10479297 0.04049933
0.92914810 0.40495284 0.84889099 0.04340090
0.65014067 0.12877143 0.19719549 0.05923330
0.63259540 0.22262211 0.36428462 0.04666110
0.43981187 0.69657025 0.86540082 0.06595458
0.41377172 0.31043559 0.43420524 0.04381694
0.46747464 0.30424004 0.52318978 0.03999246
0.72085105 0.32389249 0.87891811 0.05915423
0.92161436 0.59698272 0.39426196 0.03940180
0.40432677 0.45879795 0.87431917 0.03976414
0.09298904 0.31513844 0.35785515 0.03900344
0.91774406 0.18217094 0.49171783 0.05575818
0.10630195 0.31027612 0.23079163 0.05229594
0.80750405 0.68571763 0.87307386 0.06286226
0.77523258 0.50286790 0.11213870 0.04035157
0.09202250 0.67659251 0.91110932 0.04485979
0.29606261 0.66934021 0.81804845 0.04066118
0.90127175 0.21474236 0.69347845 0.04807569
0.22016387 0.56596970 0.28712273 0.04527295
0.42593029 0.26249401 0.06749153 0.04051222
0.73567035 0.39996949 0.56198833 0.03944208
0.49788164 0.49153875 0.91141234 0.05845464
0.28895492 0.88717991 0.27996790 0.05247075
0.76809328 0.91118137 0.70642671 0.03958960
0.11936955 0.57345992 0.35678842 0.03818193
0.22342056 0.87199551 0.39558957 0.05051659
0.09933075 0.46784770 0.89323858 0.04700107
0.24276676 0.72363281 0.90292524 0.05282045
0.08945296 0.35863764 0.92198318 0.04577330
0.33949538 0.84394033 0.67920804 0.05370915
0.68875305 0.56242200 0.14582910 0.04528831
0.72412415 0.86631284 0.35109180 0.04650889
0.09222004 0.32728969 0.66306551 0.04479433
0.65592101 0.90726885 0.68066051 0.04250676
0.38815743 0.10701128 0.82614668 0.03845190
0.11424300 0.46923803 0.63123907 0.04852029
0.51839607 0.91419062 0.41456980 0.04349700
0.46962586 0.62649290 0.18496310 0.05698979
0.12445091 0.74765877 0.13921865 0.05033788
0.43536135 0.16055921 0.69242783 0.04271325
0.81762837 0.48109725 0.75406468 0.04122883
0.37504906 0.91127408 0.58668243 0.05787922
0.57624492 0.72545878 0.85890661 0.05092587
0.08023436 0.48119284 0.22944708 0.04715212
0.33014417 0.08901279 0.90774051 0.05514794
0.60383666 0.57018345 0.53942223 0.04166231
0.78414088 0.38178399 0.10965014 0.05207377
0.65873293 0.52984640 0.23696270 0.04788069
0.87661171 0.55037415 0.65957628 0.04594434
0.61451602 0.85508976 0.44278524 0.06487239
0.88841845 0.85581011 0.71046141 0.07305943
0.75325013 0.10568973 0.50522288 0.05380949
0.09847596 0.25668143 0.11540771 0.04519834
0.87001140 0.47172150 0.10331578 0.05331040
0.43802030 0.52939399 0.66612836 0.03847821
0.87999544 0.86510524 0.44513357 0.05574360
0.91761363 0.10158006 0.40891800 0.04953845
0.60425592 0.54862851 0.82597625 0.05116293
0.19551581 0.26477402 0.27634111 0.05116966
0.67749249 0.45258027 0.90898764 0.03849003
0.40127521 0.72411772 0.30623467 0.04144845
0.67673239 0.28461620 0.44879691 0.04740422
0.44595147 0.74370172 0.47173096 0.05217600
0.13430871 0.32610679 0.80645250 0.04812321
0.66739261 0.54949221 0.36649087 0.06202808
0.41372799 0.27265745 0.78697921 0.04044565
0.41031307 0.22926710 0.88270213 0.04313827
0.63942531 0.17691907 0.46436610 0.04411319
0.77799625 0.23723726 0.92426344 0.04577865
0.36114038 0.56784094 0.80142599 0.04433048
0.42973337 0.73707397 0.07874112 0.04467463
0.85233100 0.40973061 0.35095642 0.04737199
0.58752425 0.46102431 0.39953060 0.04083404
0.48580624 0.83117758 0.89292423 0.04414940
0.07967684 0.91167671 0.11382065 0.04694465
0.19740689 0.24543322 0.08344574 0.05095267
0.50639569 0.22693374 0.47086520 0.04950005
0.73991680 0.77390764 0.07851820 0.04724389
0.37747886 0.66101181 0.24545316 0.03884423
0.38040204 0.45263518 0.71023347 0.05214256
0.25609700 0.08382485 0.72823629 0.04030322
0.23164382 0.33971069 0.35724283 0.04292217
0.46857641 0.83699331 0.77629665 0.04404560
0.34581960 0.18611197 0.10070191 0.04451134
0.70502627 0.73380544 0.16619896 0.04593179
0.25991440 0.35874040 0.90375893 0.04335401
0.46740832 0.28173227 0.33541846 0.06281913
0.60462099 0.09615122 0.08564160 0.04127769
0.09038010 0.20311613 0.63810318 0.05084543
0.68003731 0.66026581 0.30638899 0.03990705
0.50316912 0.12619557 0.77198848 0.03962227
0.17222997 0.55684447 0.51842473 0.05259233
0.71856445 0.78518407 0.48135123 0.03889602
0.72798696 0.76144704 0.32813019 0.04066987
0.44302992 0.88919225 0.50603779 0.04501112
0.82317126 0.79842326 0.90861146 0.03953071
0.76135782 0.79738235 0.23764267 0.05053646
0.51433662 0.10179073 0.07209694 0.04163862
0.88412830 0.27706771 0.89886512 0.04192507
0.07887552 0.13300608 0.13077907 0.04779835
0.83643600 0.31658779 0.79849053 0.05948673
0.89989222 0.40482023 0.47595795 0.04308262
0.54444880 0.07236209 0.87930796 0.04194277
0.91766142 0.69024987 0.67732435 0.04334037
0.72809617 0.59793645 0.90548050 0.05223784
0.54373098 0.56697565 0.60287856 0.04004711
0.28685349 0.93279348 0.85830494 0.03931311
0.81547038 0.91618526 0.53579212 0.04393750
0.82203537 0.10093581 0.32046545 0.04248180
0.89603408 0.61995607 0.51001310 0.04096738
0.84896552 0.93110434 0.33114090 0.04246924
0.72426024 0.30553468 0.07523869 0.03834690
0.15087207 0.78967896 0.88888366 0.04952886
0.22312374 0.11552323 0.91954023 0.04816307
0.30518076 0.24047603 0.90897005 0.05284299
0.56110704 0.34767863 0.40102070 0.04889848
0.07735660 0.07976269 0.66169955 0.04873229
0.82046580 0.57942384 0.52958550 0.03875071
0.63904186 0.59825999 0.07777757 0.03886700
0.19302858 0.73075666 0.50306395 0.04505714
0.07937402 0.74406672 0.45655209 0.04130741
0.40989880 0.34423314 0.85822052 0.04117008
0.31327760 0.74424452 0.27347915 0.04428997
0.27748896 0.43883916 0.69400122 0.04638061
0.09965715 0.86866575 0.37391706 0.05586213
0.08307050 0.57420585 0.43712168 0.04436549
0.69656328 0.60213931 0.80725547 0.04366517
0.13198094 0.89995689 0.90522661 0.04163857
0.38667666 0.12037713 0.29924279 0.04035065
0.43345672 0.52455820 0.12934126 0.05007950
0.64492740 0.34563054 0.33631971 0.04559340
0.81494586 0.59435520 0.07039662 0.04318677
