0.16843717 0.16843717 0.16843717 0.14736126
0.50000000 0.16843717 0.16843717 0.14736126
0.83156283 0.16843717 0.16843717 0.14736126
0.16843717 0.50000000 0.16843717 0.14736126
0.50000000 0.50000000 0.16843717 0.14736126
0.83156283 0.50000000 0.16843717 0.14736126
0.16843717 0.83156283 0.16843717 0.14736126
0.50000000 0.83156283 0.16843717 0.14736126
0.83156283 0.83156283 0.16843717 0.14736126
0.16843717 0.16843717 0.50000000 0.14736126
0.50000000 0.16843717 0.50000000 0.14736126
0.83156283 0.16843717 0.50000000 0.14736126
0.16843717 0.50000000 0.50000000 0.14736126
0.50000000 0.50000000 0.50000000 0.14736126
0.83156283 0.50000000 0.50000000 0.14736126
0.16843717 0.83156283 0.50000000 0.14736126
0.50000000 0.83156283 0.50000000 0.14736126
0.83156283 0.83156283 0.50000000 0.14736126
0.16843717 0.16843717 0.83156283 0.14736126
0.50000000 0.16843717 0.83156283 0.14736126
0.83156283 0.16843717 0.83156283 0.14736126
0.16843717 0.50000000 0.83156283 0.14736126
0.50000000 0.50000000 0.83156283 0.14736126
0.83156283 0.50000000 0.83156283 0.14736126
0.16843717 0.83156283 0.83156283 0.14736126
0.50000000 0.83156283 0.83156283 0.14736126
0.83156283 0.83156283 0.83156283 0.14736126
