0.67279068 0.10709129 0.34447292 0.05327239
0.16469178 0.24190210 0.37285858 0.03624562
0.53033567 0.43604850 0.64573148 0.05199635
0.80768535 0.11497266 0.63860495 0.03988049
0.54583007 0.21728408 0.26261459 0.05329020
0.84307755 0.36276142 0.64067932 0.07744691
0.78498548 0.19947503 0.16621349 0.08221252
0.80948997 0.17087906 0.43520287 0.03769932
0.52318371 0.63621889 0.36817278 0.08734704
0.67525697 0.34410593 0.70436581 0.08929825
0.45668999 0.83813650 0.32895160 0.03350324
0.20269809 0.11384004 0.64337407 0.04512985
0.30912096 0.49294491 0.13655481 0.04033257
0.22971916 0.56793017 0.65233665 0.06316941
0.52982936 0.63664790 0.51228441 0.03014707
0.56136815 0.78759829 0.24072271 0.08650947
0.75283029 0.41560047 0.22437918 0.03577441
0.39052463 0.67923430 0.66145948 0.08543304
0.81862209 0.44186546 0.87415669 0.04400546
0.59118177 0.20991153 0.83771098 0.06879681
0.56094630 0.42797726 0.29433888 0.05534446
0.55259925 0.14185226 0.58387642 0.08391291
0.52134652 0.80763042 0.38590535 0.04757863
0.81259693 0.65612147 0.22164911 0.07449420
0.10222788 0.10398654 0.28686454 0.02825245
0.52776444 0.53791428 0.74772355 0.08118176
0.31762355 0.57058850 0.88730377 0.03482292
0.13099210 0.72996041 0.29515766 0.06234490
0.22099372 0.16231949 0.20940893 0.06204313
0.17174925 0.27056717 0.67789175 0.02980677
0.12624011 0.17176263 0.85768606 0.06226217
0.27270514 0.31021505 0.68621302 0.06279033
0.56614994 0.88309491 0.78263507 0.03931206
0.10470503 0.14692736 0.48860887 0.03687786
0.55198889 0.36090182 0.87093564 0.06519876
0.32303769 0.17384051 0.40204814 0.06916167
0.28036842 0.69091533 0.17168440 0.06667220
0.74562556 0.25247940 0.61228474 0.04339985
0.70169443 0.80238995 0.82032318 0.07330916
0.53997350 0.79599636 0.60053760 0.08686110
0.19400288 0.20116347 0.50444405 0.03795921
0.87572067 0.77431937 0.09294243 0.02835606
0.36242336 0.19793384 0.75299895 0.03810036
0.84975427 0.56497863 0.80102460 0.04871841
0.34237840 0.49246168 0.57233852 0.07731203
0.81358992 0.12496754 0.85720621 0.06978134
0.59754767 0.33584166 0.56603378 0.06320682
0.76490981 0.68848128 0.64626232 0.07425137
0.37106190 0.62339001 0.46398335 0.08146220
0.42926829 0.42189438 0.35544249 0.05107247
0.44005984 0.37212122 0.74239406 0.03950990
0.67790031 0.51421728 0.70675007 0.06306678
0.47345736 0.37935884 0.16940992 0.06283805
0.16733100 0.88153850 0.24797808 0.05080922
0.47265106 0.37283271 0.27430680 0.03714120
0.35668537 0.81677591 0.81169539 0.06432825
0.59140451 0.29049592 0.18703022 0.05319847
0.51550629 0.73141932 0.11198781 0.04098910
0.79736052 0.77484630 0.53043900 0.04743483
0.62520091 0.66846303 0.59117670 0.03322083
0.15815497 0.69787164 0.66961898 0.07737576
0.46008261 0.70716687 0.85964590 0.07718509
0.21371765 0.82133139 0.53307118 0.04591565
0.21874329 0.38849900 0.13458160 0.06016483
0.50695165 0.25955303 0.74895435 0.03058655
0.12106420 0.57467394 0.77542012 0.04573188
0.69721834 0.50855055 0.53211089 0.05100402
0.84834373 0.28272422 0.31827565 0.05629509
0.15303320 0.10363717 0.14344102 0.03603565
0.12844190 0.52895631 0.12287213 0.06596635
0.21839313 0.24297925 0.60053946 0.03617017
0.75797167 0.20815927 0.30519141 0.03452579
0.35689834 0.81585505 0.39699000 0.06062016
0.78656098 0.54644651 0.65152509 0.04753736
0.30164268 0.39880129 0.83838923 0.05386791
0.74578342 0.80003905 0.30500467 0.08602271
0.27347711 0.34575137 0.22986042 0.03251138
0.40246686 0.87085830 0.24049643 0.05545919
0.48228442 0.13383954 0.38920751 0.06913016
0.39870261 0.11040248 0.17974535 0.03597866
0.83943696 0.67177308 0.54365235 0.04008042
0.25585902 0.44336301 0.42123142 0.03706952
0.83612858 0.39192491 0.52535241 0.03204653
0.70345819 0.67053352 0.88342635 0.05240289
0.10068690 0.84875806 0.78762810 0.04451936
0.65512188 0.10843121 0.71622427 0.05231755
0.80658755 0.53434749 0.32891926 0.04603209
0.60116343 0.80139573 0.45795288 0.04683024
0.77119395 0.80354697 0.44927559 0.02756316
0.87936423 0.33182866 0.17611915 0.03894176
0.10020784 0.67741382 0.55286312 0.03609187
0.23838442 0.42682329 0.29332283 0.04727466
0.73635798 0.44561252 0.38468140 0.04287808
0.21273240 0.51141986 0.80718327 0.03770626
0.46944537 0.44174239 0.49759223 0.03858907
0.37060389 0.30453859 0.78235149 0.03717518
0.90922517 0.12740817 0.24947001 0.03107862
0.25320991 0.69504537 0.37353824 0.05085058
0.38695421 0.29529614 0.44976459 0.06758662
0.13772694 0.55464721 0.25303603 0.05955250
