0.69500249 0.05756648 0.32505059 0.03167342
0.13489993 0.21901579 0.36168475 0.02653836
0.53438613 0.42841778 0.66407825 0.03128858
0.83779087 0.07779214 0.65228699 0.02763459
0.55194393 0.18172141 0.23280216 0.03167879
0.90744540 0.33765599 0.66734443 0.03896415
0.84219388 0.14015982 0.10027884 0.04040139
0.83832319 0.14064187 0.42941518 0.02697678
0.52865490 0.66578235 0.34060501 0.04194990
0.79265467 0.07870779 0.71876954 0.03679352
0.71411642 0.31056788 0.74958915 0.04253836
0.45324529 0.86662941 0.31481166 0.02571129
0.17068708 0.07218677 0.65918216 0.02921773
0.29061685 0.49247424 0.10112167 0.02777093
0.18949186 0.57849516 0.67557773 0.03465823
0.42288015 0.67444043 0.42299078 0.02569435
0.53228404 0.64731147 0.51339077 0.02469912
0.57482861 0.84874924 0.18658944 0.04169730
0.77538807 0.40832994 0.20019495 0.02639625
0.36828915 0.71699913 0.69553030 0.04137266
0.60721239 0.71754394 0.36900880 0.04053282
0.85265497 0.43594372 0.91407896 0.02887863
0.60654113 0.16272110 0.89351501 0.03635539
0.56927983 0.41881237 0.26758749 0.03229833
0.56381571 0.06942313 0.60146224 0.04091421
0.52404355 0.84294417 0.37317138 0.02995625
0.60682062 0.08073748 0.87186046 0.04101217
0.93486013 0.21349386 0.18271075 0.03687704
0.67024533 0.12459540 0.72097245 0.04146931
0.86885583 0.68443881 0.17238343 0.03807365
0.07333491 0.07522199 0.27145338 0.02412772
0.53369816 0.54583967 0.79681934 0.04009053
0.30204348 0.57688112 0.92098129 0.02610929
0.07666937 0.76439452 0.26516146 0.03440957
0.40245269 0.81623624 0.71496512 0.03908500
0.18020895 0.11288294 0.16691593 0.03431856
0.14691067 0.25325437 0.69160003 0.02459649
0.07128737 0.12354645 0.91097492 0.03438462
0.23913987 0.28224851 0.71436803 0.03454391
0.57271052 0.92005711 0.80996108 0.02746316
0.06902678 0.11508147 0.48777607 0.02672904
0.56043063 0.33969972 0.92885643 0.03527026
0.39467628 0.54476980 0.71558307 0.03476516
0.29424681 0.12043635 0.38629173 0.03646542
0.24588492 0.72161228 0.11994569 0.03571463
0.77158911 0.22679684 0.62428380 0.02869599
0.87420340 0.29149367 0.11766529 0.03371874
0.73752478 0.85589342 0.87697411 0.03771625
0.54896553 0.85920987 0.62235612 0.04180335
0.48758603 0.59243178 0.54390549 0.03116015
0.16573796 0.17356483 0.50506502 0.02705516
0.90338558 0.79455901 0.06328715 0.02415897
0.34978932 0.16994525 0.77682384 0.02709773
0.89076484 0.57281916 0.83635924 0.03030000
0.85204678 0.46515962 0.54024804 0.03979995
0.31353107 0.49151855 0.58624647 0.03892347
0.58419940 0.44026179 0.77684193 0.02404513
0.84929131 0.56921769 0.21907442 0.02973965
0.59753688 0.11162331 0.43051881 0.03872066
0.86621911 0.06292033 0.91709883 0.03665231
0.61256969 0.31153710 0.57632021 0.03466952
0.81248519 0.72245696 0.67272556 0.03800041
0.34615076 0.64818336 0.45737621 0.04017511
0.42094054 0.41266859 0.33812372 0.03100995
0.43882067 0.91556647 0.65594716 0.03556647
0.43450162 0.36001761 0.76596355 0.02752283
0.85014574 0.64108403 0.30076216 0.04046997
0.81638542 0.52470713 0.76937141 0.02854497
0.70493556 0.51671149 0.73811077 0.03462728
0.46985365 0.36169909 0.12038888 0.03455830
0.12729969 0.92806196 0.21772039 0.03093056
0.82610062 0.66386124 0.56043864 0.03917532
0.47035621 0.36142238 0.25389903 0.02680846
0.33512896 0.86561376 0.85975591 0.03500773
0.24527298 0.28004990 0.80698637 0.03759313
0.60327973 0.26426385 0.14769517 0.03165113
0.47985618 0.19392735 0.60733807 0.03355128
0.51727467 0.75467340 0.07360172 0.02796893
0.83140813 0.80633605 0.53416133 0.02991289
0.89023283 0.78317704 0.80721572 0.04021556
0.63579056 0.68264967 0.59893743 0.02562612
0.09499901 0.73515296 0.70164269 0.03894269
0.28350083 0.61790835 0.36212952 0.02868427
0.45313185 0.74607268 0.92685042 0.03888518
0.18241162 0.85701114 0.53697196 0.02945472
0.61793691 0.92641801 0.53977506 0.04227007
0.17888190 0.37290393 0.08268942 0.03375209
0.71986128 0.07967715 0.38054738 0.02679751
0.66719110 0.66568510 0.22982264 0.04013458
0.57212261 0.93298965 0.23822340 0.03214618
0.28793847 0.72306956 0.46163648 0.02845693
0.50765691 0.24102480 0.76847361 0.02483166
0.07969622 0.58312979 0.80592564 0.02939930
0.72149238 0.50987661 0.53630263 0.03098931
0.89527553 0.25396920 0.29427785 0.03258503
0.43588978 0.14884447 0.62015912 0.02529801
0.43814518 0.78135934 0.60984504 0.03982118
0.12235011 0.06855794 0.11190424 0.02647504
0.15840667 0.08281989 0.72515754 0.03246309
0.71877098 0.45783386 0.45578020 0.03125216
0.47705348 0.76759973 0.41384270 0.03283338
0.09906016 0.73719571 0.17577737 0.04093904
0.07048105 0.53388468 0.06403672 0.03550176
0.19344833 0.22022949 0.60971260 0.02651561
0.92431648 0.68283864 0.70074639 0.04096038
0.41416701 0.28339682 0.21722464 0.04102657
0.78030530 0.18329297 0.28865506 0.02601968
0.33532286 0.91941806 0.29711359 0.03931269
0.33663325 0.86169645 0.38249956 0.03388941
0.51087195 0.88816177 0.08516001 0.03198825
0.84151207 0.08713735 0.51925934 0.03737069
0.81944767 0.55199870 0.66903937 0.02994381
0.61338334 0.31451408 0.06642417 0.03235422
0.33428815 0.51517559 0.86595739 0.03470836
0.27652094 0.38613342 0.88206809 0.03185302
0.79778393 0.86340362 0.26468233 0.04155050
0.25515003 0.33332782 0.20797063 0.02541216
0.42415772 0.77765102 0.22364960 0.03528479
0.25617807 0.64754358 0.49752758 0.02483232
0.21339696 0.56230751 0.93768787 0.03361130
0.08941721 0.14311453 0.11834700 0.03506655
0.38991958 0.92007514 0.20659103 0.03233293
0.73094380 0.77995422 0.61450347 0.04223296
0.47976591 0.07386512 0.37134132 0.03645592
0.06178050 0.73140455 0.33868665 0.02636559
0.25857032 0.36080974 0.52062167 0.04245329
0.46848726 0.17287922 0.33651817 0.03809294
0.65327597 0.73818081 0.17408130 0.03333586
0.66347958 0.45558483 0.86298979 0.03652693
0.06648390 0.48635598 0.81483952 0.03599286
0.23529925 0.71466902 0.31737982 0.04001074
0.25697009 0.25061565 0.23738768 0.03789499
0.38989534 0.07597153 0.15147748 0.02645785
0.79783644 0.44245779 0.87664378 0.02953584
0.48080350 0.17337798 0.91597246 0.03716498
0.23380303 0.43840169 0.41425237 0.02678684
0.70537723 0.22124116 0.62887244 0.02653828
0.58512760 0.32074966 0.70299239 0.03587616
0.43564836 0.74394413 0.11628715 0.04171086
0.23263338 0.40886240 0.32631468 0.03962016
0.86343652 0.38337346 0.52757221 0.02527197
0.17554160 0.24107291 0.12617027 0.03313821
0.28979903 0.37399567 0.15449824 0.03340051
0.71144845 0.19167693 0.54499506 0.03378018
0.73142974 0.69903546 0.21119863 0.02786573
0.08329017 0.81259166 0.55111313 0.04012736
0.72914811 0.69211386 0.93157950 0.03141119
0.05813765 0.88638207 0.81870060 0.02903362
0.51456804 0.68065702 0.74488092 0.03759817
0.27414389 0.17143380 0.25765487 0.04078192
0.84072141 0.53839852 0.31027024 0.02948984
0.65534811 0.25271853 0.47091929 0.03031828
0.61278127 0.83549323 0.45349278 0.02973055
0.46252754 0.63603792 0.17942263 0.03865469
0.86201512 0.59329068 0.73594822 0.03197665
0.49828573 0.80231916 0.11895508 0.03333931
0.60747109 0.79213305 0.07467916 0.04177789
0.13566155 0.34653731 0.88493034 0.04254746
0.79076822 0.82543880 0.44578971 0.02391984
0.76980267 0.48026727 0.17406727 0.02860916
0.66236807 0.40972081 0.50508174 0.03170298
0.06477664 0.69342071 0.55777059 0.02649199
0.50616211 0.75399043 0.67038606 0.03884699
0.92079175 0.34089943 0.92722783 0.03148152
0.76107961 0.44021496 0.37297180 0.02853863
0.22645289 0.57397235 0.84512824 0.04062934
0.87290468 0.30464204 0.59619982 0.03222623
0.18440511 0.69249106 0.67698386 0.03024710
0.28434593 0.66821807 0.26152292 0.03683145
0.38668023 0.37198043 0.10862517 0.03181833
0.68175651 0.59958433 0.63002726 0.03575129
0.18636240 0.51268232 0.83580768 0.02697887
0.46677269 0.43645502 0.49757613 0.02724512
0.35898096 0.28687781 0.80835908 0.02681870
0.32101636 0.81701903 0.65125763 0.03343265
0.17104247 0.47421620 0.92654852 0.03578601
0.62540858 0.19895925 0.62025794 0.04176768
0.47244850 0.43672479 0.58728591 0.03449758
0.71802484 0.56890131 0.86873079 0.03989943
0.94161776 0.09823557 0.22990934 0.02498006
0.15270569 0.60942930 0.10004290 0.03178230
0.10922326 0.68117828 0.64996413 0.02915785
0.48946976 0.52234103 0.08962884 0.03886072
0.36914229 0.26272412 0.44206731 0.03599041
0.47322054 0.92502143 0.37978263 0.03101688
0.39124408 0.93546805 0.11151792 0.03432173
0.08680894 0.56271912 0.21843307 0.03356742
0.92164341 0.82869080 0.45777308 0.03573822
0.38305554 0.17963080 0.70316962 0.02661490
0.45487367 0.84073309 0.52438000 0.03281325
0.12666668 0.40972819 0.76599473 0.02647853
0.73935177 0.31255855 0.24694438 0.02739184
0.40872612 0.39289469 0.64351584 0.02406760
0.41473467 0.34323242 0.55072658 0.03613400
0.78853383 0.67219839 0.86079706 0.04262575
0.11340104 0.47661177 0.36428611 0.02450485
0.54226194 0.25132794 0.65231873 0.02998887
0.13641504 0.83159952 0.26429996 0.02646307
0.56340616 0.52286771 0.12423944 0.03108408
0.89125427 0.77102674 0.31249883 0.04035839
0.67444408 0.65329237 0.43743385 0.02445514
0.53137806 0.09903066 0.18175612 0.03833799
0.35311977 0.09986674 0.59395116 0.02742491
0.07179751 0.82965305 0.63802389 0.03237712
0.42958256 0.82702611 0.12394469 0.02495353
0.16939771 0.74092655 0.80143643 0.03273913
0.48780174 0.26556732 0.90705732 0.02457253
0.59850140 0.90935253 0.36587520 0.04168396
0.70396721 0.28358097 0.58820424 0.03524361
0.11226478 0.17869833 0.79778508 0.03922776
0.52744654 0.27919360 0.32023720 0.03549857
0.43205919 0.12222105 0.84431364 0.04033104
0.80866385 0.59145524 0.91489650 0.02682511
0.58490058 0.58788392 0.60272785 0.03031791
0.72503704 0.90294372 0.53117673 0.02487437
0.82987481 0.34438827 0.17224473 0.03937898
0.23019160 0.75944444 0.06093215 0.02443530
0.07426526 0.94251150 0.57296543 0.02951357
0.88171590 0.50633547 0.45968127 0.02932415
0.29281499 0.32896234 0.38725947 0.03491956
0.57539851 0.67465387 0.11826628 0.02839451
0.71852368 0.76436846 0.71728867 0.04220058
0.68057917 0.66054436 0.67424661 0.03227601
0.26941768 0.21997234 0.40568120 0.04092796
0.78040426 0.60090483 0.73109645 0.02984073
0.14564311 0.15943882 0.38800899 0.03187564
0.13669351 0.26628979 0.46612598 0.03308109
0.57096453 0.23792114 0.52587455 0.03623424
0.66265518 0.85469386 0.12302151 0.03001705
0.23192944 0.80328165 0.64490728 0.04044317
0.43684945 0.35411510 0.93960546 0.02750882
0.93678045 0.51667001 0.20947521 0.03097449
0.93455377 0.88059256 0.18950713 0.03161448
0.46596224 0.55399644 0.74838297 0.03125276
0.42940741 0.29000370 0.86246917 0.03300668
0.18354134 0.23533024 0.85369710 0.02807436
0.60991820 0.62339245 0.34621749 0.02836494
0.84198387 0.46401376 0.73713813 0.02503230
0.58146469 0.43652633 0.39490174 0.02857388
0.50278275 0.26457457 0.21557030 0.03663916
0.80780542 0.93148711 0.86992767 0.02726468
0.57937944 0.75350176 0.14721853 0.03294081
0.38201226 0.59183134 0.90392793 0.03395314
0.66740864 0.41494824 0.17760691 0.03123380
0.35366649 0.25075224 0.87628272 0.03231222
0.58641403 0.71568988 0.53670164 0.03685315
0.87632079 0.81693669 0.20933529 0.03706013
0.40029449 0.53408352 0.35573005 0.02574412
0.66386883 0.55379782 0.37583616 0.03664117
0.88232885 0.58501307 0.92080766 0.03539913
0.06412182 0.30368535 0.53069157 0.03359735
0.87795243 0.12745997 0.30447995 0.03609208
0.11673211 0.06396581 0.92396095 0.02509030
0.80675026 0.66621523 0.48883105 0.02555057
0.34738509 0.33280268 0.87257757 0.03888461
0.21709374 0.52410885 0.42557074 0.02544097
0.87694097 0.21970148 0.81330375 0.03896253
0.33120948 0.09964575 0.31425223 0.02386015
0.90261370 0.47954520 0.30319867 0.03051431
0.14778755 0.25760611 0.91665968 0.03218230
0.86267480 0.84767995 0.87612466 0.02915786
0.19805201 0.45058839 0.13044617 0.03030720
0.22902908 0.67094528 0.56604422 0.02689105
0.27852200 0.61240854 0.09621384 0.04034314
0.82007756 0.92661549 0.06809685 0.03355777
0.25382183 0.09664591 0.06333622 0.02855399
0.09901553 0.30443678 0.62348828 0.03306371
0.17350586 0.88905930 0.77134418 0.02920383
0.22792454 0.87458283 0.87682904 0.04157254
0.29936398 0.54578791 0.21982294 0.02913735
0.22179164 0.89552177 0.49454043 0.03214992
0.61853253 0.64500912 0.44073800 0.02647061
0.49345761 0.46865540 0.77576555 0.02487779
0.40323019 0.26841145 0.66617992 0.02862656
0.61467086 0.19801408 0.07151281 0.03264294
0.22940167 0.13329556 0.82925175 0.02930396
0.66494939 0.15916647 0.06066762 0.02542558
0.77085004 0.77546436 0.83173315 0.02426602
0.50539285 0.66886620 0.66088217 0.03434868
0.21375281 0.91834204 0.71540714 0.02910506
0.57239642 0.90572681 0.12637056 0.02868604
0.60699009 0.25257893 0.73815080 0.02533715
0.64610974 0.15519667 0.13450874 0.03454490
0.69875895 0.41904639 0.71056500 0.04201988
0.33481362 0.59425787 0.58442300 0.02922175
0.28721710 0.73080891 0.88239760 0.04044456
0.47844979 0.64153609 0.80942769 0.02376963
0.81846187 0.37872160 0.85075403 0.02724105
0.12675447 0.93338165 0.59857726 0.02427652
0.54311643 0.66189305 0.26566920 0.02965925
0.58259685 0.26476704 0.43589700 0.03610756
0.35160508 0.60956843 0.28872504 0.03731463
0.59817560 0.25312822 0.87992251 0.04165748
0.61740054 0.68797143 0.71619652 0.02831181
0.73023432 0.85704621 0.57746390 0.03116503
0.74946558 0.08713400 0.26833606 0.02615219
0.90354506 0.33023817 0.76896197 0.02457558
0.70265923 0.55900150 0.49318133 0.02437023
0.34566874 0.27671672 0.24980708 0.02867514
0.50208405 0.13730613 0.74102215 0.03894356
0.24699126 0.60563326 0.21465573 0.03117746
0.10805338 0.86676181 0.87269556 0.03748877
0.61341198 0.32338607 0.78291010 0.03128279
0.08833378 0.09509014 0.18590087 0.02507593
0.90343618 0.15519839 0.63071920 0.03126166
0.39389935 0.42694224 0.48437321 0.03627168
0.80352030 0.76755253 0.17961922 0.04023492
0.85286356 0.73844988 0.43019311 0.03393405
0.84822096 0.07517426 0.39541754 0.03911559
0.38099351 0.57481025 0.52977492 0.03252419
0.63886511 0.91045701 0.05740510 0.02852286
0.15859887 0.53823250 0.61081514 0.03749386
0.15627207 0.54811870 0.14707880 0.03838251
0.28294778 0.63133397 0.68964351 0.03478870
0.63875989 0.77597913 0.77088617 0.03370953
0.45710826 0.41925595 0.82871958 0.03552396
0.18280562 0.88031084 0.08980833 0.02446409
0.26038101 0.47088363 0.84148973 0.04237632
0.24347645 0.15535416 0.74088041 0.02402681
0.94764970 0.40085513 0.86393251 0.02529312
0.51117367 0.56526393 0.44728327 0.03253100
0.76596137 0.75992507 0.29989547 0.04096895
0.43643493 0.81191029 0.45570011 0.02791392
0.31045095 0.16736927 0.64819260 0.03386145
0.82116374 0.17841706 0.76122514 0.03669584
0.62736799 0.24354493 0.29264839 0.03945861
0.53699268 0.48003232 0.47120161 0.03170144
0.90792104 0.59366012 0.59137752 0.03459917
0.63909753 0.20902022 0.35762950 0.02622460
0.52060249 0.89713079 0.82744555 0.02662042
0.12925035 0.82460174 0.45355656 0.02858041
0.70817094 0.76074148 0.45383703 0.03442394
0.79393343 0.08064617 0.89943794 0.02724842
0.14892571 0.30866229 0.73918818 0.02943313
0.76407237 0.51500365 0.26522478 0.03592487
0.32814155 0.08746569 0.85366231 0.03568128
0.20592585 0.34039033 0.27396220 0.02512780
0.18289485 0.81621236 0.14426531 0.02450498
0.08293836 0.65741620 0.26051781 0.02799926
0.18070828 0.39131236 0.43311181 0.03160824
0.43216837 0.29567990 0.32170942 0.02635691
0.68161138 0.25674861 0.80637961 0.03020128
0.59096171 0.69410505 0.81619490 0.03172902
0.26991633 0.87241318 0.74598501 0.03669112
0.32654815 0.83898823 0.16745664 0.02959025
0.30513427 0.78683663 0.38123594 0.03578576
0.20020543 0.63197587 0.72440862 0.03129278
0.45669265 0.85655931 0.83121563 0.02907366
0.57942599 0.77731833 0.85618666 0.03718656
0.64112002 0.49668059 0.60624286 0.03321159
0.43703095 0.06505913 0.23159404 0.03481636
0.10893615 0.39101627 0.67524147 0.02726582
0.22706971 0.45868136 0.60870810 0.02570355
0.15965180 0.60868364 0.40176766 0.03800236
0.74206546 0.40576052 0.93091998 0.03394492
0.48133823 0.71981990 0.56405619 0.03353908
0.49045803 0.22420528 0.40558779 0.03063684
0.46627070 0.29699389 0.52404816 0.02431927
0.44792858 0.64239856 0.27212815 0.03767263
0.72473071 0.87130504 0.44814572 0.03211837
0.11778660 0.40379858 0.47114542 0.03378134
0.16256871 0.70026846 0.53939835 0.04075762
0.08729616 0.18995443 0.31040468 0.03527417
0.65243194 0.83364786 0.54232421 0.02384257
0.60185690 0.32588881 0.38270332 0.03407012
0.77177621 0.23772773 0.34840769 0.03467385
0.33297062 0.71946736 0.31154815 0.04089819
0.31615749 0.42344744 0.24696525 0.03075296
0.32792539 0.51899199 0.68616616 0.03568244
0.06642780 0.29388820 0.76393152 0.02955096
0.79597034 0.53496209 0.53778606 0.02534640
0.09321379 0.82851258 0.09551694 0.03942833
0.63625711 0.53782160 0.84084568 0.03049315
0.39125972 0.64491799 0.13357711 0.03132071
0.18689459 0.67450335 0.85968880 0.03104817
0.73689077 0.31110235 0.90643774 0.02979407
0.36785313 0.45455706 0.80418869 0.04095217
0.07985107 0.61140656 0.14477998 0.03282176
0.93677937 0.60047108 0.39045867 0.02415051
0.40082411 0.45728952 0.88802322 0.02425404
0.75258280 0.14433883 0.59348210 0.03335950
0.07863591 0.30861935 0.35284245 0.02403670
0.23821539 0.72016826 0.41337296 0.02594058
0.84190679 0.18006482 0.90978224 0.03295493
0.13963560 0.25101088 0.77581991 0.02455996
0.63540601 0.21224440 0.20553008 0.03241158
0.69046046 0.13040808 0.82850403 0.02567699
0.54606224 0.58615168 0.18142525 0.02504447
0.69354426 0.92122761 0.88446938 0.02680452
0.82461138 0.22056643 0.10197150 0.02733062
0.14829122 0.40242079 0.31208412 0.02895444
0.36626566 0.87740568 0.75553663 0.03350271
0.17848977 0.56514410 0.25249510 0.04010922
0.30269476 0.14225281 0.16232822 0.03138978
0.90072262 0.23990534 0.71981454 0.02979095
0.72604110 0.70211551 0.36961348 0.03252960
0.22819954 0.80634750 0.50298094 0.03289823
0.36532164 0.30760570 0.13128555 0.02901861
0.70464189 0.22014085 0.42455662 0.03766485
0.17093363 0.75060262 0.60537362 0.03503874
0.79762718 0.78471650 0.07568759 0.03972725
0.94534498 0.16117154 0.49117062 0.02882377
0.83839866 0.21533098 0.62427778 0.02744151
0.23107285 0.85009267 0.39858158 0.03993714
0.34817498 0.17360951 0.39769074 0.03384175
0.08287709 0.29898763 0.21477385 0.02783455
0.88805255 0.48144887 0.62633105 0.03042024
0.25666641 0.69316615 0.72124522 0.02714935
0.83120077 0.28229260 0.35909904 0.03521041
0.78559598 0.50297589 0.09753447 0.02442188
0.41724881 0.87202322 0.41513751 0.04066580
0.27119895 0.36548604 0.72523421 0.02520981
0.07335658 0.68467203 0.92991852 0.02570994
0.73050512 0.65276747 0.75730317 0.03866814
0.28827140 0.67580968 0.83019915 0.02451034
0.87396314 0.73700461 0.50915101 0.02636932
0.14463486 0.33977325 0.16477378 0.03236793
0.32967313 0.39992618 0.31958168 0.02869757
0.84191412 0.26566949 0.73078737 0.02736640
0.06355089 0.56716581 0.32890029 0.02917988
0.88852259 0.84864028 0.58597657 0.02409889
0.20730350 0.22385433 0.46745870 0.02945326
0.51020713 0.93820444 0.17350616 0.03343761
0.27096146 0.08441200 0.70694199 0.03613754
0.39048815 0.60006882 0.63965434 0.02995904
0.79127970 0.39297543 0.61770172 0.02760508
0.55595398 0.37814568 0.60275101 0.04211182
0.78488638 0.13362085 0.15533687 0.03390360
0.42312017 0.25348330 0.05108264 0.02446778
0.89537563 0.40480091 0.32534024 0.03677861
0.43833275 0.23895540 0.62743372 0.02386800
0.52960056 0.91050228 0.72956114 0.03114554
0.13197214 0.53201212 0.35437571 0.02993527
0.74416396 0.39636437 0.56422240 0.02416202
0.55752109 0.33097443 0.83021700 0.03589001
0.73940867 0.56353976 0.19049657 0.04253762
0.24807441 0.28040709 0.15965105 0.03535202
0.49773067 0.49093574 0.94073264 0.02959418
0.44601014 0.20395939 0.52597405 0.02781879
0.64672424 0.64416023 0.07748154 0.04183973
0.12025335 0.15725355 0.67527967 0.03968995
0.78205236 0.06457834 0.20278701 0.02863708
0.25915366 0.15819012 0.91932773 0.03638688
0.42740257 0.31859581 0.06764727 0.02710042
0.26112051 0.90535636 0.55743199 0.02980429
0.75979801 0.51548568 0.42359877 0.03207090
0.23197921 0.90144008 0.63178773 0.04245702
0.08579441 0.92769340 0.34124197 0.03683255
0.77782544 0.92610782 0.71392029 0.02420417
0.42824671 0.62989278 0.59348486 0.02951598
0.72735048 0.65602703 0.11805490 0.02817423
0.74197281 0.26517344 0.09513399 0.04254603
0.86518820 0.49600354 0.83080059 0.03044095
0.06938106 0.42593671 0.08072601 0.03514457
0.48366304 0.56708960 0.26763839 0.02971570
0.40757519 0.50578948 0.23258255 0.03435744
0.72784541 0.34779084 0.62908500 0.02672828
0.61809248 0.62224079 0.67189388 0.02763997
0.36647744 0.53329727 0.06515332 0.03338168
0.07943329 0.46625100 0.91276703 0.02632173
0.11005246 0.84105533 0.78848483 0.02552867
0.47202183 0.43696346 0.41399129 0.03932942
0.22720723 0.73715992 0.92729740 0.02798441
0.27383436 0.76328410 0.69740061 0.02405229
0.54894927 0.57631956 0.69741535 0.02842362
0.72178521 0.14495845 0.37671229 0.03221972
0.05517134 0.26431289 0.65465817 0.02875169
0.31245034 0.30109248 0.06591932 0.03822025
0.92947801 0.67113894 0.29312469 0.02842290
0.14964871 0.77368647 0.30760106 0.04062162
0.31347447 0.93735028 0.77602748 0.03529015
0.61764505 0.47475342 0.69295598 0.03099258
0.21515401 0.17106195 0.66461472 0.02606984
0.73286878 0.68951010 0.55145411 0.02723359
0.11529259 0.78455610 0.91874620 0.04151587
0.63952646 0.90390744 0.72953656 0.02540807
0.06998697 0.35193498 0.94199141 0.02597094
0.24123380 0.92575579 0.11495095 0.03073528
0.84130146 0.57912970 0.46179123 0.02447936
0.44674470 0.05391879 0.60168843 0.02400708
0.69022746 0.19566768 0.79380272 0.02723382
0.82980208 0.17365575 0.49908083 0.03306513
0.31616595 0.23604428 0.76630520 0.03080456
0.69753596 0.56532657 0.12934909 0.02583237
0.29262108 0.06513200 0.26613206 0.03881487
0.62308748 0.12442050 0.27520765 0.03680180
0.73505214 0.88417377 0.34383123 0.02618111
0.33367946 0.11507018 0.45991071 0.04009167
0.51695707 0.53393229 0.31624886 0.02768509
0.07682996 0.42921055 0.34320044 0.02959162
0.89900003 0.82797150 0.72172695 0.03633131
0.17687780 0.25085386 0.23712642 0.02798065
0.64334654 0.52410522 0.10994670 0.03454133
0.91495247 0.67345148 0.38443739 0.03065009
0.74873752 0.39609055 0.80782933 0.03731007
0.08481948 0.58446554 0.55642226 0.03177232
0.84236479 0.84134604 0.79923318 0.02933305
0.11142391 0.37900374 0.36980098 0.03123368
0.83723477 0.90174234 0.35094628 0.04019687
0.72120197 0.18269441 0.14890048 0.02781794
0.42431386 0.70037105 0.85162768 0.02902493
0.53060385 0.62989929 0.84783310 0.03405835
0.79221212 0.68845486 0.41140175 0.02661463
0.55892351 0.62612794 0.74038743 0.02551349
0.26414901 0.71987624 0.20693768 0.03556931
0.29681996 0.84711110 0.27192283 0.02549030
0.12095110 0.57085580 0.70750751 0.02994227
0.19021001 0.74321851 0.44998991 0.02524236
0.64736667 0.82175904 0.23453307 0.03691879
0.55871206 0.42572494 0.11589425 0.03888733
0.55180525 0.39451367 0.46075614 0.03082726
0.09550098 0.14063517 0.23322023 0.02855864
0.34885218 0.44158794 0.70474952 0.03733081
0.18066987 0.38833862 0.25659905 0.02624185
0.26686253 0.31944140 0.31170655 0.03521814
0.37741903 0.44631158 0.09192144 0.03004047
0.50963288 0.06588291 0.45132145 0.02781793
0.22890209 0.13870501 0.51386073 0.04002875
0.20825332 0.56796200 0.47908368 0.02452287
0.09400699 0.46762432 0.63812360 0.02675580
0.80365648 0.20182508 0.84761169 0.02760814
0.70052997 0.77974839 0.07126553 0.03923686
0.35864991 0.70888270 0.92790639 0.02707166
0.46439136 0.76296381 0.30489052 0.03110281
0.74630177 0.60301902 0.06108034 0.02863663
0.49043780 0.33089051 0.64244496 0.04248790
0.70771352 0.90669000 0.07733228 0.03262724
0.88156846 0.92212100 0.88042641 0.03956710
0.84598147 0.18886791 0.37498386 0.02620578
0.38580464 0.57475171 0.17146297 0.02524182
0.16200684 0.29930420 0.09517078 0.02550619
0.42451767 0.57892724 0.41707122 0.03474395
0.75906806 0.23294351 0.20593096 0.03792019
0.43265464 0.14634534 0.70048563 0.02509664
0.33411170 0.79480775 0.80930503 0.03567509
0.38057416 0.07127164 0.54405676 0.03081307
0.08415287 0.93189235 0.64172036 0.02671269
0.53808396 0.10784653 0.53402809 0.02726868
0.72107004 0.35857060 0.47359172 0.03680439
0.38436444 0.53223545 0.60301148 0.03217289
0.62513081 0.14867582 0.54451602 0.04073558
0.21320778 0.87103404 0.22492653 0.03112870
0.73678966 0.87448175 0.77602801 0.03014540
0.88983748 0.31797910 0.44795180 0.03922241
0.36564201 0.67016899 0.87763428 0.02762329
0.50473364 0.37734539 0.77533659 0.02821759
0.89041977 0.21898057 0.48476727 0.03171738
0.15673450 0.70026309 0.92045576 0.03145159
0.07499825 0.45440067 0.23388087 0.03154992
0.41194737 0.12081051 0.47116066 0.03212019
0.54015883 0.84592561 0.70459792 0.03046248
0.60041086 0.63538258 0.16239027 0.02976925
0.53616161 0.33501698 0.16051421 0.02803650
0.51167518 0.05185390 0.68689559 0.02534222
0.91298372 0.64236538 0.49495394 0.03779213
0.88053708 0.57040185 0.10127298 0.03205535
0.80627310 0.78394360 0.36030197 0.02757238
0.27998465 0.42999720 0.64813476 0.02614851
0.36628340 0.94012611 0.59276345 0.02942978
0.93597613 0.49615284 0.39797786 0.03400513
0.33579516 0.52821543 0.47502670 0.03433802
0.85696025 0.32691800 0.88901693 0.03681151
0.82263931 0.74451427 0.74717204 0.02650852
0.08748013 0.21263558 0.92517976 0.02402632
0.31911969 0.06233769 0.93420489 0.02864941
0.60798910 0.57299010 0.54099873 0.02479637
0.80092839 0.37479960 0.08658763 0.02777108
0.27786440 0.80124430 0.09602196 0.03907664
0.33987703 0.80779926 0.52652591 0.03430908
0.90371580 0.73497744 0.91772693 0.03705012
0.66687239 0.53137686 0.22347474 0.02657305
0.89458618 0.55277835 0.66719234 0.02601981
0.09157806 0.32458546 0.27525600 0.03132179
0.46891289 0.93456928 0.90825048 0.03257574
0.25640014 0.64518771 0.42144248 0.02821654
0.24076500 0.55689267 0.33107619 0.03259267
0.66178470 0.75417764 0.53709626 0.03588090
0.35194879 0.56939981 0.82039035 0.03336718
0.53554350 0.76904413 0.30288987 0.03249497
0.76904251 0.08110101 0.50554858 0.02826700
0.80128590 0.12840905 0.81886637 0.02684206
0.07616411 0.85093742 0.29465350 0.03353843
0.62033330 0.06027513 0.15883977 0.03312409
0.50892619 0.74803125 0.22487701 0.03456106
0.64955948 0.20127357 0.73754393 0.02568511
0.56434750 0.49079124 0.35955450 0.02473136
0.07215740 0.34635135 0.47150104 0.02821654
0.67561533 0.33064439 0.55384978 0.02408093
0.22102380 0.28081990 0.56917683 0.03527933
0.65089774 0.79990789 0.91564673 0.02719259
0.52089561 0.81427787 0.53371188 0.02616007
0.65004523 0.93772429 0.20213746 0.03441393
0.46592869 0.58478217 0.64356330 0.03212410
0.46599458 0.50034514 0.86212360 0.04151754
0.24457989 0.33299857 0.90460029 0.02623397
0.15000207 0.93056657 0.66752033 0.03827984
0.07985826 0.24539934 0.09757510 0.02580667
0.89273515 0.46998481 0.07895395 0.02812440
0.71873128 0.90128221 0.16877638 0.02746512
0.65543919 0.75114087 0.28964968 0.03391679
0.64532322 0.49877199 0.46945834 0.04139935
0.89133608 0.40481759 0.70555387 0.02605534
0.41504817 0.14817117 0.18660223 0.04252701
0.07901847 0.40546771 0.81801031 0.03908008
0.27602570 0.75578266 0.53850942 0.03765039
0.48263474 0.38970405 0.91225473 0.02381752
0.71801511 0.58489309 0.28689235 0.03193920
0.48529547 0.82333336 0.76571942 0.02816524
0.94030849 0.07992827 0.40396823 0.02704670
0.66986064 0.11138746 0.61587680 0.03277392
0.36493361 0.16185542 0.30949226 0.02694237
0.46718361 0.63391178 0.40545149 0.02620285
0.57406380 0.52228373 0.64088231 0.03773849
0.46987517 0.15811164 0.08915286 0.04224798
0.38134378 0.25990890 0.59695270 0.03699348
0.65270053 0.70396639 0.92371756 0.03368365
0.49718972 0.46746606 0.29534361 0.02832752
0.59757023 0.60409876 0.80963522 0.04151858
0.06168460 0.67889674 0.75896041 0.03212275
0.53416780 0.12562562 0.30847986 0.02985787
0.51013849 0.63598540 0.60281977 0.02760445
0.21338486 0.49754172 0.06991236 0.02628910
0.93809804 0.09718392 0.77543495 0.03408079
0.08674939 0.11601409 0.83674946 0.02389874
0.93196655 0.31103969 0.15390128 0.03218652
0.58026852 0.77447819 0.94229187 0.02394997
0.41901774 0.70416920 0.58032431 0.02766028
0.16268439 0.73797704 0.07102502 0.02812785
0.17582995 0.68778891 0.11627901 0.02865006
0.09202620 0.17186088 0.47259992 0.02496219
0.69335103 0.47687102 0.26132978 0.02836476
0.69137866 0.10378541 0.06799006 0.03114520
0.37006338 0.88918826 0.62848017 0.02681459
0.41379421 0.85014300 0.91805960 0.03270030
0.54392528 0.58600523 0.30857395 0.02456502
0.82215544 0.60593396 0.62418936 0.03051935
0.59387933 0.14714758 0.69174937 0.03796613
0.27070839 0.55777991 0.63609451 0.03230829
0.41605618 0.36871394 0.17915267 0.03699057
0.15749937 0.44978660 0.70692965 0.02412834
0.24971776 0.07832323 0.79973239 0.02477011
0.88731418 0.20102545 0.08856683 0.02908553
0.77633377 0.51738501 0.88981569 0.03083815
0.48470180 0.39541938 0.34624961 0.02994350
0.07096364 0.82227772 0.17931372 0.02558458
0.89993665 0.08141141 0.59943733 0.03340300
0.78911099 0.66377988 0.15299779 0.03159067
0.19367910 0.16005499 0.25836550 0.02640800
0.87538424 0.89562684 0.65643559 0.03994237
0.72393046 0.40425417 0.30129346 0.02414454
0.27277266 0.94494972 0.42906591 0.02680052
0.37036826 0.37413768 0.68944407 0.02525372
0.91872048 0.10167973 0.66309689 0.02614794
0.82839278 0.16406335 0.20513864 0.02999073
0.46139574 0.57466676 0.34013706 0.02727267
0.71398328 0.82048656 0.36767528 0.03980345
0.40262407 0.50524834 0.53544095 0.03495145
0.19687179 0.80325160 0.92521614 0.02498796
0.19990702 0.42975454 0.80311376 0.03041473
0.24397780 0.36192460 0.63331343 0.02449068
0.16107530 0.64835720 0.25325987 0.03661642
0.41212927 0.05542231 0.41109233 0.02711359
0.41046514 0.26405924 0.79783290 0.02444876
0.50910177 0.44953874 0.18250694 0.03922655
0.40648891 0.21772330 0.89902019 0.02521808
0.93678435 0.48363081 0.79776945 0.03343267
0.15470122 0.09111260 0.83670845 0.03205582
0.62506040 0.50009325 0.77370331 0.02465018
0.12251254 0.42099626 0.58683415 0.02789389
0.83030963 0.37191015 0.67671647 0.03764169
0.89869247 0.20338697 0.56060208 0.02618819
0.54965771 0.19708585 0.79742055 0.02611013
0.70917772 0.58866386 0.70992474 0.03315168
0.50095298 0.24843697 0.14579065 0.02871335
0.48206888 0.27809556 0.45313883 0.03473126
0.13199218 0.07247748 0.32736601 0.02383435
0.42244723 0.93355945 0.52975612 0.03711386
0.50377406 0.14591143 0.42816643 0.02923151
0.13457089 0.33335180 0.79858460 0.02540739
0.60162673 0.46886084 0.90346798 0.03131917
0.22977937 0.91924628 0.28268060 0.03777634
0.64561566 0.16257460 0.46278399 0.02549663
0.75584968 0.25436368 0.48421637 0.03133012
0.58118576 0.55019181 0.34229478 0.02873927
0.61519135 0.37643539 0.45234432 0.02840128
0.49202862 0.26595949 0.58523550 0.03292374
0.63112261 0.31423238 0.18461360 0.02393903
0.79118008 0.22477587 0.94438392 0.02597247
0.36148174 0.17964849 0.50737064 0.03472584
0.90763841 0.73012974 0.22609171 0.02830356
0.64252202 0.61879705 0.49712751 0.02555143
0.24080341 0.23236232 0.07782969 0.03752996
0.76898371 0.57686783 0.80383573 0.03681352
0.28090706 0.21329879 0.70906603 0.03499099
0.50207950 0.55473620 0.92832900 0.02863381
0.92482357 0.89701988 0.28704353 0.03478363
0.38587554 0.08878995 0.76888410 0.04223682
0.25617217 0.44684548 0.73245226 0.04179302
0.31816041 0.32222609 0.63553973 0.03146726
0.48517512 0.84590324 0.91039542 0.02550697
0.73433128 0.24988399 0.67633393 0.02633149
0.09994738 0.22301480 0.55849219 0.03817732
0.74736343 0.58901850 0.55286203 0.03555290
0.36498930 0.69238329 0.22546709 0.03963202
0.56494151 0.69930067 0.44480824 0.03678309
0.13424149 0.67204842 0.78109381 0.02810481
0.76245831 0.44547920 0.68405941 0.02462482
0.65416112 0.66260971 0.78367335 0.03285775
0.52328558 0.71138023 0.50501875 0.02426324
0.44643390 0.20914211 0.74708019 0.03509158
0.94573299 0.53807719 0.06149501 0.02743774
0.05884685 0.93207820 0.09468273 0.02630561
0.46183764 0.10020456 0.31076626 0.02575218
0.21957557 0.14498113 0.11470101 0.02753607
0.67012411 0.30035581 0.87534604 0.03569905
0.62259687 0.87804974 0.92673523 0.03030976
0.81003870 0.25956837 0.56413268 0.02949857
0.55736038 0.83241318 0.77447741 0.02821960
0.20650432 0.06732482 0.45052664 0.04012059
0.17349342 0.77332184 0.69088063 0.03161460
0.67083646 0.31368411 0.49333720 0.02604942
0.80572073 0.73874056 0.52885769 0.03024372
0.50674281 0.21211366 0.46928397 0.02703573
0.55785240 0.09051308 0.92772901 0.02796815
0.64163168 0.36487097 0.71202743 0.02481584
0.76055052 0.87333388 0.10649561 0.02399900
0.15762798 0.45627501 0.85573527 0.02486147
0.89928073 0.43309264 0.78655455 0.02544213
0.30545222 0.19263207 0.33451275 0.03109396
0.56205940 0.52645981 0.89351215 0.02669384
0.31588399 0.05788107 0.36119568 0.02718592
0.08484732 0.09182566 0.39080941 0.03948969
0.31869054 0.68552804 0.07792807 0.03313479
0.40696481 0.70354133 0.77697244 0.02748952
0.56955999 0.79721048 0.57806454 0.03212918
0.89956644 0.89821709 0.43721994 0.03013769
0.37693744 0.24782046 0.08903895 0.03057755
0.69930354 0.07905290 0.55634631 0.02916314
0.40778441 0.83228596 0.26901276 0.03208780
0.92763358 0.57024103 0.77757323 0.02697195
0.73566251 0.80515273 0.20136931 0.02889931
0.30737981 0.80216759 0.91113408 0.02940513
0.36344738 0.61360246 0.71052489 0.02611358
0.11994085 0.58242210 0.93001910 0.04243708
0.54243385 0.17867673 0.56674753 0.03086097
0.54034623 0.16764409 0.12073431 0.02832699
0.54601843 0.49511818 0.57803355 0.02768413
0.91254603 0.76921920 0.56139882 0.03817724
0.62846497 0.87030819 0.65252560 0.02931787
0.22506029 0.61202551 0.52397937 0.02453260
0.40665450 0.27444347 0.94356985 0.02926488
0.23371391 0.49870407 0.27129953 0.03135640
0.74789185 0.14793942 0.92500518 0.04111708
0.79994164 0.48631790 0.48063480 0.02457901
0.25781930 0.30691631 0.65074289 0.02564730
0.73538689 0.14164005 0.46470976 0.03109572
0.33886297 0.17194931 0.08268554 0.02561038
0.92944895 0.55834022 0.30651502 0.02466148
0.17874374 0.93643565 0.82933841 0.03005430
0.26838489 0.50081459 0.47045408 0.02738125
0.09654515 0.81491797 0.73551154 0.02879155
0.68009116 0.26720001 0.37354724 0.02383551
0.66350220 0.33494678 0.24809007 0.03318786
0.71480682 0.74495887 0.15027535 0.02601623
0.92125620 0.38435429 0.09568819 0.03845635
0.82917912 0.91069733 0.57951611 0.03616855
0.54252005 0.32184484 0.49243611 0.04237250
0.07510898 0.71232139 0.43056448 0.03626557
0.81278567 0.45292975 0.26730965 0.03405216
0.53224140 0.44542241 0.83688664 0.02486816
0.60873290 0.08027879 0.06935611 0.02468648
0.38143909 0.39376829 0.73984146 0.02517898
0.15146722 0.27455898 0.53364696 0.02867114
0.12400754 0.50744895 0.49970341 0.04163748
0.78438678 0.37708045 0.34489197 0.03012934
0.82117193 0.65937960 0.22536424 0.03205809
0.89008761 0.50655431 0.91064241 0.03484739
0.27870237 0.45413152 0.16852686 0.03066881
0.33282326 0.70513098 0.77207978 0.03829444
0.12803676 0.47578112 0.11901356 0.02434426
0.07295885 0.68810319 0.07852207 0.02490458
0.87105814 0.28855051 0.52362834 0.02861527
0.47516094 0.86190248 0.21289843 0.03665397
0.36524325 0.42954224 0.60953557 0.02862066
0.23613690 0.50890594 0.55781792 0.03616751
0.13160231 0.90340228 0.50121697 0.03429411
0.29216631 0.46607058 0.35211050 0.03513643
0.92159356 0.36236054 0.21779888 0.02377604
0.83023624 0.75530332 0.88230435 0.02923881
0.81434136 0.06301616 0.83829522 0.03276365
0.77371075 0.40398147 0.27365162 0.02406602
0.68667420 0.66617384 0.29925171 0.02429487
0.91076715 0.14523396 0.06042476 0.02585655
0.19004997 0.30708509 0.19347748 0.02439575
0.80958422 0.82928534 0.64727687 0.02788914
0.13935898 0.88675300 0.40816168 0.03541658
0.51158679 0.32760032 0.38465760 0.03723371
0.38707304 0.07741593 0.91451488 0.03324908
0.22240712 0.62891347 0.62283842 0.03799408
0.44109318 0.33713084 0.42142394 0.03491401
0.45119103 0.34171098 0.70747238 0.02666368
0.21790521 0.12916274 0.59667921 0.02510989
0.71333063 0.06601541 0.67365907 0.03906866
0.16023630 0.30040406 0.65683713 0.02420637
0.07734183 0.28742223 0.85457299 0.03519933
0.93240673 0.83075606 0.36930876 0.04016425
0.05562447 0.24574948 0.36930225 0.02850218
0.17225179 0.38259126 0.36694602 0.02389635
0.06298495 0.54085875 0.87909949 0.03525277
0.18013974 0.09866074 0.27108253 0.02657312
0.46345609 0.61934382 0.05648600 0.03067726
0.37272039 0.15839480 0.83465554 0.02505883
0.67302485 0.37543661 0.91503466 0.02983629
0.70351300 0.94893640 0.58831299 0.02495011
0.83486912 0.80922531 0.92340201 0.02418735
0.05652190 0.80159929 0.85787111 0.03041234
0.09349885 0.90509670 0.71215530 0.03152527
0.73496655 0.62075139 0.39428237 0.02525857
0.45104817 0.73482215 0.49076205 0.03468376
0.91474072 0.67244324 0.80329131 0.02934047
0.76835629 0.60428388 0.46562628 0.03351481
0.75808079 0.78294358 0.94358175 0.02954021
0.36199002 0.82587991 0.08185389 0.03471762
0.47124358 0.73157361 0.76643938 0.02384232
0.20809595 0.15130445 0.32613492 0.02725447
0.51490934 0.08588316 0.05500316 0.02478961
0.07784905 0.88944965 0.15177853 0.03258119
0.26492311 0.54121032 0.07458255 0.02441720
0.15756909 0.50133029 0.77389483 0.03031023
0.58992946 0.64149904 0.92484448 0.03150745
0.79133244 0.63554373 0.09596611 0.02384592
0.70600290 0.36783801 0.07998315 0.02644032
0.06897110 0.44790844 0.71520352 0.02665672
0.79229919 0.77904078 0.47978255 0.02831897
0.70763585 0.46475811 0.11075640 0.02619675
0.43741951 0.48671800 0.67012235 0.02944896
0.78227021 0.08784875 0.35621375 0.03204273
0.89967027 0.26804780 0.91500335 0.02487145
0.52560978 0.69120794 0.94070926 0.02568694
0.84307352 0.52322530 0.16186670 0.03387491
0.70067545 0.77617479 0.83700841 0.03494270
0.12858455 0.54483888 0.82617020 0.03098024
0.37570009 0.06754254 0.35173477 0.02783063
0.63874725 0.89610645 0.28987232 0.02452109
0.92275895 0.83336644 0.92877975 0.04056376
0.20662647 0.29490981 0.47512118 0.02415847
0.69770652 0.89614809 0.67380496 0.03640586
0.57755475 0.49496823 0.20299757 0.02811353
0.61339104 0.77558522 0.41916635 0.02963136
0.71434656 0.12518434 0.13662759 0.02537777
0.25036373 0.91917032 0.35774552 0.02833666
0.38812743 0.75337023 0.39772361 0.02593870
0.65554950 0.42032984 0.43958327 0.02518192
0.51357159 0.14749082 0.48754015 0.02533283
0.86108822 0.30314833 0.82036231 0.02988907
0.35719132 0.73808788 0.13294498 0.02611452
0.75754376 0.92926161 0.40636478 0.02972352
0.94395696 0.80721052 0.66159365 0.02632626
0.93410889 0.33652461 0.32849822 0.03042368
0.56902402 0.32304696 0.22767697 0.04039044
0.88471046 0.39740565 0.60154815 0.04003280
0.41120924 0.46269022 0.73725242 0.02997530
0.66947368 0.40529956 0.61620283 0.03854690
0.08725687 0.74187608 0.50239612 0.03599368
0.06923387 0.39539550 0.61414592 0.03225011
0.24049164 0.06753273 0.20604999 0.02446140
0.42690958 0.17067959 0.40772016 0.03750543
0.14660476 0.18366324 0.88737819 0.03488286
0.92434404 0.92718323 0.59044254 0.03346190
0.35296336 0.85991711 0.68818706 0.02624424
0.91690318 0.40077139 0.47493523 0.02520218
0.19398856 0.35502510 0.78460558 0.03165767
0.89806401 0.89188551 0.51946974 0.03382793
0.61266295 0.36877116 0.83835422 0.02628316
0.88144648 0.70212059 0.60233655 0.03473103
0.08675812 0.37423713 0.16116657 0.02975633
0.89729389 0.20099852 0.41081749 0.03140004
0.30053238 0.76979187 0.25447070 0.03072741
0.81238544 0.90100572 0.47932844 0.02813625
0.71815019 0.18686398 0.69559223 0.02708975
0.53163796 0.88091453 0.49850559 0.02553945
0.67137608 0.24527258 0.68788749 0.02864083
0.18665853 0.38541466 0.71273878 0.03704084
0.51511418 0.29716702 0.71581752 0.03148549
0.50696844 0.49441602 0.66365607 0.02632704
0.93622584 0.20192152 0.94249796 0.03062194
0.34319032 0.38839565 0.56431919 0.02676581
0.74164286 0.60375292 0.92956208 0.02781795
0.74527547 0.26990150 0.81637143 0.02968243
0.07636855 0.62763847 0.44270435 0.03025322
0.82502356 0.64447076 0.78175189 0.04104175
0.68005835 0.94382667 0.42809951 0.02918204
0.76332143 0.63207268 0.31092197 0.02805727
0.91252595 0.16462092 0.73503822 0.03957253
0.92559692 0.67081765 0.86895435 0.02892493
0.10260809 0.54186008 0.41710856 0.02671905
0.70168600 0.23597032 0.91792169 0.03581004
0.26340605 0.77791831 0.76480512 0.03683853
0.81742702 0.30238205 0.27840640 0.02989331
0.77511544 0.47195536 0.82935650 0.02376241
0.64484533 0.81796128 0.81994529 0.02500851
0.11604173 0.72692152 0.85442486 0.03425358
0.47579091 0.56810482 0.83337059 0.02499896
0.60987677 0.49454318 0.53501059 0.02796450
0.84927486 0.39265405 0.12467085 0.02470177
0.66841857 0.41153871 0.78505503 0.02805450
0.55289403 0.11848344 0.80087654 0.03120071
0.79222295 0.71299534 0.93290637 0.02448693
0.53052592 0.59929096 0.37443781 0.02725290
0.44461514 0.64653667 0.34202668 0.02555633
0.27922029 0.94829269 0.87113657 0.02412517
0.30731131 0.29565392 0.19139658 0.02871070
0.17624657 0.22198511 0.29723092 0.02756154
0.68390713 0.07779128 0.21596924 0.03632064
0.92847892 0.18836327 0.33840788 0.04012260
0.10546049 0.27913199 0.14074314 0.02559135
0.15835533 0.44549812 0.20554981 0.02647607
0.27089640 0.25147990 0.93317244 0.03351807
0.86971807 0.57870689 0.40860187 0.02615718
0.07177906 0.84379343 0.23027366 0.02410006
0.13942879 0.12289087 0.57225113 0.02958506
0.18766473 0.49942552 0.38538259 0.02391691
0.34738441 0.46818164 0.14969077 0.02726077
0.15062623 0.16799094 0.07836144 0.03052764
0.22598439 0.06724472 0.36867503 0.02510780
0.39612772 0.81071679 0.84830563 0.03369979
0.88168213 0.74277616 0.66241052 0.02471422
0.74573738 0.51083073 0.66067470 0.03348724
0.91931774 0.75758363 0.16001877 0.03254168
0.30785080 0.69505681 0.64411795 0.03379370
0.06037503 0.07421353 0.07960659 0.03282151
0.54783877 0.88939449 0.42448825 0.02737285
0.63352519 0.39746776 0.10660499 0.03126366
0.36830970 0.11187196 0.67658443 0.04101539
0.38145274 0.63361233 0.37430259 0.02825029
0.07769579 0.40473861 0.89176358 0.02964144
0.46382305 0.51988845 0.61904913 0.03116536
0.20974924 0.39693994 0.87595740 0.02476205
0.46458213 0.79212324 0.06248287 0.02797876
0.20878202 0.09560798 0.94127171 0.02665373
0.41084950 0.18868882 0.59045921 0.02490184
0.27548459 0.38784540 0.43969332 0.03326373
0.41877046 0.52649583 0.12367935 0.02951824
0.07730475 0.75125277 0.07571826 0.02863030
0.53450346 0.82593528 0.26937605 0.02791176
0.66023643 0.70497494 0.49111461 0.02508371
0.05598117 0.21799202 0.14595236 0.02460166
0.06653028 0.64309857 0.83674543 0.03290198
0.94380411 0.94889686 0.42723698 0.02425634
0.59112974 0.58251652 0.41442766 0.03835318
0.46457609 0.66698520 0.89793866 0.02805520
0.44305012 0.62826775 0.48897451 0.03004934
0.42788281 0.55247422 0.48173037 0.02425299
0.66150275 0.86258376 0.85128855 0.02633206
0.88876800 0.45672444 0.15259810 0.02547276
0.26353202 0.37790169 0.09481225 0.02408473
0.91253474 0.90410849 0.06999852 0.04199420
0.33453882 0.62837450 0.18724959 0.03305097
0.88329224 0.06349300 0.16724337 0.03079403
0.18932989 0.73331432 0.20359850 0.02413778
0.37996512 0.61453572 0.76717159 0.02468142
0.46834401 0.88787282 0.75563715 0.02596561
0.23830612 0.24192153 0.65732070 0.03002463
0.71489813 0.22595621 0.28327579 0.02767184
0.38966224 0.45343251 0.29233169 0.03156973
0.21546567 0.27204725 0.33655330 0.02713889
0.34861598 0.36527780 0.79087114 0.03316978
0.88965746 0.11018632 0.83589003 0.02969050
0.75912159 0.08247465 0.79152606 0.03351045
0.30731221 0.23723027 0.28733977 0.02853179
0.77686022 0.12073745 0.65769025 0.03036356
0.83235803 0.64815559 0.68306578 0.03349474
0.05501994 0.05755320 0.67024535 0.02681637
0.67546706 0.41378910 0.36094989 0.03259700
0.16629606 0.79305197 0.39259138 0.02849276
0.94212930 0.15219087 0.88999367 0.02472933
0.53830842 0.05658179 0.11329642 0.02688710
0.83162398 0.58218927 0.53061563 0.02396449
0.13205721 0.81915134 0.16959520 0.02615596
0.33989027 0.18255409 0.93277527 0.02576989
0.68420718 0.59233045 0.78157981 0.02863466
0.38972588 0.25025670 0.31905271 0.02897458
0.79634035 0.62061329 0.37232016 0.03051037
0.72582870 0.71119564 0.80683677 0.03019539
0.90222393 0.60179876 0.17014293 0.02984440
0.35778299 0.74774049 0.60988496 0.03631718
0.69774462 0.14927443 0.28178783 0.03413641
0.32730073 0.91829524 0.47912388 0.03902412
0.52675333 0.52100182 0.71966189 0.02440240
0.47918106 0.22523163 0.83809198 0.03332699
0.15360957 0.05995263 0.22140690 0.03165004
0.75390812 0.32952406 0.39795615 0.03936752
0.16504389 0.48533291 0.44251158 0.02688392
0.34257169 0.37534456 0.42937792 0.02692711
0.89551702 0.13686947 0.20313482 0.03094933
0.64318957 0.10959284 0.34939012 0.03361219
0.33752217 0.63526430 0.62998440 0.02595172
0.05335170 0.40498025 0.52978453 0.02735503
0.09810421 0.67366294 0.32295342 0.03236369
0.15637848 0.31879242 0.35218705 0.03490023
0.20545005 0.47781452 0.66846856 0.03376998
0.42230823 0.45874043 0.93655964 0.02388047
0.79313962 0.05221152 0.06407330 0.02513719
0.33240059 0.26904901 0.53534555 0.02898290
0.74520630 0.38832955 0.14608106 0.02747045
0.83622891 0.94342646 0.69956731 0.02758333
0.05999275 0.47295423 0.54727462 0.02923933
0.07152283 0.91575882 0.43747390 0.02820351
0.49200744 0.33028403 0.92218495 0.02709509
0.11727942 0.91593425 0.92141448 0.02478959
0.34787562 0.90132271 0.93664064 0.02807933
0.10500565 0.06403598 0.61782961 0.02472370
0.49020908 0.23247119 0.07153944 0.02518536
0.38240985 0.10608372 0.29168396 0.02442162
0.27432472 0.06880117 0.61833172 0.03009334
0.22047285 0.43811825 0.06212781 0.02929056
0.92626791 0.53741424 0.55495259 0.02738692
0.32915693 0.35123087 0.28211095 0.02466447
0.37568518 0.79347275 0.16406860 0.03086017
0.48250220 0.77388797 0.82049811 0.02545910
0.32946377 0.10181148 0.05504191 0.02825708
0.15626437 0.33479758 0.56146547 0.03232021
0.65175156 0.33836178 0.32861253 0.02591954
0.82271100 0.35860434 0.46797074 0.03662054
0.78597133 0.42905063 0.54352733 0.02650152
0.94083741 0.65124232 0.22636221 0.02749634
0.32342566 0.42300678 0.46249401 0.02424857
0.74913899 0.45667130 0.61807011 0.02428453
0.46826554 0.91580203 0.27175045 0.03315025
0.62440927 0.64721123 0.54837485 0.03087351
0.94068044 0.27875618 0.07481732 0.02870371
0.06003649 0.24545439 0.27113635 0.03181166
0.82840237 0.59838666 0.05204120 0.02523193
0.18009611 0.91471581 0.56740397 0.02809250
0.06534345 0.38353630 0.72884321 0.03432877
0.35740114 0.93998255 0.83597044 0.02550828
0.71740237 0.37013502 0.22054188 0.02447581
0.28333668 0.59349166 0.46008315 0.02391956
0.59312200 0.46051913 0.83496939 0.03073349
0.49000568 0.18189894 0.21731121 0.02706922
0.80809381 0.36412481 0.76977454 0.03301570
0.10992147 0.13066198 0.33237354 0.02629795
0.58015658 0.39714888 0.18847897 0.03585740
0.27347979 0.18633977 0.58614508 0.02501747
0.69989912 0.93254127 0.35711073 0.02771398
0.85692955 0.09548711 0.74135277 0.02469376
0.20179069 0.06296632 0.07567614 0.02638958
0.23911451 0.19590754 0.18171131 0.03286049
0.06053803 0.14588074 0.75153605 0.03159274
0.31998432 0.93613080 0.67717981 0.02447906
0.91868216 0.29940067 0.22720950 0.03014062
0.93296554 0.11140173 0.14959406 0.03021733
0.21842584 0.81692745 0.30313723 0.02638982
0.19089979 0.80464264 0.20978106 0.03486059
0.45264834 0.63857567 0.72949814 0.03076596
0.31409701 0.93226014 0.16808973 0.03227245
0.83632297 0.27018822 0.20210739 0.02538542
0.24069697 0.54426402 0.14670435 0.03425554
0.94030179 0.75202291 0.85708437 0.02887130
0.32574476 0.92487342 0.07001061 0.03878550
0.73896503 0.45861141 0.86685346 0.02467709
0.89186982 0.90194489 0.75324542 0.02683130
0.90708411 0.71271239 0.04991416 0.02403287
0.65203686 0.64125579 0.87286716 0.03089750
0.72693322 0.46791206 0.32411763 0.02421936
0.46796735 0.86668653 0.60319107 0.03628022
0.22112166 0.16516953 0.44717491 0.02542770
0.91484430 0.63987951 0.94433029 0.02631574
0.12489438 0.23458476 0.63240597 0.03288982
0.94314282 0.30137424 0.49977657 0.02636993
0.79300410 0.84073052 0.73863551 0.03902380
0.25266217 0.71966565 0.80688531 0.02594284
0.13020933 0.16668422 0.18874996 0.02706341
0.94740268 0.87918378 0.83460677 0.02459591
0.14922264 0.70137784 0.43748986 0.02669269
0.28141462 0.07034613 0.46689611 0.02426306
0.63774852 0.14141541 0.20759452 0.02894436
0.92629307 0.42034905 0.54880771 0.02443920
0.30841460 0.49743942 0.25068103 0.02384008
0.89144620 0.10353424 0.46675739 0.02474659
0.16822824 0.46213116 0.54996526 0.02966956
0.20966404 0.76685821 0.86475823 0.02947253
0.35617867 0.72930772 0.45982729 0.03447041
0.86227199 0.50809629 0.69663643 0.02545703
0.27807811 0.52005126 0.74442555 0.03053354
0.23529965 0.59578055 0.77343082 0.02688037
0.17656990 0.83457422 0.82617570 0.03575996
0.74807810 0.92587290 0.62621120 0.02817021
0.51904295 0.10100964 0.66021518 0.02408032
0.62590008 0.48192862 0.31823088 0.03309118
0.55445253 0.09889159 0.25147283 0.02697368
0.65910415 0.81615416 0.64133919 0.02646480
0.62321751 0.13362143 0.79883848 0.02934991
0.57638654 0.78075566 0.72613585 0.03549641
0.67893834 0.90290155 0.48442019 0.02930699
0.34899180 0.30941329 0.33561697 0.03667889
0.24835584 0.80838612 0.25405350 0.02417557
0.61284627 0.46053095 0.14775804 0.02631488
0.63035710 0.42136459 0.94593263 0.02487525
0.84179923 0.25168365 0.42309779 0.02502842
0.93544215 0.23203913 0.85467153 0.02829631
0.48609217 0.06081549 0.85219163 0.03048346
0.83836556 0.07125946 0.23541032 0.03032796
0.42928507 0.49263613 0.32856844 0.02443572
0.52352298 0.30293565 0.09481154 0.03577416
0.18116907 0.82674190 0.06057459 0.02925917
0.60229747 0.57678278 0.13824099 0.02801365
0.30277541 0.69174411 0.14998597 0.02554259
0.79603037 0.51214274 0.33820643 0.02426366
0.26920191 0.87736101 0.15801459 0.02532489
0.25521529 0.47057550 0.93642824 0.02578660
0.33917335 0.35999682 0.21113182 0.02999973
0.84205059 0.86345950 0.16561527 0.03048249
0.78099139 0.84718062 0.92845797 0.02436822
0.77775159 0.06533323 0.61608222 0.03016365
0.92663579 0.23872040 0.61724013 0.02507588
0.61738381 0.30618587 0.92552234 0.02400760
0.70386950 0.80106430 0.28121805 0.02407097
0.94342221 0.87830113 0.75991737 0.02511616
0.10784304 0.62609279 0.21548961 0.02439003
0.41379697 0.41454725 0.24445751 0.02660482
0.86752162 0.89951060 0.20946476 0.02520878
0.60828499 0.75522016 0.66294138 0.03348300
0.19966933 0.65718427 0.79651488 0.02722237
0.18793076 0.83524434 0.74895942 0.02551898
0.10570000 0.06198932 0.86374994 0.02402789
0.54345776 0.88530880 0.90230004 0.03774179
0.68474104 0.09485781 0.91074712 0.02955630
0.40108528 0.77061238 0.34096693 0.02580130
0.22672704 0.35275008 0.38314720 0.02693359
0.92774445 0.47186033 0.72019981 0.03621047
0.94302232 0.62929474 0.75918249 0.03034219
0.67311095 0.83772296 0.46449561 0.02383267
0.36134221 0.76330358 0.89545023 0.02496396
0.94354421 0.38573168 0.27563799 0.02967814
0.83193382 0.72431724 0.11600330 0.02598050
0.47664051 0.31590094 0.81304243 0.03267225
0.65037791 0.47479903 0.19039545 0.02500703
0.93102256 0.73115924 0.76113946 0.02841118
0.14025092 0.87330725 0.34116362 0.02589552
0.88385562 0.18707624 0.24815713 0.02932522
0.86479784 0.21728580 0.18368963 0.02629475
0.56249590 0.55496168 0.49755448 0.03221743
0.08743649 0.18657755 0.05675714 0.02570885
0.08299938 0.54959033 0.65609855 0.02388865
0.29867258 0.44342058 0.06975280 0.02596996
0.31136022 0.23262267 0.13104265 0.03587182
0.10531454 0.50402043 0.15954373 0.02441752
0.84846821 0.77561511 0.60159456 0.02653069
0.17389439 0.16451243 0.61805222 0.02801007
0.05177980 0.50905056 0.32149362 0.02411458
0.45181162 0.43575827 0.12206241 0.02559147
0.65721517 0.33155740 0.62573630 0.02962764
0.26663257 0.81334511 0.19013617 0.02543822
0.81111154 0.29437955 0.94458295 0.02393536
0.61235257 0.81581763 0.33097823 0.03644386
0.20500520 0.57382836 0.09893928 0.02407438
0.88612024 0.63188249 0.11709825 0.02547199
0.18255569 0.93723442 0.90456773 0.02980191
0.57617930 0.85423019 0.05382255 0.02567734
0.87827840 0.48589218 0.21562798 0.02815902
0.61534766 0.56544929 0.74724102 0.02590060
0.08147694 0.61805101 0.07260480 0.03212426
0.17774376 0.88949029 0.17318816 0.02381702
0.37886066 0.37343788 0.93491718 0.02628637
0.37881651 0.63308738 0.82577506 0.02898418
0.34808629 0.81551387 0.31022780 0.03602112
0.25603754 0.09177467 0.12579724 0.02608223
0.93413989 0.07576509 0.32414525 0.03611692
0.30782955 0.68682999 0.39416429 0.02465527
0.14866177 0.66293161 0.17188526 0.03243500
0.93019352 0.36195308 0.39259093 0.03231313
0.77461026 0.33480313 0.12707508 0.02472192
0.06828347 0.14553528 0.57525710 0.02926586
0.20618230 0.22011376 0.71318152 0.02678455
0.29784002 0.89682244 0.90396203 0.02378012
0.13680623 0.62045488 0.48549764 0.03444017
0.31451471 0.55374768 0.36692098 0.02990739
0.14967906 0.71251342 0.36967495 0.03118483
0.83763623 0.41740482 0.41037698 0.03497196
0.74859436 0.07947414 0.10973677 0.02622273
0.27316058 0.05591862 0.52493471 0.02468894
0.40587998 0.08523871 0.06999290 0.03671180
0.32685923 0.49182761 0.40840733 0.02543489
0.36356120 0.23261710 0.18727268 0.03161995
0.28015223 0.34418707 0.80474273 0.02450538
0.63071343 0.61685371 0.27690960 0.03079867
0.40490958 0.67408177 0.63355067 0.02412314
0.65062870 0.45374088 0.06266720 0.02965787
0.94614035 0.11928708 0.54236753 0.02774494
0.88519068 0.08899309 0.06330293 0.02669568
0.15770524 0.17964807 0.73731728 0.02847303
0.94182077 0.73083119 0.63056985 0.02996052
0.86030327 0.64517954 0.06313597 0.02728699
0.48369590 0.42931259 0.72094388 0.03602189
0.48269081 0.05932283 0.53928597 0.02765388
0.05920462 0.79996651 0.44258150 0.02656657
0.68142871 0.07365294 0.85601262 0.02423966
0.45946130 0.76642944 0.72285065 0.02612130
0.79073361 0.45409617 0.77848035 0.02681135
0.12741629 0.46033836 0.28030259 0.02498490
0.06277683 0.61559178 0.73202813 0.02756287
0.73824185 0.48677057 0.06713871 0.02593405
0.06498407 0.28435519 0.93708062 0.02960529
0.20233925 0.62777713 0.16918246 0.02536951
0.46698998 0.22508881 0.68389935 0.02395296
0.33164711 0.74985847 0.06963575 0.02541616
0.80237830 0.45343773 0.59316320 0.02630525
0.07657496 0.22867190 0.20564022 0.02387552
0.84778915 0.37531351 0.25033939 0.03776373
0.09580370 0.73190486 0.60363344 0.03240510
0.07545552 0.81995664 0.36107032 0.03314190
0.61407231 0.40160838 0.66957336 0.03287651
0.63907108 0.06088875 0.78568887 0.02977854
0.64650616 0.92233779 0.81740571 0.03866615
0.69800305 0.33598133 0.15417063 0.03516458
0.47650201 0.36419220 0.51340492 0.02566075
0.08202007 0.61836643 0.62482265 0.03447764
0.86202265 0.52312350 0.58283951 0.02464882
0.05693914 0.18537210 0.62236162 0.02598429
0.55539409 0.69964957 0.21252643 0.02414130
0.10405724 0.10648473 0.77037399 0.02495195
0.45338350 0.06553981 0.11706205 0.02495942
0.42815469 0.16363091 0.27008377 0.02922198
0.93803644 0.44674256 0.25733054 0.02782606
0.66599260 0.64859555 0.36068650 0.02423765
0.54251853 0.20454712 0.70248095 0.02693592
0.16771078 0.06318474 0.37112392 0.02859650
0.73246436 0.67568041 0.62883207 0.02483743
0.24276667 0.19823205 0.85174601 0.02746764
0.62632631 0.72173141 0.07150149 0.02504630
0.15595834 0.93179253 0.30157870 0.03405093
0.58870190 0.05924344 0.31755692 0.02499973
0.45828419 0.13272545 0.54809413 0.02547309
0.81593549 0.24257839 0.67794060 0.02806800
0.55858960 0.58126060 0.93553117 0.02525347
0.39240174 0.70537585 0.16220137 0.02379818
0.74963358 0.71049905 0.06579425 0.02801720
0.45879757 0.70882154 0.38263203 0.02704516
0.94176152 0.77301972 0.42177078 0.02581214
0.09921762 0.54348786 0.28859254 0.02421231
0.92340359 0.26236549 0.55432791 0.03009335
0.24391744 0.63822432 0.89486985 0.02550862
0.81432451 0.92377429 0.15585182 0.03064535
0.61568920 0.58109959 0.21754952 0.02411474
0.54910371 0.43575476 0.94606513 0.02558578
0.57722680 0.18969008 0.41083566 0.03008978
0.29503698 0.31711289 0.45590011 0.02887915
0.80924395 0.94426117 0.25511605 0.02768008
0.32179477 0.31495274 0.72561572 0.03564741
0.60868606 0.43604106 0.57380816 0.03616328
0.12402419 0.86240029 0.57648272 0.02401056
0.65104595 0.41279192 0.25028344 0.03044306
0.55134726 0.52431177 0.40879613 0.02662362
0.28962535 0.24345840 0.85126977 0.02912252
0.65391952 0.06025434 0.40208125 0.02876407
0.56941792 0.58995718 0.07275415 0.02897952
0.48252328 0.68804958 0.44981411 0.02541596
0.48702970 0.39655739 0.06350394 0.02412533
0.53493881 0.73741364 0.90255133 0.02457834
0.24215550 0.08634383 0.88612097 0.03277485
0.70208418 0.47574472 0.38573716 0.03080703
0.21927300 0.39269634 0.18604753 0.03395287
0.16095168 0.32333773 0.42317615 0.02505681
0.32215081 0.06928212 0.17708923 0.03762480
0.57115644 0.78902746 0.46095582 0.02433466
0.65451478 0.53024469 0.91926154 0.02375580
0.51416746 0.94461891 0.46611571 0.02922603
0.44086316 0.60479585 0.78531798 0.02624910
0.85582173 0.79385509 0.67992385 0.02434007
0.78219845 0.49822273 0.71628730 0.02486531
0.82822060 0.14923863 0.58224597 0.03775990
0.12463479 0.64179818 0.56431264 0.02424726
0.10959595 0.32676624 0.08016685 0.02853420
0.30275851 0.66742778 0.93804749 0.03190636
0.54575880 0.06836501 0.75327550 0.02384573
0.71778905 0.34294193 0.31209259 0.03065994
0.42829023 0.91986534 0.05160437 0.02487368
0.53014413 0.93680994 0.64423607 0.02735860
0.16041874 0.12296642 0.44588149 0.02456833
0.74781573 0.15263877 0.08583210 0.02868727
0.05720305 0.86466558 0.46960421 0.02389177
0.41452660 0.91224200 0.83366065 0.02884284
0.54388332 0.90993058 0.30451643 0.02868800
0.13260198 0.60167323 0.29967375 0.02874198
0.38353540 0.92186259 0.69884908 0.02379446
0.65568737 0.25857033 0.09376480 0.02812491
0.39180694 0.49125091 0.42589218 0.02483765
0.48128817 0.55430639 0.17880542 0.03088211
0.51299386 0.67625745 0.13463759 0.03055014
0.33669233 0.42692920 0.90367968 0.03194998
0.82468350 0.07518574 0.13586458 0.02905923
0.94575990 0.76554683 0.48228589 0.02460574
0.33036145 0.66905709 0.56799829 0.03074396
0.53958239 0.70054178 0.59893778 0.02942364
0.71418043 0.89400446 0.23781064 0.03641760
0.60276577 0.19931164 0.78006200 0.02408421
0.48486404 0.15765608 0.81323616 0.02521658
0.42156243 0.94471219 0.32657108 0.02937905
0.93227563 0.30220658 0.85166606 0.02937138
0.71718116 0.66484908 0.87254684 0.02464602
0.50510958 0.69659276 0.81968712 0.03072469
0.65019594 0.80196267 0.16271850 0.02512641
0.92154295 0.13592782 0.40184502 0.02406073
0.73523189 0.54585124 0.94994977 0.02401000
0.26985603 0.23982715 0.48817344 0.02554154
0.20809466 0.64429885 0.35674334 0.02668592
0.84749130 0.15499147 0.70088893 0.02738643
0.72174787 0.53705089 0.33036624 0.02438445
0.21688277 0.07349926 0.55978001 0.03303209
0.81267301 0.30698864 0.62088508 0.02758820
0.14263955 0.72885722 0.24024875 0.02626076
0.10832968 0.29875851 0.41831989 0.02647526
0.67591233 0.55019806 0.56926894 0.03103972
0.35332495 0.88220059 0.56920153 0.02831227
0.91503979 0.84939937 0.12569283 0.03051013
0.81002955 0.71610529 0.36067090 0.02614218
0.64070573 0.06136653 0.64658386 0.02476158
0.26699986 0.52554482 0.94619861 0.02555124
0.93995260 0.17273057 0.80704452 0.02935244
0.75902944 0.94011618 0.78647693 0.02516763
0.83919471 0.66271688 0.91962891 0.02746172
0.24463313 0.78146028 0.44485212 0.02712890
0.93769656 0.55782847 0.13032950 0.02809694
0.32225079 0.53583902 0.14528290 0.02561523
0.78651463 0.29166750 0.76851890 0.02432978
0.69020321 0.08169374 0.48657008 0.02768311
0.88771920 0.40798193 0.18836338 0.03022579
0.59205272 0.72616386 0.27071423 0.02882983
0.70494667 0.46476932 0.57671629 0.02579470
0.81693373 0.42677285 0.06473538 0.02395545
0.85180932 0.81309239 0.44085033 0.03019286
0.36958628 0.22373687 0.80977121 0.02769179
0.26786671 0.81981945 0.58226226 0.02880226
0.16818349 0.69333202 0.30167441 0.02488948
0.13256754 0.85736365 0.67751530 0.03219055
0.64833026 0.94259267 0.92570941 0.02830761
0.47960967 0.09261856 0.91469603 0.02998130
0.54105895 0.49091582 0.25625750 0.02577220
0.05557801 0.18131129 0.87326138 0.02710573
0.35287813 0.13423406 0.23479819 0.02872383
0.52258834 0.05828206 0.28541793 0.02510676
0.35198072 0.82183688 0.44994290 0.02379549
0.07485094 0.46766584 0.43124361 0.03670308
0.48652772 0.59104794 0.11905054 0.02797632
0.13836153 0.92857852 0.09878376 0.02497896
0.38372000 0.22185323 0.37395528 0.02395822
0.16735206 0.28426721 0.29593564 0.02687133
0.75593057 0.93626670 0.93770631 0.02898644
0.13497199 0.81884067 0.61195267 0.02682030
0.87642825 0.40662675 0.83016133 0.02471960
0.70164369 0.94082484 0.74869615 0.02889122
0.93738792 0.05282039 0.70298332 0.02550658
0.34249499 0.86811478 0.24130849 0.02387998
0.51758680 0.91700505 0.56896320 0.02856641
0.11824932 0.61090225 0.85995438 0.02422343
0.53832786 0.18332094 0.87407102 0.02396300
0.08494975 0.30870120 0.68556520 0.02411857
0.05883719 0.24554538 0.43664896 0.03185538
0.43721813 0.25233732 0.12248646 0.02593649
0.73229925 0.16845219 0.83481072 0.02546775
0.39067195 0.67602486 0.51159262 0.02628433
0.94030072 0.67126515 0.13076663 0.02953621
0.09263222 0.23054144 0.72197509 0.03072696
0.86191978 0.83083676 0.28715825 0.02423823
0.93609421 0.48356357 0.49152457 0.03002446
0.82484581 0.37145878 0.93821629 0.03125672
0.47663314 0.82681565 0.65834154 0.02635878
0.27479981 0.85674126 0.67718690 0.02566579
0.56244689 0.63938130 0.63926686 0.02575882
0.86670125 0.71640195 0.84045214 0.02603743
0.20722293 0.41535937 0.56369389 0.02456784
0.89957570 0.05349804 0.26606195 0.02725996
0.20613890 0.91348254 0.42763075 0.02665039
0.60269713 0.06771769 0.51252078 0.02696072
0.17507560 0.35740043 0.63382179 0.03161107
0.82320822 0.93238890 0.77029713 0.02922663
0.05098429 0.93109093 0.93093371 0.02438144
0.77492612 0.14364031 0.51711826 0.02554660
0.93562999 0.39855729 0.74977275 0.02518692
0.81947382 0.49923478 0.63055204 0.02876118
0.39022402 0.60575117 0.07564130 0.02393611
0.28609804 0.55448713 0.54368226 0.02810406
0.94145059 0.06586501 0.49399045 0.03191199
0.34140818 0.18373064 0.58181356 0.03351382
0.85191458 0.28965526 0.05277789 0.02692839
0.24765192 0.94321876 0.94213436 0.03068971
0.78420407 0.29218385 0.69577064 0.02433244
0.86256374 0.46826561 0.35715669 0.03105698
0.08328184 0.93651189 0.85331708 0.02439441
0.83992797 0.63967751 0.43276833 0.02617714
0.71996640 0.05504660 0.15278120 0.02445597
0.77198251 0.34779322 0.52924458 0.03423789
0.75736757 0.38303618 0.67534925 0.02479709
0.48466122 0.51125444 0.41052306 0.03053905
0.30029501 0.17516883 0.83083746 0.02721344
0.31154224 0.48426138 0.93028948 0.02677786
0.41580402 0.36120208 0.28521472 0.02679807
0.86622101 0.79548384 0.37391778 0.02415863
0.69743609 0.29410572 0.67199907 0.02377230
0.73363047 0.43540419 0.24804157 0.02452362
0.27231150 0.16499993 0.06008331 0.03020004
0.62530618 0.93160363 0.46066275 0.02675352
0.94689419 0.45486798 0.10588373 0.02460894
0.53803281 0.43054266 0.33703208 0.02812193
0.20208121 0.70205250 0.75784442 0.02383541
0.41571759 0.66984244 0.07664906 0.02934703
0.64746778 0.25939569 0.54585126 0.02639924
0.49137125 0.93422126 0.78840708 0.02566525
0.93540741 0.93164942 0.35483442 0.03387989
0.06347953 0.52968028 0.73438856 0.02993429
0.24986533 0.39404996 0.67773140 0.02393014
0.43104242 0.93960502 0.73842606 0.03087327
0.56186896 0.56215353 0.25517253 0.03148436
0.61196773 0.06318412 0.70839211 0.03395158
0.21565698 0.13499104 0.39636522 0.02742612
0.94842569 0.14319022 0.27189958 0.02485354
0.67598839 0.55328927 0.05431341 0.02803812
0.72274902 0.79598089 0.52686525 0.03139243
0.67576513 0.50306825 0.80192011 0.02558575
0.27143893 0.91198047 0.21088854 0.02566332
0.80740856 0.27709002 0.85942720 0.02801628
0.05347039 0.94574087 0.75114153 0.02404569
0.74889228 0.22726589 0.86373007 0.02473708
0.61925910 0.85012369 0.72843182 0.02375959
0.30228945 0.42721292 0.78770097 0.02664629
0.39306219 0.06044644 0.84241163 0.02476509
0.73806133 0.65381127 0.25768042 0.02917020
0.13936029 0.65246713 0.69875358 0.02594802
0.17931021 0.57461389 0.55436552 0.02514192
0.35792093 0.20623954 0.25090351 0.02870964
0.30042482 0.10122459 0.77461041 0.02699906
0.10725115 0.07533066 0.51903412 0.03040287
0.32975353 0.46296013 0.50527829 0.02654190
0.18032997 0.05130865 0.14005310 0.02407955
0.55840011 0.25327125 0.05728521 0.02438963
0.46697383 0.88813175 0.47437908 0.02722037
0.91714557 0.91825533 0.70583733 0.02383788
0.75808606 0.21717254 0.76386158 0.02707067
0.88886407 0.94266301 0.80141638 0.02896424
0.56155483 0.94879817 0.07784602 0.02484812
0.83463163 0.75693140 0.24210443 0.02541030
0.93953607 0.60515666 0.65702540 0.02556640
0.10179901 0.77716441 0.79884867 0.02982971
0.36966030 0.58358603 0.22584083 0.02634740
0.86813661 0.52956104 0.37199662 0.02421476
0.52807603 0.80327914 0.94362072 0.02678966
0.68665465 0.83530417 0.72038504 0.03021419
0.62936432 0.05376839 0.27045023 0.02743350
0.33297813 0.24293090 0.38152139 0.02600228
0.35705170 0.22295734 0.67018024 0.02540435
0.93750703 0.05763728 0.83409799 0.02592549
0.40642057 0.76449710 0.77508675 0.02869142
0.15082619 0.33423067 0.23598801 0.03147178
0.72100056 0.17769440 0.22926885 0.02472744
0.45403369 0.69209034 0.69902038 0.02451954
0.57043608 0.27609772 0.94249020 0.02477880
0.87788871 0.53168798 0.75530065 0.02513739
0.22193852 0.49407349 0.78121852 0.02746799
0.94686247 0.29372914 0.39415699 0.02563428
0.40515872 0.39018905 0.86215217 0.02743048
0.20192287 0.51559043 0.20345762 0.02535135
0.94561679 0.45582532 0.16772704 0.02642770
0.43403856 0.06064043 0.66880410 0.02932605
0.43361895 0.50626180 0.79500545 0.02725668
0.67782569 0.16677189 0.88838509 0.02402893
0.12690413 0.07117106 0.44871477 0.02909207
0.74732221 0.82316877 0.67137435 0.02529935
0.66453914 0.73947624 0.60628263 0.02559693
0.14831279 0.51907637 0.07006367 0.02514071
0.60253206 0.94038857 0.69142870 0.03123225
0.21276881 0.39136617 0.93951555 0.02764937
0.14724209 0.60631594 0.77595062 0.02923674
0.58927683 0.18786190 0.31078402 0.02424574
0.08264741 0.39486035 0.28308409 0.02768789
0.91199562 0.61894043 0.34210594 0.02596315
0.58214629 0.33804772 0.30596578 0.02436111
0.17069354 0.37240739 0.49150271 0.02449449
0.31887477 0.62265592 0.79836974 0.02797677
0.90593433 0.94744172 0.47730937 0.02517807
0.92763888 0.61391840 0.06297051 0.03513785
0.85196447 0.86475916 0.10037651 0.03043508
0.89822348 0.58903001 0.25811280 0.03035380
0.93824828 0.26007114 0.79073465 0.02567629
0.65181196 0.58751505 0.94193348 0.02893084
0.28212168 0.09974687 0.56331175 0.02409872
0.92832591 0.70924353 0.46203874 0.02734106
0.20542519 0.45077185 0.47237546 0.02645421
0.12223422 0.86535160 0.20083865 0.02398102
0.57118537 0.13777463 0.62023975 0.02555674
0.61431710 0.08128212 0.22095966 0.02557544
0.90693611 0.44947854 0.86362643 0.02847448
0.85233954 0.53977778 0.50364537 0.02475650
0.45466981 0.60477146 0.91487542 0.03074735
0.76451697 0.56121018 0.10769510 0.02505080
0.41300280 0.30373690 0.75391535 0.02667906
0.71928752 0.82756338 0.94570948 0.02389140
0.38475376 0.15045069 0.90923478 0.02472269
0.04966197 0.91028386 0.22497161 0.02382714
0.28085390 0.68631815 0.53140323 0.02661902
0.75277216 0.47321602 0.94872210 0.02388841
0.67629272 0.59860554 0.17215027 0.02383985
0.31182383 0.94485566 0.36840477 0.02938658
0.19873472 0.07066884 0.77150272 0.02403196
0.76580947 0.55976233 0.37469944 0.02795475
0.06638493 0.06027258 0.78133768 0.02726761
0.47492886 0.07074665 0.77930080 0.03210152
0.66128518 0.15118386 0.40515530 0.02827147
0.57028744 0.35225615 0.10301936 0.02492350
0.91120727 0.57450062 0.47340776 0.02653974
0.78351842 0.92905189 0.30358855 0.02404341
0.56194408 0.25316158 0.24801179 0.02611267
0.45239328 0.23910635 0.28874227 0.02787393
0.10762523 0.48600638 0.73379482 0.02482025
0.18107657 0.17781331 0.81737787 0.02450188
0.56284911 0.81135338 0.40690202 0.02392440
0.77558432 0.94871662 0.54365920 0.02447730
0.59184554 0.70045340 0.88282960 0.02899784
0.85780236 0.80081728 0.13354540 0.02598235
0.83665732 0.57675266 0.80847885 0.02527820
0.94406251 0.79961361 0.20440039 0.02672623
0.94560938 0.69230723 0.56472301 0.02658488
0.57109155 0.26282718 0.79832004 0.03232290
0.40875716 0.53971639 0.84173139 0.02463465
0.44266348 0.22140852 0.94275971 0.02490463
0.91687945 0.93435100 0.22279798 0.02851260
0.94138312 0.06262073 0.90708455 0.02487249
0.79672622 0.85256730 0.59594675 0.02455317
0.27513374 0.75008523 0.61420142 0.02390447
0.49564822 0.50344664 0.51589076 0.02830934
0.29829232 0.58299661 0.74682223 0.02648554
0.84586932 0.34513916 0.31206144 0.02562141
0.34154773 0.59897876 0.40352068 0.02408310
0.50437490 0.78918641 0.47070228 0.02528961
0.77419471 0.86911583 0.52290279 0.02724883
0.56041169 0.05396095 0.81810389 0.02385845
0.94437686 0.08157914 0.06852807 0.02492029
0.66770948 0.86801660 0.76675507 0.02462917
0.19418643 0.24807737 0.39915297 0.03096189
0.90084717 0.25187341 0.36151706 0.02766776
0.93074219 0.40979556 0.93439493 0.02779957
0.32387095 0.78298745 0.71702220 0.02820076
0.40214232 0.19998073 0.12732671 0.02961081
0.89782907 0.44056722 0.43559962 0.02594005
0.92213315 0.33608194 0.54528608 0.02674685
0.33754532 0.53703805 0.28061082 0.02745989
0.82761484 0.22989814 0.29393051 0.03258788
0.75990261 0.74693761 0.41147239 0.02612453
0.24229645 0.57208522 0.39683707 0.02905509
0.12640911 0.40918942 0.11432720 0.02394718
0.25767043 0.83204826 0.93817798 0.02884354
0.17184567 0.19979184 0.55863813 0.02451065
0.06203510 0.65454615 0.37495712 0.02729557
0.71750067 0.68849905 0.47018046 0.03006880
0.38645556 0.86132956 0.52247451 0.02505749
0.23615334 0.46203822 0.21564219 0.02812991
0.34832521 0.41498043 0.38368714 0.02658101
0.28573158 0.64605014 0.60592368 0.02460926
0.68220992 0.33747254 0.81586387 0.02598775
0.40924063 0.77514267 0.53944649 0.02713006
0.64237787 0.92043362 0.13003231 0.02648108
0.42466027 0.56524123 0.27255567 0.02462621
0.54763845 0.10288003 0.37312829 0.02568131
0.64549678 0.53775636 0.70055544 0.03020358
0.06546347 0.88372504 0.52745499 0.02591938
0.55742108 0.18408732 0.93772617 0.02524139
0.52714115 0.20460977 0.30244829 0.02739955
0.36294385 0.76827925 0.25949384 0.02618621
0.24759148 0.93011023 0.82108147 0.03018767
0.43789757 0.94025486 0.46443301 0.02538480
0.80898768 0.29489494 0.47398019 0.02403454
0.82658144 0.35165173 0.57651499 0.02705974
0.69828307 0.68726864 0.16516324 0.02387190
0.14631307 0.78724177 0.11210202 0.02486239
0.83443014 0.61272105 0.16064471 0.02416149
0.44251488 0.91316892 0.14238007 0.02445343
0.62181937 0.68050372 0.65521824 0.02717164
0.88449191 0.92023239 0.15912875 0.02650208
0.17716231 0.29209818 0.83222842 0.02801482
0.36411253 0.34855420 0.48790114 0.02704130
0.53630538 0.40918122 0.53529044 0.02425858
0.79677575 0.87203567 0.40633751 0.02934111
0.07166834 0.56131546 0.47032642 0.02716220
0.75632967 0.66543749 0.67605187 0.02377248
0.57687642 0.77799977 0.22168287 0.02727943
0.56586232 0.94314624 0.86949582 0.02634500
0.13514197 0.68420345 0.05728378 0.02658899
0.64462050 0.55722916 0.30789974 0.02407086
0.53980179 0.18745261 0.05461135 0.02841303
0.16660838 0.88098695 0.92228733 0.02486638
0.06379192 0.54970796 0.12809358 0.02406318
0.42199913 0.85472719 0.06294916 0.02615734
0.68446129 0.26757746 0.15229182 0.02593367
0.72771062 0.06404004 0.94060815 0.02405894
0.39593524 0.25860311 0.50991989 0.03043683
0.84246264 0.44387976 0.67125142 0.02822240
0.54533747 0.41883974 0.74546625 0.02466661
0.48372508 0.51206557 0.23598726 0.02509181
0.94578044 0.40825130 0.80683842 0.02599677
0.12837186 0.23079975 0.18896496 0.02477682
0.27226373 0.44443171 0.52910018 0.02652361
0.93285301 0.16452888 0.11416156 0.02583779
0.40461964 0.83125665 0.56849992 0.02788197
0.80386643 0.84603529 0.87561178 0.02416529
0.27405627 0.36186139 0.25843299 0.02749842
0.52137897 0.82891139 0.82546190 0.02897575
0.76761274 0.06313505 0.41513237 0.02396869
0.41929272 0.32459822 0.65824566 0.02489974
0.93221781 0.22829423 0.24863400 0.02525879
0.59266686 0.87122098 0.27106156 0.02628054
0.18199860 0.14639147 0.92977574 0.02678856
0.48702505 0.81989671 0.30444625 0.02472221
0.63199575 0.49569293 0.25317489 0.02516425
0.73251205 0.82349133 0.14054300 0.02926633
0.06103452 0.86429038 0.94078781 0.02648620
0.37441566 0.73074797 0.52263568 0.02436696
0.94504596 0.05169743 0.11826917 0.02520663
0.20759183 0.61581703 0.30625824 0.02490525
0.57233449 0.71720645 0.74354044 0.02377380
0.60397531 0.36870787 0.54246402 0.02757678
0.82379772 0.44548203 0.19266560 0.02558544
0.94385263 0.56578720 0.88901114 0.02689738
0.83292955 0.51469922 0.25071985 0.02601872
0.06800739 0.44924714 0.15559349 0.03055006
0.39622598 0.88704381 0.34461178 0.02956048
0.06802742 0.65288327 0.50735582 0.02570255
0.87696718 0.26364153 0.65147488 0.03020222
0.40886005 0.92739859 0.92282487 0.02394480
0.23875640 0.20143097 0.78280953 0.03021449
0.80103027 0.74195587 0.60570748 0.02458214
0.30697318 0.75153089 0.16016684 0.02647568
0.76779063 0.82774729 0.80417704 0.02466986
0.49175779 0.93995512 0.11222780 0.02413675
0.76985465 0.94592769 0.47066613 0.02481900
0.77961554 0.94282021 0.20350585 0.02612057
0.53232433 0.74819100 0.38184371 0.02504492
0.18874689 0.49532761 0.32748740 0.02663093
0.30700038 0.21405320 0.20582634 0.02387671
0.40246764 0.05008435 0.48498002 0.02434065
0.10332730 0.92226633 0.77525643 0.02711871
0.75839151 0.32809972 0.81298725 0.02526027
0.39986380 0.43968596 0.55742726 0.02834874
0.48992922 0.69640732 0.06466038 0.03131800
0.89493673 0.12979851 0.94167092 0.02738497
0.13128722 0.20067697 0.25914252 0.02504837
0.76227215 0.85353833 0.05528152 0.02568256
0.64493500 0.78879954 0.48103515 0.02527167
0.44612706 0.70421282 0.30418281 0.02414704
0.23157499 0.09424610 0.65162141 0.02382098
0.23852424 0.20709594 0.31876074 0.02960297
0.59408597 0.20580596 0.46968721 0.02545567
0.14399733 0.40531147 0.94096345 0.02741033
0.88035644 0.68513619 0.25244058 0.02512899
0.07122992 0.17339720 0.38672703 0.02848604
0.69832744 0.06465576 0.76765297 0.02650141
0.72054378 0.40119117 0.41278962 0.02714805
0.82110520 0.49529384 0.39800367 0.02448117
0.61366416 0.40791235 0.31829092 0.03039802
0.94843742 0.44271996 0.61246154 0.02421393
0.69475994 0.59763098 0.43344058 0.02678272
0.13917342 0.39090064 0.53723720 0.02450816
0.48527794 0.94695247 0.84754354 0.02533921
0.48516483 0.12465130 0.61163586 0.02496527
0.14011363 0.11140768 0.89772189 0.02461791
0.94770739 0.92960707 0.81043215 0.02393055
0.67368040 0.34727964 0.38172054 0.02465698
0.22909491 0.31632763 0.06801691 0.03633946
0.94393043 0.30806530 0.73283951 0.02751772
0.30299980 0.33740520 0.94455016 0.02689328
0.60123331 0.94532748 0.30202977 0.02520153
0.74186204 0.42896711 0.06334743 0.02541412
0.17349738 0.78786686 0.54372915 0.02395004
0.36436070 0.23601537 0.72815806 0.02526480
0.70699872 0.76869359 0.90685339 0.02614537
0.66597207 0.70802255 0.86165584 0.02379807
0.05665439 0.30579269 0.14878504 0.02563119
0.69063805 0.47339605 0.65538240 0.02775322
0.77279365 0.14246184 0.24064130 0.02577722
0.56434209 0.48126440 0.73893080 0.02384955
0.05231058 0.73694080 0.88372157 0.02617161
0.94640614 0.81976464 0.29285215 0.02502245
0.82884556 0.24413688 0.49941769 0.02833006
0.79894351 0.28010361 0.15341131 0.02842732
0.75342076 0.73682481 0.86889290 0.02445388
0.60590364 0.43414007 0.49778397 0.02531483
0.41936165 0.45113786 0.17580185 0.03413189
0.17453355 0.42527251 0.64162631 0.02386322
0.15077628 0.44874076 0.07250599 0.02490086
0.59044192 0.13763982 0.08712393 0.02767666
0.81564211 0.74780199 0.81065692 0.02700854
0.55212287 0.40749161 0.88376315 0.02468113
0.34105651 0.29016065 0.93027357 0.02779275
0.18370808 0.64112034 0.91304843 0.02406385
0.41398560 0.51267687 0.93589644 0.02473451
0.57525083 0.82319898 0.91122567 0.02518030
0.40841447 0.68100967 0.92870672 0.02483972
0.22191853 0.06086917 0.30527018 0.02897178
0.79783312 0.17510230 0.64158354 0.02519994
0.86107056 0.05505417 0.78956935 0.02697890
0.24090785 0.72694476 0.65513047 0.02606482
0.78847220 0.16021978 0.38104144 0.02745362
0.78717812 0.84950947 0.34518848 0.02541648
0.27622716 0.42142869 0.59005969 0.02630012
0.36146600 0.40339905 0.15877057 0.02471789
0.24657572 0.88355506 0.07144823 0.02431301
0.82820886 0.72269893 0.05115995 0.02473961
0.91825883 0.75480887 0.09660157 0.02388842
0.24101127 0.70447839 0.05240239 0.02456863
0.61262897 0.56326083 0.89525831 0.02404393
0.28182352 0.83680605 0.32674007 0.02482671
0.55448898 0.49483268 0.06466259 0.02452677
0.48801107 0.12655313 0.25025221 0.03151935
0.86271570 0.70675326 0.37615590 0.02395489
0.77319197 0.50841322 0.58226005 0.02620380
0.84219930 0.72247691 0.29385846 0.02392544
0.54480853 0.75247000 0.78358772 0.03040668
0.53763444 0.36655906 0.32337847 0.02465187
0.34792940 0.53464995 0.76338364 0.02758359
0.21035470 0.93584757 0.21398461 0.02564099
0.67826231 0.30376044 0.41919573 0.02432583
0.76814724 0.29796429 0.31507388 0.02568708
0.59636006 0.81178086 0.51175388 0.02468951
0.51387751 0.36839875 0.21286977 0.02512787
0.30693898 0.24774737 0.65309029 0.02717274
0.71413788 0.94539874 0.82384311 0.02536482
0.76052149 0.56258753 0.61171874 0.02470981
0.95018456 0.86594703 0.69729525 0.02379149
0.78192052 0.70757308 0.77329744 0.02702743
0.30852591 0.78219647 0.44832131 0.02502624
0.61649693 0.50780913 0.40444590 0.02500324
0.26577820 0.83924567 0.81698426 0.02971481
0.05150756 0.87497889 0.38658714 0.02511306
0.11938752 0.16534006 0.94241110 0.02388738
0.19997824 0.29347560 0.92418312 0.02421271
0.20768296 0.16721921 0.05490399 0.02589615
0.47105524 0.94300682 0.60056363 0.02582719
0.75557891 0.14337662 0.76285989 0.02710950
0.64897968 0.20372441 0.50425890 0.02394073
0.38327566 0.32829114 0.61354757 0.02592270
0.62173733 0.26794634 0.65811420 0.02592560
0.39097097 0.34949412 0.37070013 0.02499528
0.66732528 0.88000234 0.59241256 0.03232009
0.79607886 0.94725889 0.65346990 0.02516766
0.80136104 0.89498338 0.81184653 0.02454678
0.22965904 0.66421754 0.20866448 0.02505772
0.93732015 0.94732828 0.15385991 0.02508806
0.83623716 0.51669606 0.06436331 0.02522406
0.30697963 0.86147737 0.94185873 0.02375184
0.80875255 0.07107972 0.45874872 0.02684316
0.43602539 0.62464929 0.85005876 0.02402124
