0.68713294 0.07542140 0.33211088 0.04909684
0.14516939 0.22691925 0.36557525 0.03882672
0.53303030 0.43124024 0.65760870 0.04832716
0.82741592 0.09075987 0.64760964 0.04101919
0.54984700 0.19457003 0.24358870 0.04910758
0.88372140 0.34710867 0.65760059 0.06367829
0.82103887 0.16240575 0.12499028 0.06655279
0.82845749 0.15112096 0.43147347 0.03970356
0.52677161 0.65488664 0.35108091 0.06964980
0.69972501 0.32330018 0.73281351 0.07082672
0.45446956 0.85702920 0.31966083 0.03717259
0.18203923 0.08693445 0.65369480 0.04418546
0.29711541 0.49270782 0.11350153 0.04129187
0.20427164 0.57475889 0.66722047 0.05506647
0.42489648 0.66987962 0.42500421 0.03713871
0.53151511 0.64380287 0.51307184 0.03514823
0.56995842 0.82605104 0.20698764 0.06914460
0.76773408 0.41087777 0.20852756 0.03854250
0.37675359 0.70305361 0.68296448 0.06849533
0.84078286 0.43810017 0.90013902 0.04350726
0.60102636 0.18017929 0.87314594 0.05846078
0.56637949 0.42221122 0.27731725 0.05034666
0.55978827 0.09659705 0.59505891 0.06757842
0.52317234 0.83051767 0.37776698 0.04566251
0.91179159 0.22869249 0.19954237 0.05950408
0.65926296 0.14881241 0.70671772 0.06868863
0.84819596 0.67410826 0.19073347 0.06189730
0.08292882 0.08477347 0.27659244 0.03400545
0.53164116 0.54304153 0.77870090 0.06593106
0.30741187 0.57479618 0.90956469 0.03796859
0.09656229 0.75197024 0.27619686 0.05456915
0.19516539 0.13098817 0.18249407 0.05438713
0.15523583 0.25907216 0.68708247 0.03494297
0.09140710 0.14121363 0.89168763 0.05451925
0.25148361 0.29255238 0.70422426 0.05483782
0.57050675 0.90732569 0.80056654 0.04067632
0.08134258 0.12608117 0.48812539 0.03920807
0.55746371 0.34756986 0.90780121 0.05629052
0.39971707 0.54262712 0.70526527 0.05528032
0.30495276 0.14018617 0.39220831 0.05868085
0.25863799 0.71049040 0.13901916 0.05717927
0.76256402 0.23587556 0.62015377 0.04314197
0.72443143 0.83627511 0.85619374 0.06118251
0.54576551 0.83573461 0.61435984 0.06935669
0.17554702 0.18314421 0.50491638 0.03986032
0.89428578 0.78791419 0.07313876 0.03406794
0.35421241 0.17966400 0.76867253 0.03994546
0.87628420 0.57012069 0.82389472 0.04634999
0.83081338 0.46726099 0.53782052 0.06534991
0.32436954 0.49201153 0.58123341 0.06359694
0.58232229 0.44159357 0.77067012 0.03384026
0.83681560 0.56674543 0.22910829 0.04522930
0.59191685 0.13400138 0.43452228 0.06319131
0.84699494 0.08586423 0.89520379 0.05905462
0.60720842 0.32051288 0.57268537 0.05508904
0.79503948 0.71003743 0.66308248 0.06175083
0.42400488 0.41605354 0.34439803 0.04776990
0.43649603 0.36428005 0.75786500 0.04079566
0.80598525 0.52389496 0.76051668 0.04283993
0.69519640 0.51591731 0.72679502 0.05500456
0.47128122 0.36824827 0.13836520 0.05486660
0.14167444 0.91155196 0.22860768 0.04761112
0.47120888 0.36540840 0.26097783 0.03936691
0.34311750 0.84789857 0.84232455 0.05576545
0.59911730 0.27376460 0.16189392 0.04905225
0.48076066 0.20767031 0.60251849 0.05285257
0.51673042 0.74664979 0.08703561 0.04168787
0.81943399 0.79526779 0.53292705 0.04557577
0.86628994 0.76580259 0.78836637 0.06618111
0.63226198 0.67790344 0.59636650 0.03700225
0.11855902 0.72147347 0.68991259 0.06363538
0.29068921 0.61399346 0.36670721 0.04311854
0.45585158 0.73179323 0.90208055 0.06352037
0.19353901 0.84450249 0.53567657 0.04465944
0.19345724 0.37867273 0.10163087 0.05325419
0.65696697 0.65555306 0.24634463 0.06601916
0.29486498 0.71578349 0.46288954 0.04266385
0.50747217 0.24727307 0.76199617 0.03541332
0.09436691 0.58022814 0.79524731 0.04454859
0.71291834 0.50949428 0.53489734 0.04772861
0.66123602 0.71810343 0.37092476 0.06376260
0.13291630 0.08062917 0.12276269 0.03870008
0.09181257 0.53220184 0.08568829 0.05675352
0.20205453 0.22808384 0.60663250 0.03878121
0.77276268 0.19181512 0.29434206 0.03778937
0.34505460 0.89463216 0.30910335 0.06437539
0.51042495 0.87220235 0.10221631 0.04972651
0.80788207 0.55011608 0.66291931 0.04563761
0.28563646 0.39077794 0.86648387 0.04945604
0.77851316 0.83988633 0.27991067 0.06885100
0.26138985 0.33757534 0.21541278 0.03657432
0.42788399 0.76400953 0.23722719 0.05631958
0.26206112 0.64398358 0.49758723 0.03541465
0.48081827 0.09602819 0.37803280 0.05866185
0.27474546 0.37013512 0.51924007 0.07065657
0.65494848 0.45790261 0.84404735 0.05880385
0.39297148 0.08781818 0.16121462 0.03866570
0.86127042 0.68292726 0.54664594 0.04113978
0.24144631 0.44017035 0.41671443 0.03932368
0.18978463 0.25243925 0.14258059 0.05202642
0.70183650 0.20569258 0.54294969 0.05331035
0.72004528 0.68448220 0.91443515 0.04857238
0.07317588 0.87323203 0.80785403 0.04381723
0.51376925 0.67075132 0.73145372 0.06094633
0.28832262 0.19206043 0.27286874 0.06731383
0.45271139 0.77767114 0.43767513 0.05062969
0.64958455 0.26189290 0.47199821 0.04638656
0.60875550 0.82351765 0.45515288 0.04521110
0.46468053 0.62822183 0.19784148 0.06305938
0.16015824 0.35685554 0.85904913 0.07084492
0.78437069 0.81827844 0.44698245 0.03358969
0.65580395 0.41337056 0.50487630 0.04915596
0.07697102 0.68800132 0.55615194 0.03873399
0.21949821 0.42172332 0.27845593 0.04547916
0.90400470 0.34724658 0.91018402 0.04871304
0.75250137 0.44217931 0.37714554 0.04282726
0.19550980 0.51231243 0.82601368 0.03970775
0.46776266 0.43834826 0.49764835 0.04024023
0.36304061 0.29301316 0.79948205 0.03938741
0.93080980 0.10806818 0.23651942 0.03571012
0.23423360 0.71053360 0.36394792 0.04763606
0.49008018 0.52104595 0.11341741 0.06347144
0.37579821 0.27479287 0.44501399 0.05773082
0.39633137 0.91509811 0.12968999 0.05439346
0.10537783 0.55990051 0.23108675 0.05288484
0.90045831 0.81217602 0.45989473 0.05722645
0.13711516 0.41225463 0.75855034 0.03870707
0.73213764 0.31820808 0.25457154 0.04053368
0.41076572 0.39528805 0.64030885 0.03388519
0.41910170 0.35126157 0.54812852 0.05801799
0.12243368 0.47715822 0.36745698 0.03475969
0.81936495 0.29127274 0.30840672 0.05022213
0.35755825 0.11195813 0.59111211 0.04059982
0.43130156 0.81904289 0.13312480 0.03565705
0.48808867 0.27108169 0.89748244 0.03489506
0.13509613 0.19761782 0.78025035 0.06420553
0.52608366 0.29015795 0.32916349 0.05674714
0.79977339 0.58882105 0.90294622 0.03940021
0.58175077 0.58462342 0.59891665 0.04638581
0.71958514 0.89318174 0.53042143 0.03549873
0.08924156 0.92694504 0.57039869 0.04477714
0.57294696 0.66897507 0.13067820 0.04253902
0.15259154 0.27651678 0.46760828 0.05191218
0.79406532 0.43873960 0.81220780 0.04580489
0.24853013 0.78450046 0.63593367 0.06663634
0.20192141 0.61574400 0.79736346 0.04633489
0.43877028 0.35855244 0.92623411 0.04076765
0.91988810 0.51602530 0.22071117 0.04769899
0.91707856 0.86528735 0.20199334 0.04897895
0.32753745 0.68538683 0.23662698 0.04781401
0.57878120 0.43861719 0.39836373 0.04289777
0.79862054 0.91861157 0.85888906 0.04027935
0.66082983 0.41829059 0.19027628 0.04821759
0.40291296 0.53318841 0.35951887 0.03723824
0.65527126 0.55097525 0.38235056 0.05903233
0.79883353 0.66192548 0.48911930 0.03685114
0.83835890 0.73837117 0.35023820 0.03435072
0.22432247 0.52349283 0.42747253 0.03663193
0.85499464 0.23602108 0.79506252 0.06367507
0.88748727 0.48031369 0.31059261 0.04677863
0.80570072 0.90745331 0.08749653 0.05286554
0.26191944 0.10991354 0.07769952 0.04285798
0.11654543 0.31298624 0.61808973 0.05187742
0.18475003 0.87566044 0.76199933 0.04415767
0.30624193 0.54421826 0.22942762 0.04402469
0.61521737 0.64095345 0.44239546 0.03869121
0.40642995 0.27606908 0.66068507 0.04300312
0.23878540 0.14601203 0.81783405 0.04435792
0.66074059 0.16786306 0.07187748 0.03660117
0.60428231 0.25884083 0.73212352 0.03642430
0.30039476 0.71651490 0.85871570 0.06663912
0.89404993 0.33423255 0.76263348 0.03490116
0.09850097 0.10509046 0.19365838 0.03590187
0.88755496 0.16877147 0.62557345 0.04827332
0.63430765 0.89698608 0.07193077 0.04279572
0.63247605 0.76348120 0.75861888 0.05316905
0.19018653 0.87146126 0.09935322 0.03467819
0.24918434 0.16302286 0.73552059 0.03380361
0.51069960 0.56249499 0.44951987 0.05081201
0.88856340 0.58921554 0.58704126 0.05494833
0.65528550 0.11605063 0.18681936 0.04538331
0.63528766 0.21699014 0.36152901 0.03819920
0.26611609 0.90776797 0.50802792 0.03493384
0.14146880 0.81390415 0.45508716 0.04291083
0.75068320 0.51424292 0.27712851 0.05759974
0.19030390 0.80882416 0.15257693 0.03475996
0.51475330 0.24294087 0.47439838 0.05880199
0.90718153 0.18977538 0.31700783 0.05117912
0.33268149 0.82700144 0.17921554 0.04493050
0.45817069 0.84439027 0.81991155 0.04389732
0.48217561 0.70995630 0.56118190 0.05282816
0.13516221 0.40817194 0.47245717 0.05331269
0.64910549 0.82636682 0.54140059 0.03343514
0.32316977 0.42636738 0.25661672 0.04725592
0.08171848 0.30115709 0.75462352 0.04485191
0.45133432 0.89195958 0.70133685 0.05844966
0.72839891 0.31787380 0.89186810 0.04533813
0.45396793 0.55056931 0.56459584 0.03506088
0.43661578 0.16873217 0.30214983 0.04278654
0.92693486 0.59820658 0.39292761 0.03405103
0.40308333 0.45826246 0.87918409 0.03425808
0.08802137 0.31288216 0.35612024 0.03382339
0.68548855 0.14005615 0.81992855 0.03710399
0.75318931 0.74376042 0.20683140 0.04825951
0.36917703 0.65999400 0.12868828 0.05402401
0.36990044 0.31414673 0.14382111 0.04378721
0.93041058 0.17253397 0.49146671 0.04339753
0.24738533 0.82885688 0.40473338 0.06562428
0.09588602 0.30525666 0.22366927 0.04141911
0.81933066 0.69286034 0.88742229 0.04745701
0.26386122 0.68745467 0.71470351 0.04004871
0.77897845 0.50290694 0.10685998 0.03459375
0.44012340 0.82377010 0.52928591 0.04027043
0.08452692 0.67983696 0.91866244 0.03716988
0.07855690 0.56485651 0.33478305 0.04410975
0.87981242 0.84082421 0.58404909 0.03394778
0.21489900 0.56721086 0.28311762 0.03740597
0.78235364 0.39625513 0.61409483 0.04096016
0.42490978 0.25922170 0.06153251 0.03468556
0.49781094 0.49125634 0.92514397 0.04493837
0.77271906 0.07898673 0.21262198 0.04302416
0.10772176 0.90505202 0.34964636 0.05941510
0.77152886 0.91645060 0.70907204 0.03415834
0.40333637 0.17963825 0.52875035 0.04924508
0.72007707 0.65103540 0.13027410 0.04209846
0.72570439 0.28096141 0.12235412 0.07084206
0.41190661 0.50551816 0.24511487 0.05446489
0.63097093 0.77212554 0.86542026 0.04133484
0.09104860 0.46718309 0.90136714 0.03839347
0.49035664 0.12788683 0.15317248 0.06018100
0.91548475 0.66556289 0.29986511 0.04259581
0.61599076 0.65531892 0.79645893 0.04454517
0.72593709 0.68386904 0.54992250 0.04021718
0.63597208 0.89361804 0.72368920 0.03656613
0.33499705 0.85357967 0.68423057 0.04222665
0.83334745 0.57728559 0.46268169 0.03470872
0.44792723 0.06382406 0.59943043 0.03376416
0.13312685 0.38309596 0.31371653 0.04128576
0.69230737 0.56359744 0.13915986 0.03741475
0.51643423 0.53288603 0.32191456 0.04112018
0.33706518 0.26376279 0.87124884 0.03464611
0.18706689 0.25871025 0.24541568 0.04171131
0.10167354 0.58103670 0.55413183 0.04929465
0.89241421 0.69384086 0.42926560 0.05608144
0.19798166 0.73711692 0.45124451 0.03623472
0.27827893 0.32828309 0.32092700 0.05618628
0.38685635 0.10243957 0.82994080 0.03350823
0.38188540 0.44826778 0.10679024 0.04583094
0.10563453 0.46855156 0.63416778 0.03926160
0.68871744 0.76326938 0.09652080 0.06422371
0.51870737 0.92119957 0.41312415 0.03639114
0.11532516 0.75367681 0.13045175 0.04030022
0.43432118 0.15509690 0.69552440 0.03594329
0.23097176 0.57256746 0.10284063 0.04829799
0.86688755 0.32869476 0.45101591 0.06419482
0.82958447 0.36345954 0.85401205 0.03728019
0.86482953 0.56749585 0.11773136 0.04986071
0.37096049 0.92473153 0.58951880 0.04460956
0.36023596 0.07490388 0.28371554 0.04836047
0.32511044 0.07683306 0.91982403 0.04304882
0.79158847 0.37868545 0.09941872 0.04129216
0.28534637 0.07053628 0.66587641 0.04391499
0.14588581 0.79959776 0.85305846 0.04974288
0.47023518 0.91608487 0.89088554 0.05090148
0.19940561 0.42459339 0.60672420 0.04784409
0.90809580 0.87383551 0.72112343 0.05328396
0.76037609 0.09459460 0.50536985 0.04228399
0.79259591 0.13912685 0.80966931 0.03943413
0.09095367 0.25212302 0.10820263 0.03736334
0.88021715 0.47094151 0.09237433 0.04199880
0.71210079 0.88911798 0.17881690 0.04068023
0.32528824 0.22487149 0.60037817 0.05448951
0.37958453 0.61778001 0.55900475 0.03428880
0.60936434 0.63995119 0.70470005 0.03674188
0.88657204 0.45916677 0.81623876 0.04275407
0.37534901 0.08641321 0.51572647 0.03358040
0.11846095 0.80647668 0.75908480 0.03537243
0.46420755 0.13595789 0.83897213 0.03830265
0.92739623 0.09224707 0.40678440 0.03984340
0.31246824 0.44740221 0.76606869 0.05987217
0.18489534 0.53561601 0.91515811 0.04316894
0.70101262 0.61171839 0.63328771 0.03584789
0.91786243 0.11578986 0.76271270 0.05391159
0.75703983 0.74813242 0.76083585 0.04162807
0.57849682 0.76841985 0.93252950 0.03364993
0.89342915 0.90238807 0.35157005 0.04163051
0.39907783 0.72380354 0.35421398 0.04501462
0.08207056 0.81393457 0.18761567 0.03691915
0.71888644 0.40641084 0.30576932 0.03403908
0.27930434 0.93215959 0.43110492 0.03935105
0.73140011 0.78831565 0.65931774 0.03380027
0.90733325 0.45557146 0.69997940 0.03910013
0.40882949 0.22478870 0.88903270 0.03618616
0.92223661 0.75951803 0.28749599 0.04354132
0.55515395 0.41996548 0.54537110 0.03589289
0.16042758 0.67128251 0.30066100 0.03776897
0.50092127 0.25680695 0.15757587 0.04317669
0.14001601 0.08179893 0.33113002 0.03341871
0.71188120 0.76814019 0.52023721 0.03711356
0.51118118 0.14733685 0.74153911 0.04026003
0.66952751 0.86294699 0.37019499 0.05393004
0.39953182 0.30053191 0.32552210 0.04143468
0.24277567 0.86619392 0.22613441 0.05128916
0.78337710 0.23215126 0.93247543 0.03769494
0.28027438 0.57842350 0.83434771 0.03670049
0.35866756 0.56904905 0.80679379 0.03686742
0.42845628 0.74138277 0.07108478 0.03706408
0.32540847 0.32931209 0.63013717 0.04868452
0.72716599 0.60916504 0.82527923 0.05724865
0.75625270 0.44676830 0.67970748 0.03499964
0.30512130 0.92699003 0.79017566 0.03928358
0.14960960 0.55565631 0.43651541 0.03447345
0.07101401 0.92016134 0.10586152 0.03836123
0.61805092 0.86403146 0.91091167 0.04636951
0.81022119 0.87840034 0.62964487 0.03798859
0.82622053 0.80886449 0.12328673 0.04523586
0.54459962 0.49526869 0.57562768 0.04111826
0.26371215 0.14969821 0.53828170 0.04001675
0.34304424 0.18046175 0.09351425 0.03697077
0.47482547 0.90266644 0.49902254 0.04296610
0.19145108 0.67900179 0.88730916 0.03706812
0.09700817 0.70137820 0.43414323 0.05828113
0.53146076 0.44674385 0.82872988 0.03548632
0.60614636 0.09026313 0.07960029 0.03512297
0.92624368 0.35920865 0.32771522 0.03947909
0.12254244 0.60537273 0.88329543 0.04224438
0.54855962 0.75892037 0.82556743 0.04066987
0.08333477 0.68353280 0.08876282 0.03555916
0.08019823 0.19573652 0.64153599 0.04059024
0.91245852 0.36534290 0.22391358 0.03330207
0.38749243 0.58609894 0.46060937 0.05321159
0.18261701 0.36557834 0.38949304 0.04411171
0.73442866 0.26041053 0.40804852 0.04796753
0.86431114 0.85180476 0.90372834 0.05151200
0.51277308 0.30039388 0.66588178 0.05239332
0.79843464 0.62837489 0.33920808 0.06331993
0.46086213 0.88620326 0.22204389 0.04534863
0.18747897 0.69444660 0.53542965 0.04405506
0.06903559 0.79068661 0.52743716 0.03423930
0.92998549 0.63617812 0.78373594 0.03355539
0.91613732 0.72195496 0.69587777 0.04077142
0.58633621 0.63584525 0.90786923 0.04876491
0.70196231 0.46572108 0.12139228 0.03814350
0.68675739 0.21130517 0.23011662 0.04891104
0.87564114 0.33021194 0.11121671 0.04619394
0.26681447 0.90047337 0.13390762 0.03926405
0.72892960 0.10774730 0.09769920 0.03878156
0.57508477 0.49512848 0.21245654 0.04197706
0.57583560 0.33645397 0.08278166 0.03792811
0.77726648 0.08851260 0.71902966 0.03717218
0.57676650 0.08625822 0.30325536 0.05568228
0.47165001 0.38044933 0.84277944 0.04027276
0.93169092 0.79872263 0.65712900 0.03840253
0.54512794 0.06582812 0.88510349 0.03550301
0.91972402 0.21319741 0.92575888 0.04699389
0.84660752 0.38150825 0.34871354 0.03921718
0.90470008 0.55473801 0.71140062 0.05130095
0.74594457 0.89643976 0.44281122 0.03661989
0.65824958 0.41496679 0.63734704 0.05303886
0.47920993 0.37199139 0.40145613 0.03607557
0.72850952 0.32555700 0.53706678 0.04845477
0.08812663 0.42113050 0.09505748 0.03571969
0.78419546 0.06322140 0.36197415 0.03623037
0.22826751 0.38197809 0.75898218 0.03477749
0.38476027 0.14070230 0.89659111 0.03594127
0.82095636 0.92342266 0.53641454 0.03664286
0.37092643 0.45304652 0.47410731 0.04293300
0.21454805 0.46723926 0.69047825 0.03797552
0.65293136 0.28922082 0.83882882 0.04411541
0.57045452 0.36589786 0.46454247 0.05023187
0.73888503 0.74316343 0.44631619 0.03414532
0.65173537 0.36461295 0.29255580 0.03825983
0.40010714 0.07648686 0.71443162 0.04022102
0.21705243 0.10709246 0.92873987 0.03905747
0.65627605 0.69990881 0.49133422 0.03591743
0.93369191 0.93866862 0.42889490 0.03426269
0.80203495 0.62472557 0.73473559 0.04160334
0.19632282 0.72806260 0.21027027 0.03402555
0.32886688 0.11960517 0.72360651 0.03332994
0.09294094 0.55419111 0.67028506 0.04076193
0.06782755 0.07028790 0.66534528 0.03938273
0.46277363 0.61397719 0.89647890 0.03782276
0.13720339 0.07953907 0.74630830 0.04899505
0.67934609 0.10849841 0.60417222 0.03466071
0.14935549 0.08029261 0.43307930 0.04543683
0.21500276 0.59481846 0.52879885 0.03456445
0.64071921 0.59944536 0.07268405 0.03374543
0.12645248 0.24633804 0.90134379 0.03400576
0.70122134 0.67623074 0.70857105 0.03985813
0.70090557 0.72914262 0.62730474 0.03525283
0.73487168 0.59967284 0.51116710 0.03889874
0.24610120 0.22949166 0.43202660 0.04726741
0.80775867 0.51719799 0.42421468 0.03453401
0.07563026 0.57553007 0.43599960 0.03688742
0.07518342 0.47388795 0.54564253 0.04422865
0.12647570 0.90593989 0.91128844 0.03532919
0.45966278 0.45867015 0.59336881 0.03831379
0.58242771 0.80773799 0.06454618 0.03421501
0.25027239 0.90714560 0.84780396 0.03771196
0.34790218 0.76185215 0.10697959 0.03623920
0.47004592 0.26691787 0.23532281 0.03512600
0.22588924 0.25908087 0.87966314 0.03836038
0.41537015 0.89017745 0.42041054 0.04370614
0.36724879 0.64943495 0.31095478 0.03392331
0.49475263 0.55050694 0.64938232 0.03641666
0.92122067 0.92113311 0.56913264 0.03593612
0.24626672 0.73855766 0.27313443 0.03510688
0.25990211 0.65214119 0.06118868 0.03450479
0.40570371 0.18335020 0.14023917 0.03627938
0.65677737 0.45920882 0.29738549 0.03728346
0.18692176 0.39123536 0.68996003 0.03500959
0.20898549 0.51590867 0.53603755 0.03631010
0.25705126 0.82882134 0.07139298 0.03663299
0.29415640 0.78419193 0.74477528 0.04650399
0.35678637 0.57780126 0.06789701 0.03525025
0.89802035 0.70797633 0.05993536 0.03381574
0.55049104 0.33722183 0.75933739 0.04442598
0.25124508 0.92821524 0.58389008 0.03373560
0.29187316 0.66403558 0.62218979 0.03710638
0.90339288 0.63601826 0.93206494 0.03838148
0.80338084 0.18177069 0.69578212 0.05085913
0.93685439 0.87024387 0.82671784 0.03494182
0.28639856 0.08014263 0.46765091 0.03427612
0.12651055 0.87519917 0.66918701 0.05064344
0.64601965 0.91345819 0.63389392 0.03886693
0.32576273 0.79593620 0.51021057 0.04977149
0.08210716 0.44693453 0.26874776 0.03774131
0.65465644 0.80731617 0.63738809 0.03867960
0.10140118 0.73391983 0.79093381 0.03455300
0.62719872 0.42326983 0.93512825 0.03550050
0.39385653 0.22387075 0.23099494 0.04583727
0.23902168 0.58808182 0.20706353 0.03354992
0.07150717 0.74517325 0.85837207 0.03473971
0.59906370 0.57435557 0.14967671 0.04177730
0.26166822 0.47135118 0.92492327 0.03732320
0.33116133 0.41725785 0.37799067 0.04578058
0.23530325 0.91659407 0.67543979 0.05024406
0.86818672 0.26425439 0.57200401 0.03529319
0.55021401 0.34735616 0.23097901 0.03437928
0.10865108 0.48709383 0.71954436 0.03837051
0.31490280 0.15187801 0.16114777 0.03368802
0.68256750 0.14399193 0.93329590 0.03850765
0.40914559 0.43558020 0.79731435 0.03364981
0.55750667 0.84542743 0.73373722 0.03470785
0.77598997 0.84593782 0.74700910 0.03664529
0.28645653 0.08870264 0.20523293 0.03336752
0.92751825 0.77823037 0.88673903 0.03332277
0.24321408 0.86325429 0.92172404 0.04069422
0.46898250 0.20442561 0.38192984 0.04545532
0.18401252 0.46213003 0.18009997 0.05535532
0.67092175 0.55111766 0.89369435 0.03464996
0.17502014 0.13993477 0.29943432 0.03643160
0.51878044 0.92254879 0.29164421 0.04020050
0.30103860 0.25732316 0.08311904 0.04295987
0.45029247 0.29063072 0.81699105 0.03634291
0.84777386 0.89531466 0.46822355 0.03544309
0.54105609 0.25849326 0.07094855 0.04044744
0.29202317 0.56584497 0.72992134 0.04704518
0.37834034 0.80903246 0.93943220 0.03366404
0.61293006 0.30773232 0.38729638 0.04370427
0.93214544 0.11195041 0.12100991 0.03967393
0.79706581 0.18366760 0.51600305 0.04275491
0.54699429 0.46685572 0.47828242 0.03773024
0.60826250 0.21553106 0.60075164 0.04774522
0.46838157 0.63824001 0.06232588 0.03455524
0.63793976 0.41582397 0.07149127 0.03558565
0.76488594 0.07009007 0.58454943 0.03371797
0.06476055 0.17023853 0.13888872 0.03345313
0.90906140 0.43605713 0.39481079 0.04479738
0.93350533 0.24387291 0.40556255 0.03732968
0.55414676 0.69515398 0.21899959 0.03403259
0.34014202 0.31997592 0.24210750 0.03465856
0.30582194 0.34444257 0.09055785 0.03592673
0.06588898 0.35427142 0.53062282 0.03802012
0.54128276 0.21313423 0.69659599 0.03962183
0.08033973 0.21170586 0.29023383 0.04841881
0.57766537 0.52512283 0.66883182 0.03540579
0.18739505 0.72147478 0.78541501 0.04367852
0.22637043 0.07408447 0.77217852 0.03632099
0.55119824 0.42523227 0.14936565 0.03775484
0.59036389 0.92449938 0.37243628 0.03705808
0.49410365 0.47874158 0.39477372 0.03929795
0.29531230 0.24056188 0.93754878 0.03402586
0.45656687 0.80084912 0.74265911 0.03470044
0.93745224 0.08057352 0.63211003 0.03575611
0.37912028 0.80361394 0.62546214 0.03808525
0.19734020 0.60264236 0.38138640 0.04303978
0.68932752 0.93130671 0.81898754 0.03961576
0.16975137 0.52718763 0.75170987 0.03496163
0.57206147 0.72360765 0.47022385 0.04385527
0.19232255 0.14707638 0.38494016 0.03534559
0.13934781 0.63615670 0.49409785 0.03400483
0.80507524 0.06500172 0.06936524 0.03871200
0.83992596 0.47247986 0.16892366 0.03485210
0.06691665 0.85666595 0.47027100 0.03353355
0.65492526 0.58027721 0.53704393 0.03864067
0.15116612 0.66471966 0.15404927 0.04322385
0.07237385 0.33779128 0.09324903 0.03477739
0.89616315 0.24773216 0.06922648 0.04285507
0.72243430 0.14591770 0.43130864 0.03396395
