0.68355420 0.08354105 0.33532159 0.05702025
0.14749964 0.22871263 0.36645805 0.04161509
0.53243042 0.43248902 0.65474630 0.05586575
0.82440482 0.09452348 0.64625213 0.04490378
0.54889305 0.20041519 0.24849577 0.05703637
0.86911679 0.35292778 0.65160224 0.07889244
0.80756884 0.17657042 0.14072481 0.08320418
0.82595612 0.15377786 0.43199534 0.04293033
0.52553422 0.64772775 0.35796399 0.08784970
0.69016663 0.33175663 0.72167159 0.08961508
0.45467906 0.85538637 0.32049063 0.03913388
0.18618618 0.09232179 0.65169026 0.04965319
0.29904799 0.49277728 0.11718313 0.04531280
0.21217145 0.57276185 0.66275349 0.06597470
0.53144527 0.64348418 0.51304287 0.03609735
0.56677389 0.81120909 0.22032565 0.08709190
0.76606654 0.41143285 0.21034296 0.04118875
0.38225327 0.69399266 0.67479998 0.08611799
0.83662064 0.43885620 0.89525183 0.04863589
0.59788162 0.19013465 0.86153067 0.07106617
0.56500578 0.42382104 0.28192561 0.05889499
0.55719574 0.11408937 0.59093697 0.08474263
0.83577448 0.66789716 0.20176618 0.07622094
0.08329569 0.08513871 0.27678895 0.03438317
0.53034039 0.54127210 0.76724352 0.08227159
0.30847986 0.57438140 0.90729347 0.04032788
0.10708087 0.74540077 0.28203194 0.06522872
0.20304179 0.14052280 0.19069787 0.06495569
0.15591695 0.25954814 0.68671287 0.03578946
0.10203385 0.15054500 0.88150055 0.06515387
0.25804900 0.29803280 0.69882900 0.06563173
0.56988745 0.90374791 0.79792648 0.04438948
0.08428264 0.12870706 0.48820878 0.04218711
0.55583768 0.35188312 0.89626179 0.06781078
0.31108051 0.15149035 0.39559477 0.07139627
0.26574669 0.70429094 0.14965094 0.06914390
0.75947403 0.23898391 0.61873974 0.04808796
0.71663875 0.82459901 0.84382603 0.07514876
0.54366881 0.82035329 0.60912057 0.08741004
0.17807885 0.18561676 0.50487802 0.04316547
0.89391021 0.78763994 0.07354536 0.03447691
0.35536493 0.18219641 0.76654854 0.04329319
0.87037466 0.56901945 0.81880796 0.05289999
0.81747500 0.46858102 0.53629560 0.08139986
0.33103489 0.49231470 0.57815053 0.07877040
0.83592303 0.09907847 0.88259364 0.07195692
0.60434143 0.32531276 0.57074160 0.06600856
0.78457194 0.70258563 0.65729656 0.07600124
0.36154523 0.63335583 0.46164124 0.08252533
0.42533226 0.41751981 0.34711589 0.05502986
0.43706295 0.36549166 0.75556298 0.04456848
0.68999769 0.51549338 0.72075473 0.06588185
0.47204099 0.37173381 0.14793239 0.06567491
0.14786241 0.90444482 0.23329439 0.05479168
0.47141653 0.36637915 0.26270179 0.04242537
0.34745000 0.83829093 0.83287085 0.06702318
0.59722732 0.27807849 0.16834098 0.05695338
0.51656305 0.74418232 0.09116688 0.04590680
0.81472252 0.79091276 0.53244139 0.05173866
0.63168006 0.67712070 0.59594251 0.03887837
0.13305481 0.71305688 0.68269540 0.07882807
0.45752251 0.72302033 0.88686262 0.07865555
0.19771394 0.83980932 0.53519055 0.05036416
0.20093253 0.38163140 0.11134542 0.06325628
0.50745329 0.24791177 0.76133404 0.03649498
0.09983773 0.57914610 0.79126528 0.05019789
0.87034768 0.26948501 0.30725161 0.05975508
0.43773297 0.15894032 0.61670450 0.03789402
0.10360844 0.53127126 0.09766113 0.06850527
0.20399503 0.22985481 0.60593801 0.04154682
0.77130815 0.19345854 0.29543875 0.04005905
0.34795941 0.83662016 0.39064582 0.06366824
0.80331753 0.54937308 0.66050392 0.05183142
0.28983251 0.39291590 0.85931014 0.05755906
0.76594820 0.82455256 0.28983986 0.08665150
0.26231902 0.33820784 0.21652099 0.03823649
0.39672894 0.89409013 0.22474073 0.05899879
0.48142042 0.10870960 0.38186157 0.07136777
0.26156995 0.69336381 0.33550428 0.08203222
0.39365380 0.09044591 0.16337444 0.04137355
0.85789543 0.68121835 0.54621017 0.04508466
0.24329777 0.44059878 0.41731083 0.04236052
0.71598155 0.68107523 0.90678148 0.05623357
0.07855050 0.86853226 0.80397749 0.04910085
0.66472841 0.08515913 0.72950557 0.05615636
0.82424799 0.53654200 0.31944341 0.05046951
0.45370689 0.77182568 0.43898718 0.05931953
0.60720023 0.81889116 0.45579422 0.05119164
0.78425832 0.81815267 0.44700340 0.03375953
0.89974558 0.32308962 0.15909879 0.04405445
0.07970235 0.68678747 0.55578939 0.04147598
0.22360207 0.42286855 0.28169722 0.05159374
0.74962650 0.44283763 0.37854431 0.04761589
0.19783018 0.51221860 0.82352928 0.04293662
0.46802891 0.43885746 0.49766777 0.04373535
0.36403179 0.29451113 0.79731468 0.04245611
0.44216828 0.58436229 0.22051392 0.07886894
0.92957081 0.10919536 0.23727718 0.03694018
0.37954566 0.28158788 0.44667304 0.06997123
0.11481483 0.55846805 0.23751755 0.06270226
0.13944651 0.41281835 0.75688928 0.04143560
0.73013848 0.31977367 0.25668517 0.04417552
0.41083170 0.39536547 0.64020511 0.03420279
0.12309856 0.47719844 0.36769038 0.03551454
0.55986162 0.52158936 0.14524522 0.05525223
0.67010830 0.64948230 0.43898893 0.03536542
0.35879629 0.11533081 0.59032021 0.04427473
0.43149485 0.81814524 0.13415702 0.03686058
0.79759932 0.58817689 0.90002390 0.04247532
0.58046325 0.58329066 0.59735878 0.05295372
0.71900817 0.89214864 0.53034149 0.03662310
0.09489665 0.92106710 0.56942948 0.05054070
0.57214196 0.66711037 0.13475380 0.04718354
0.20659717 0.61392840 0.79269893 0.05287733
0.43931483 0.35981040 0.92244338 0.04452647
0.91259109 0.51574681 0.22556477 0.05492348
0.90916393 0.85835553 0.20764842 0.05684343
0.19673405 0.24636394 0.83895198 0.04622307
0.83257223 0.46500413 0.73061192 0.03709689
0.57787747 0.43932133 0.39952963 0.04772165
0.65793093 0.41976338 0.19585895 0.05570139
0.40336724 0.53303312 0.36017619 0.03923236
0.09372819 0.31701973 0.52860689 0.06279205
0.83792489 0.73806542 0.35043030 0.03490107
0.84148492 0.24606709 0.78383358 0.07888760
0.84570789 0.83141454 0.85852852 0.04947357
0.23882578 0.66476491 0.56365645 0.04267315
0.79839771 0.89771950 0.09735099 0.06267331
0.26463901 0.11436947 0.08252343 0.04766196
0.18885091 0.87077372 0.75859116 0.04961150
0.30873089 0.54365025 0.23290330 0.04941204
0.40751532 0.27866656 0.65882120 0.04787968
0.87972068 0.79675419 0.44458482 0.04973785
0.24224740 0.15070360 0.81362164 0.04991188
0.66010956 0.16916697 0.07355820 0.03827675
0.61237547 0.67992573 0.70694270 0.04693542
0.69770152 0.55755813 0.49334814 0.03511070
0.35253804 0.28665508 0.26094319 0.04802543
0.09974622 0.10631528 0.19460850 0.03722780
0.63278363 0.89248139 0.07678817 0.04756858
0.19070254 0.87084256 0.10002053 0.03539228
0.63809559 0.46143361 0.52126874 0.05990035
0.93478974 0.40370334 0.85347756 0.03787935
0.65303193 0.12162268 0.19136438 0.05144997
0.63450034 0.21863715 0.36233487 0.04067380
0.26657565 0.90696675 0.50801215 0.03577576
0.19084936 0.80828024 0.15318884 0.03551493
0.43445196 0.30255847 0.32771169 0.04107074
0.40940170 0.55413537 0.70621365 0.03339293
0.12375891 0.39514716 0.66859917 0.04379747
0.48852072 0.22218552 0.62169435 0.03431482
0.46708791 0.30191239 0.52346551 0.03495782
0.08751554 0.30391290 0.75109463 0.05065287
0.72509699 0.32050677 0.88620293 0.05138220
0.45406523 0.55046242 0.56445930 0.03596632
0.92653661 0.59811497 0.39302749 0.03445154
0.40319716 0.45831148 0.87873874 0.03476212
0.59748360 0.64027654 0.23328845 0.04912474
0.08829631 0.31300704 0.35621626 0.03411009
0.37457170 0.40322179 0.23492555 0.05895088
0.59303169 0.21325542 0.48880542 0.05162490
0.92521126 0.17648973 0.49156979 0.04847130
0.09979749 0.30714161 0.22634391 0.04550366
0.77854135 0.50290238 0.10747595 0.03526563
0.08643733 0.67901005 0.91673736 0.03912982
0.29358781 0.67139518 0.82190800 0.03553101
0.87950386 0.84054733 0.58398081 0.03429667
0.21628966 0.56688302 0.28417553 0.03948396
0.42503549 0.25962481 0.06226659 0.03540333
0.49784151 0.49137845 0.91920667 0.05078255
0.44819623 0.21594628 0.52492234 0.04545637
0.74348368 0.49255741 0.23940816 0.03340001
0.28545384 0.89360293 0.27631773 0.04565350
0.77124157 0.91600998 0.70885084 0.03461252
0.11509451 0.57428498 0.35517994 0.03340594
0.71776605 0.64944938 0.13415658 0.04652268
0.21904103 0.87788592 0.39393627 0.04397851
0.09352310 0.46738166 0.89893853 0.04096520
0.23846453 0.72737308 0.90966419 0.04595324
0.07513087 0.27488821 0.64771864 0.04825508
0.72407726 0.68235550 0.54951156 0.04370077
0.63544390 0.89208905 0.72282029 0.03822420
0.08369203 0.35665400 0.92790458 0.03991283
0.33675538 0.84981181 0.68226734 0.04671498
0.83278033 0.57715411 0.46274518 0.03543808
0.33733044 0.26414740 0.87064443 0.03534417
0.19020633 0.26113094 0.24796975 0.04594196
0.10938992 0.57946686 0.55308318 0.05731697
0.78202399 0.68188428 0.41449078 0.04184388
0.27801189 0.13776971 0.71293127 0.03901258
0.12373815 0.32654494 0.85224516 0.03846367
0.19903677 0.73628855 0.45141484 0.03772708
0.55550532 0.53971398 0.45822986 0.05296592
0.38689033 0.10255896 0.82984171 0.03363734
0.21559582 0.56625157 0.47961009 0.03556862
0.51863856 0.91965042 0.41344367 0.03796171
0.11853002 0.75156335 0.13353058 0.04382533
0.13396781 0.12121762 0.75512847 0.05530866
0.44497250 0.85414900 0.52254663 0.03641780
0.70918266 0.37915151 0.59041484 0.04206081
0.72466218 0.16775050 0.50856410 0.07138860
0.37271051 0.91897138 0.58830476 0.05028933
0.90550694 0.49642170 0.40510791 0.06401540
0.36278009 0.08264191 0.28765257 0.05591571
0.32714879 0.08176511 0.91493094 0.04794823
0.78881084 0.37984107 0.10323460 0.04531323
0.35130236 0.78583672 0.52463320 0.06492725
0.66108662 0.53028896 0.23306239 0.04171916
0.15294498 0.79362536 0.84602033 0.05798931
0.47087200 0.90718272 0.88252252 0.05972722
0.20468377 0.42591746 0.60485022 0.05514113
0.36184109 0.56476274 0.79898291 0.06210155
0.89812852 0.86470500 0.71572274 0.06330094
0.33869861 0.31313768 0.10502905 0.06498110
0.09292825 0.25331959 0.11009394 0.03942001
0.87627040 0.47124315 0.09660559 0.04637320
0.71023679 0.88569830 0.18163955 0.04439535
0.46442025 0.13812130 0.83695771 0.04082898
0.48591475 0.80971621 0.75452867 0.04649573
0.92406976 0.09542066 0.40750991 0.04314010
0.61981951 0.20129157 0.66839554 0.03474190
0.88487858 0.36707332 0.77470569 0.03504862
0.70040194 0.61137899 0.63288278 0.03714683
0.57846029 0.76829495 0.93232825 0.03384990
0.88952059 0.89839050 0.35304464 0.04582076
0.42209018 0.75294210 0.24994282 0.04128822
0.08386829 0.81258418 0.18895940 0.03875373
0.71868531 0.40649683 0.30594779 0.03443362
0.67950583 0.45204238 0.91362687 0.03367003
0.67607390 0.32254924 0.43720924 0.07464515
0.67080504 0.55050115 0.36376918 0.05384550
0.40914278 0.22573441 0.88769587 0.03765423
0.91706199 0.75633757 0.29010028 0.04868697
0.14008662 0.08188097 0.33116314 0.03350306
0.71092107 0.76692511 0.52014550 0.03904534
0.70384526 0.71233508 0.38755386 0.03794292
0.51108856 0.15025798 0.73953842 0.04376505
0.40375269 0.67101149 0.11792032 0.03994633
0.52735859 0.92081251 0.11967975 0.04408694
0.82066221 0.06821689 0.51615617 0.03939375
0.78189773 0.23354957 0.93021769 0.03991741
0.53908141 0.15464367 0.12903034 0.06012047
0.42877629 0.74030308 0.07300329 0.03897112
0.32297751 0.17746698 0.20476936 0.03856067
0.85748743 0.40840951 0.34877514 0.04128313
0.76311313 0.53074859 0.80825931 0.03404099
0.15010930 0.55557694 0.43660595 0.03508518
0.07359326 0.91763514 0.10823126 0.04091684
0.27154027 0.32348028 0.48135156 0.03906053
0.19256467 0.24135954 0.07677987 0.04435228
0.80849350 0.87629295 0.62892285 0.04035788
0.74341640 0.77790305 0.07237017 0.04117334
0.37843321 0.45185546 0.71369433 0.04537220
0.51101207 0.47172627 0.07188557 0.04125617
0.26560033 0.15249747 0.53797579 0.04340013
0.22816364 0.33763198 0.35539148 0.03746900
0.89725019 0.22079272 0.59236446 0.05449753
0.34372897 0.18185575 0.09528756 0.03883115
0.76533726 0.60081639 0.75381222 0.04433856
0.70791547 0.73710020 0.16149508 0.04004868
0.57916563 0.70101705 0.82727418 0.04750073
0.60591426 0.09115905 0.08051951 0.03605945
0.68834967 0.57905256 0.83859856 0.04474498
0.08445915 0.68303753 0.08987255 0.03671374
0.85464678 0.29790261 0.52258329 0.04784582
0.89149708 0.14751354 0.66487487 0.03728255
0.38515399 0.48994298 0.28797377 0.03451011
0.68217240 0.66216642 0.30409293 0.03488461
0.29990498 0.89957948 0.12097091 0.04951710
0.06953230 0.79035158 0.52740554 0.03473395
0.92983275 0.63612974 0.78363515 0.03370808
0.91243451 0.71997999 0.69413483 0.04453212
0.34486986 0.34717645 0.66416101 0.03350088
0.09331390 0.86190913 0.35001161 0.05815445
0.88896827 0.27425879 0.90389078 0.03661434
0.57541870 0.33735304 0.08507527 0.04026717
0.74480761 0.90803362 0.41099526 0.05117057
0.90510202 0.40358023 0.47564473 0.03760653
0.54500914 0.06697110 0.88408968 0.03662952
0.26667050 0.54320414 0.38536441 0.03402336
0.62139243 0.85435682 0.34763301 0.04184737
0.86409938 0.71845895 0.90301598 0.05543137
0.08931579 0.42135821 0.09622663 0.03695453
0.78320407 0.06474506 0.36245564 0.03772056
0.22875168 0.38218838 0.75852073 0.03554123
0.28437194 0.93783226 0.86247650 0.03437552
0.81968055 0.92173954 0.53626979 0.03833929
0.19465328 0.49943838 0.38794718 0.03375074
0.10291227 0.20074214 0.58406919 0.04475444
0.78197182 0.29813694 0.18233594 0.03474921
0.72679243 0.30333891 0.07044259 0.03354734
0.39185873 0.91972522 0.75458496 0.03803119
0.80033277 0.74256618 0.77605291 0.03627662
0.20197075 0.57954081 0.13845896 0.04223482
0.65084138 0.36541062 0.29377802 0.04076474
0.40092988 0.07997500 0.71266552 0.04370653
0.69606881 0.10373529 0.62114957 0.04104140
0.10847576 0.40461037 0.42238198 0.04110411
0.21898854 0.10978100 0.92580615 0.04196120
0.93318021 0.93815105 0.42897880 0.03476903
0.91247944 0.07629125 0.78140922 0.03951763
0.56203680 0.34536104 0.39951472 0.04259156
0.44795780 0.52189106 0.45473638 0.04189649
0.92202944 0.57490133 0.63733677 0.04349464
0.09655833 0.55370953 0.66877179 0.04451789
0.07095279 0.07339534 0.66414959 0.04244910
0.19749860 0.36052410 0.44269440 0.03551036
0.81401143 0.62139685 0.08122900 0.04878902
0.88907500 0.23594767 0.41966597 0.04018396
0.93058069 0.16127580 0.87980687 0.03618798
0.90647914 0.36573548 0.07004079 0.04228562
0.64063808 0.59938803 0.07293041 0.03399314
0.88966235 0.59467916 0.52506231 0.04068154
0.07416986 0.74708641 0.45601454 0.03608492
0.71415682 0.70028006 0.79097802 0.05258618
0.64484042 0.79404619 0.10680987 0.03920732
0.48800993 0.22998137 0.40841411 0.03879350
0.69782707 0.11644706 0.88332877 0.04484103
0.27431577 0.43796695 0.69676783 0.04043338
0.78492996 0.06475226 0.07628185 0.03741157
0.28369568 0.78893725 0.63190727 0.03382719
0.85801826 0.39779478 0.19799324 0.03677538
0.12738280 0.90495408 0.91028964 0.03636878
0.76527058 0.07786042 0.23362651 0.04103584
0.61961447 0.75789315 0.35216976 0.03531205
0.19923160 0.18380405 0.29921728 0.03533412
0.66734560 0.68066195 0.06556464 0.03888244
0.42081966 0.10180467 0.49191930 0.03763817
0.19348552 0.89542823 0.87298846 0.03359831
0.47011152 0.26742835 0.23590248 0.03606400
0.37928858 0.75954815 0.13395861 0.03434898
0.34574871 0.23313576 0.55950580 0.05135564
0.52489475 0.28594005 0.66035722 0.03994183
0.32764621 0.42484710 0.46339050 0.03474570
0.67258492 0.91442443 0.31175205 0.03793420
0.72432474 0.83186346 0.67892981 0.05800925
0.91989727 0.91980998 0.56891544 0.03727918
0.84766503 0.10598672 0.73508817 0.03608127
0.38741205 0.49892854 0.10463521 0.03844875
0.25801416 0.82751810 0.07309171 0.03832448
0.35712090 0.57761953 0.06890634 0.03625038
0.70697439 0.19780347 0.69782434 0.04131635
0.73278080 0.45968251 0.85735959 0.03603127
0.89775828 0.70783939 0.06022512 0.03409861
0.15795787 0.10253521 0.42093466 0.04245198
0.54981765 0.33939278 0.75587865 0.05001396
0.25138564 0.92797326 0.58384268 0.03397840
0.93599193 0.86951291 0.82607282 0.03578773
0.89450309 0.34310425 0.42282914 0.03620861
0.64505370 0.91072308 0.63300818 0.04167540
0.60469518 0.80196268 0.75521777 0.04130653
0.56787172 0.60772559 0.87692361 0.03782484
0.08431177 0.44721448 0.26996774 0.03998696
0.53652345 0.31046184 0.31566198 0.03925858
0.61072942 0.52226764 0.90394404 0.03884202
0.59706949 0.43748913 0.81802286 0.03670494
0.25428611 0.80111867 0.25984949 0.03452670
0.29751984 0.49148782 0.77046421 0.03417547
0.06560351 0.09986372 0.11136228 0.03493976
0.26280738 0.47148811 0.92289225 0.03935980
0.76162642 0.60365902 0.42290268 0.03386938
0.15028097 0.47737455 0.49604032 0.04682992
0.58338166 0.25112539 0.72375140 0.03399666
0.65404583 0.71513603 0.24009316 0.03782911
0.40918785 0.43561017 0.79717606 0.03384972
0.09142149 0.83444779 0.45689728 0.03954407
0.78055870 0.39061669 0.82965842 0.04154346
0.47499256 0.10840098 0.25007637 0.04140563
0.51948022 0.92446295 0.70646256 0.04790743
0.06221666 0.50883982 0.32565016 0.03434373
0.15443175 0.57270823 0.87847603 0.03822729
0.39539677 0.16618016 0.24706883 0.03547322
0.66686496 0.47808175 0.08631958 0.05125748
0.86550699 0.14287875 0.30356804 0.03880047
0.55050266 0.07786100 0.26088993 0.03515608
0.89401699 0.60418754 0.29577625 0.03948315
0.51862623 0.91907901 0.29335514 0.04367576
0.10365618 0.40937152 0.17906652 0.04141198
0.45047247 0.29138886 0.81584320 0.03788936
0.27904342 0.06743540 0.52428805 0.03606683
0.13717387 0.71006627 0.39787426 0.04120335
0.27113365 0.06974408 0.61919239 0.03740775
0.33194687 0.49206775 0.41109872 0.03830466
0.26501754 0.79302373 0.73551286 0.03364732
0.84580247 0.62898757 0.37320893 0.03462443
0.37839895 0.80888359 0.93922051 0.03387106
0.92886976 0.11489184 0.12388266 0.04288590
0.32859002 0.54985997 0.69572639 0.04100994
0.46842968 0.63802964 0.06299192 0.03520787
0.76474170 0.07032417 0.58450339 0.03395195
0.91528017 0.56730832 0.08836754 0.04579372
0.06486336 0.17031642 0.13897402 0.03355469
0.31208918 0.37665496 0.33282064 0.03762703
0.32504090 0.21133168 0.65738563 0.03728955
0.91933622 0.63659461 0.88153069 0.03555669
0.07370618 0.91618872 0.70909652 0.03850091
0.44168345 0.22193886 0.15173425 0.05150255
0.76883813 0.11395748 0.71224932 0.03578779
0.47890838 0.68137909 0.56119618 0.03628159
0.22508362 0.22884593 0.93256386 0.03679922
