0.14000000 0.14000000 0.14000000 0.08000000
0.32000000 0.14000000 0.14000000 0.08000000
0.50000000 0.14000000 0.14000000 0.08000000
0.68000000 0.14000000 0.14000000 0.08000000
0.86000000 0.14000000 0.14000000 0.08000000
0.14000000 0.32000000 0.14000000 0.08000000
0.32000000 0.32000000 0.14000000 0.08000000
0.50000000 0.32000000 0.14000000 0.08000000
0.68000000 0.32000000 0.14000000 0.08000000
0.86000000 0.32000000 0.14000000 0.08000000
0.14000000 0.50000000 0.14000000 0.08000000
0.32000000 0.50000000 0.14000000 0.08000000
0.50000000 0.50000000 0.14000000 0.08000000
0.68000000 0.50000000 0.14000000 0.08000000
0.86000000 0.50000000 0.14000000 0.08000000
0.14000000 0.68000000 0.14000000 0.08000000
0.32000000 0.68000000 0.14000000 0.08000000
0.50000000 0.68000000 0.14000000 0.08000000
0.68000000 0.68000000 0.14000000 0.08000000
0.86000000 0.68000000 0.14000000 0.08000000
0.14000000 0.86000000 0.14000000 0.08000000
0.32000000 0.86000000 0.14000000 0.08000000
0.50000000 0.86000000 0.14000000 0.08000000
0.68000000 0.86000000 0.14000000 0.08000000
0.86000000 0.86000000 0.14000000 0.08000000
0.14000000 0.14000000 0.32000000 0.08000000
0.32000000 0.14000000 0.32000000 0.08000000
0.50000000 0.14000000 0.32000000 0.08000000
0.68000000 0.14000000 0.32000000 0.08000000
0.86000000 0.14000000 0.32000000 0.08000000
0.14000000 0.32000000 0.32000000 0.08000000
0.32000000 0.32000000 0.32000000 0.08000000
0.50000000 0.32000000 0.32000000 0.08000000
0.68000000 0.32000000 0.32000000 0.08000000
0.86000000 0.32000000 0.32000000 0.08000000
0.14000000 0.50000000 0.32000000 0.08000000
0.32000000 0.50000000 0.32000000 0.08000000
0.50000000 0.50000000 0.32000000 0.08000000
0.68000000 0.50000000 0.32000000 0.08000000
0.86000000 0.50000000 0.32000000 0.08000000
0.14000000 0.68000000 0.32000000 0.08000000
0.32000000 0.68000000 0.32000000 0.08000000
0.50000000 0.68000000 0.32000000 0.08000000
0.68000000 0.68000000 0.32000000 0.08000000
0.86000000 0.68000000 0.32000000 0.08000000
0.14000000 0.86000000 0.32000000 0.08000000
0.32000000 0.86000000 0.32000000 0.08000000
0.50000000 0.86000000 0.32000000 0.08000000
0.68000000 0.86000000 0.32000000 0.08000000
0.86000000 0.86000000 0.32000000 0.08000000
0.14000000 0.14000000 0.50000000 0.08000000
0.32000000 0.14000000 0.50000000 0.08000000
0.50000000 0.14000000 0.50000000 0.08000000
0.68000000 0.14000000 0.50000000 0.08000000
0.86000000 0.14000000 0.50000000 0.08000000
0.14000000 0.32000000 0.50000000 0.08000000
0.32000000 0.32000000 0.50000000 0.08000000
0.50000000 0.32000000 0.50000000 0.08000000
0.68000000 0.32000000 0.50000000 0.08000000
0.86000000 0.32000000 0.50000000 0.08000000
0.14000000 0.50000000 0.50000000 0.08000000
0.32000000 0.50000000 0.50000000 0.08000000
0.50000000 0.50000000 0.50000000 0.08000000
0.68000000 0.50000000 0.50000000 0.08000000
0.86000000 0.50000000 0.50000000 0.08000000
0.14000000 0.68000000 0.50000000 0.08000000
0.32000000 0.68000000 0.50000000 0.08000000
0.50000000 0.68000000 0.50000000 0.08000000
0.68000000 0.68000000 0.50000000 0.08000000
0.86000000 0.68000000 0.50000000 0.08000000
0.14000000 0.86000000 0.50000000 0.08000000
0.32000000 0.86000000 0.50000000 0.08000000
0.50000000 0.86000000 0.50000000 0.08000000
0.68000000 0.86000000 0.50000000 0.08000000
0.86000000 0.86000000 0.50000000 0.08000000
0.14000000 0.14000000 0.68000000 0.08000000
0.32000000 0.14000000 0.68000000 0.08000000
0.50000000 0.14000000 0.68000000 0.08000000
0.68000000 0.14000000 0.68000000 0.08000000
0.86000000 0.14000000 0.68000000 0.08000000
0.14000000 0.32000000 0.68000000 0.08000000
0.32000000 0.32000000 0.68000000 0.08000000
0.50000000 0.32000000 0.68000000 0.08000000
0.68000000 0.32000000 0.68000000 0.08000000
0.86000000 0.32000000 0.68000000 0.08000000
0.14000000 0.50000000 0.68000000 0.08000000
0.32000000 0.50000000 0.68000000 0.08000000
0.50000000 0.50000000 0.68000000 0.08000000
0.68000000 0.50000000 0.68000000 0.08000000
0.86000000 0.50000000 0.68000000 0.08000000
0.14000000 0.68000000 0.68000000 0.08000000
0.32000000 0.68000000 0.68000000 0.08000000
0.50000000 0.68000000 0.68000000 0.08000000
0.68000000 0.68000000 0.68000000 0.08000000
0.86000000 0.68000000 0.68000000 0.08000000
0.14000000 0.86000000 0.68000000 0.08000000
0.32000000 0.86000000 0.68000000 0.08000000
0.50000000 0.86000000 0.68000000 0.08000000
0.68000000 0.86000000 0.68000000 0.08000000
0.86000000 0.86000000 0.68000000 0.08000000
0.14000000 0.14000000 0.86000000 0.08000000
0.32000000 0.14000000 0.86000000 0.08000000
0.50000000 0.14000000 0.86000000 0.08000000
0.68000000 0.14000000 0.86000000 0.08000000
0.86000000 0.14000000 0.86000000 0.08000000
0.14000000 0.32000000 0.86000000 0.08000000
0.32000000 0.32000000 0.86000000 0.08000000
0.50000000 0.32000000 0.86000000 0.08000000
0.68000000 0.32000000 0.86000000 0.08000000
0.86000000 0.32000000 0.86000000 0.08000000
0.14000000 0.50000000 0.86000000 0.08000000
0.32000000 0.50000000 0.86000000 0.08000000
0.50000000 0.50000000 0.86000000 0.08000000
0.68000000 0.50000000 0.86000000 0.08000000
0.86000000 0.50000000 0.86000000 0.08000000
0.14000000 0.68000000 0.86000000 0.08000000
0.32000000 0.68000000 0.86000000 0.08000000
0.50000000 0.68000000 0.86000000 0.08000000
0.68000000 0.68000000 0.86000000 0.08000000
0.86000000 0.68000000 0.86000000 0.08000000
0.14000000 0.86000000 0.86000000 0.08000000
0.32000000 0.86000000 0.86000000 0.08000000
0.50000000 0.86000000 0.86000000 0.08000000
0.68000000 0.86000000 0.86000000 0.08000000
0.86000000 0.86000000 0.86000000 0.08000000
