0.69221254 0.06389649 0.32755363 0.03785044
0.13877469 0.22199784 0.36315267 0.03117487
0.53390378 0.42942189 0.66177667 0.03735016
0.83394200 0.08260287 0.65055180 0.03259997
0.55120055 0.18627634 0.23662607 0.03785743
0.89941626 0.34085515 0.66404673 0.04732839
0.83507888 0.14764173 0.10858997 0.04919681
0.83462705 0.14456782 0.43018631 0.03174481
0.52802532 0.66213995 0.34410706 0.05120987
0.70931570 0.31481515 0.74399309 0.05197487
0.45371405 0.86295361 0.31666835 0.03009968
0.17481325 0.07754711 0.65718767 0.03465805
0.29302302 0.49256073 0.10570546 0.03277721
0.19461379 0.57720035 0.67268152 0.04173070
0.42365243 0.67269359 0.42376194 0.03007766
0.53198345 0.64593990 0.51326610 0.02878385
0.57319899 0.84115415 0.19341492 0.05088149
0.77249323 0.40929356 0.20334645 0.03099013
0.37112496 0.71232702 0.69132043 0.05045946
0.84832235 0.43673070 0.90899170 0.03421722
0.60464970 0.16870884 0.88652891 0.04393700
0.56825707 0.42001093 0.27101856 0.03866283
0.56246399 0.07854347 0.59931310 0.04986347
0.52372949 0.83846460 0.37482803 0.03561813
0.92697103 0.21869157 0.18846691 0.04461515
0.66656731 0.13270572 0.71619852 0.05058511
0.86183403 0.68092770 0.17862018 0.04617074
0.07713579 0.07900606 0.27348935 0.02804104
0.53300543 0.54489736 0.79071770 0.04879269
0.30408403 0.57608863 0.91664178 0.03061708
0.08357468 0.76008175 0.26899211 0.04140745
0.40438385 0.80997568 0.71070944 0.04748550
0.18540388 0.11917157 0.17232680 0.04128913
0.15017262 0.25553389 0.68982997 0.02865043
0.07827258 0.12968018 0.90427871 0.04137501
0.24342083 0.28582202 0.71085005 0.04158208
0.57189094 0.91532232 0.80646727 0.03237711
0.07365909 0.11921876 0.48790746 0.03142275
0.55940647 0.34241645 0.92158828 0.04252634
0.39642194 0.54402777 0.71200994 0.04186971
0.29791641 0.12720586 0.38831971 0.04408005
0.25027527 0.71778347 0.12651190 0.04310402
0.76828807 0.23011749 0.62277319 0.03397978
0.86828974 0.29478876 0.12370744 0.04050936
0.73306671 0.84921371 0.86989873 0.04570613
0.54789519 0.85135790 0.61968154 0.05101935
0.48775900 0.59114384 0.54329371 0.03718319
0.16940840 0.17714933 0.50500940 0.03184670
0.89978322 0.79192851 0.06718713 0.02808166
0.35144330 0.17357951 0.77377571 0.03190205
0.88556354 0.57184990 0.83188211 0.03606500
0.84488726 0.46586816 0.53942952 0.04841494
0.31719992 0.49168542 0.58454954 0.04727551
0.58345422 0.44079049 0.77439180 0.02793367
0.84478345 0.56832438 0.22269997 0.03533655
0.59563269 0.11920549 0.43187527 0.04701185
0.85963663 0.07077647 0.90960183 0.04432300
0.61071188 0.31464742 0.57506065 0.04174537
0.80655366 0.71823433 0.66944692 0.04607554
0.34932325 0.64512770 0.45825515 0.04890264
0.42203354 0.41387594 0.34036166 0.03698794
0.43987094 0.90843237 0.65326999 0.04291141
0.43524269 0.36160143 0.76295433 0.03245468
0.84284720 0.63814323 0.30491514 0.04928596
0.81257420 0.52440951 0.76612654 0.03378346
0.70155977 0.51643621 0.73418850 0.04169047
0.47034870 0.36397021 0.12662269 0.04160079
0.13243080 0.92216867 0.22160664 0.03688473
0.81962257 0.66060610 0.55923801 0.04760291
0.47067651 0.36291971 0.25655816 0.03152599
0.33789113 0.85948845 0.85372874 0.04218504
0.60180375 0.26763276 0.15272997 0.03782146
0.48017204 0.19872666 0.60565498 0.04029167
0.51707371 0.75171071 0.07856215 0.03303461
0.82708962 0.80234425 0.53371618 0.03556175
0.88217397 0.77732903 0.80087128 0.04895522
0.63443732 0.68082945 0.59795146 0.02998896
0.10297343 0.73052282 0.69767237 0.04730050
0.28613045 0.61647623 0.36380411 0.03396455
0.45405265 0.74123819 0.91846426 0.04722574
0.18644508 0.85247700 0.53650241 0.03496613
0.61531686 0.91694484 0.53889143 0.05162609
0.18396451 0.37491559 0.08929455 0.04055272
0.66374862 0.66227363 0.23538562 0.04884995
0.57106589 0.92664557 0.24205889 0.03846504
0.29047959 0.72039653 0.46209619 0.03366900
0.50758490 0.24346024 0.76594885 0.02895616
0.08501741 0.58207734 0.80205251 0.03489409
0.71843357 0.50974021 0.53580129 0.03696110
0.88935735 0.25765284 0.29735798 0.03903554
0.66784415 0.72704222 0.36563472 0.04738319
0.43940411 0.77563287 0.60760937 0.04844253
0.12634106 0.07311736 0.11600558 0.03109255
0.71570800 0.45842422 0.45639931 0.03730281
0.47740122 0.76354453 0.41514832 0.03935839
0.07783408 0.53330460 0.07150006 0.04282729
0.19669676 0.22319413 0.60855001 0.03114529
0.91531386 0.67895940 0.69648720 0.04992349
0.41599243 0.28800334 0.22323846 0.05000954
0.77743370 0.18653749 0.29082019 0.03050059
0.33861126 0.91104278 0.30116499 0.04778150
0.33923549 0.85593505 0.38437120 0.04073124
0.51071391 0.88251921 0.09119037 0.03825973
0.83519058 0.09477957 0.51890284 0.04525690
0.81527789 0.55131995 0.66683289 0.03560195
0.61170486 0.31725994 0.07284267 0.03873548
0.33702775 0.51492470 0.85990727 0.04179587
0.27974754 0.38777743 0.87655178 0.03808393
0.79133212 0.85553008 0.26978074 0.05069065
0.25755304 0.33496358 0.21083667 0.02971081
0.42544389 0.77294248 0.22833608 0.04254523
0.25847112 0.64615599 0.49755083 0.02895702
0.21790361 0.56132777 0.93080550 0.04036969
0.09631377 0.14910914 0.12475763 0.04226152
0.39154746 0.91386303 0.21092999 0.03870781
0.72581978 0.77374279 0.61196295 0.05157785
0.48012664 0.08146221 0.37363503 0.04406770
0.06637745 0.72897709 0.34037884 0.03095027
0.26396770 0.36392147 0.52016065 0.05186427
0.46908761 0.17911126 0.33963270 0.04619582
0.66055644 0.45637901 0.85649926 0.04416001
0.07406331 0.48659452 0.80933500 0.04346572
0.24072464 0.71026909 0.32112286 0.04868896
0.26156402 0.25532970 0.24235177 0.04593849
0.39105756 0.08044741 0.15515636 0.03107020
0.48115588 0.17937366 0.90833662 0.04498948
0.23667520 0.43906631 0.41517756 0.03149789
0.58364664 0.32386806 0.69946095 0.04331400
0.43705048 0.73862897 0.12464765 0.05089912
0.23803444 0.41070346 0.32982328 0.04818121
0.85990570 0.38450650 0.52730434 0.02952856
0.18053088 0.24505449 0.13191874 0.03975467
0.70809731 0.19656338 0.54428196 0.04058923
0.09186799 0.80615708 0.55006098 0.04884057
0.72591335 0.68940189 0.92548713 0.03750955
0.06361548 0.88159203 0.81474962 0.03441870
0.51429590 0.67728227 0.74030643 0.04555262
0.83638553 0.53790987 0.31268466 0.03501179
0.65327828 0.25601326 0.47130675 0.03608876
0.61132649 0.83116564 0.45409269 0.03532471
0.46325725 0.63338884 0.18566527 0.04692610
0.85675571 0.59193534 0.73252033 0.03824464
0.60512397 0.78575299 0.08396799 0.05098626
0.14383295 0.34997918 0.87629710 0.05198670
0.78822044 0.82258723 0.44626471 0.02777080
0.76654017 0.48050588 0.17800851 0.03386691
0.66004153 0.41101440 0.50500892 0.03788888
0.06938126 0.69137434 0.55715938 0.03111459
0.91483014 0.34315350 0.92117503 0.03760097
0.75793580 0.44093487 0.37450142 0.03377522
0.23218787 0.57242150 0.83789253 0.04949314
0.18859378 0.68993626 0.67463488 0.03599624
0.67861135 0.59786110 0.62777723 0.04315167
0.46714205 0.43716140 0.49760308 0.03209365
0.36050570 0.28918215 0.80502500 0.03153932
0.32380728 0.81207569 0.64889904 0.04013745
0.17674330 0.47466303 0.91915644 0.04319681
0.62267069 0.20553151 0.61763250 0.05097299
0.47289970 0.43776103 0.58585645 0.04152185
0.71357450 0.56749489 0.86120423 0.04854426
0.93741847 0.10205590 0.23247760 0.02914908
0.15770205 0.60785500 0.10579689 0.03799199
0.48967645 0.52190252 0.09768367 0.04719394
0.37142991 0.26687212 0.44308008 0.04346253
0.47359090 0.91914338 0.38144524 0.03699695
0.39301105 0.92839295 0.11782963 0.04129325
0.09329279 0.56173492 0.22285146 0.04031265
0.91435128 0.82300625 0.45850337 0.04313469
0.38430302 0.18304827 0.70100235 0.03127437
0.45555685 0.83557465 0.52401090 0.03933222
0.13061294 0.41068239 0.76318308 0.03109709
0.73666603 0.31466181 0.24978388 0.03228439
0.40953536 0.39384429 0.64224342 0.02796288
0.41623436 0.34598972 0.54983438 0.04364920
0.11694761 0.47682633 0.36553111 0.02853130
0.54170891 0.25458198 0.65032554 0.03566053
0.14025425 0.82809804 0.26678879 0.03107699
0.88313195 0.76540031 0.31639130 0.04914091
0.67284988 0.65189146 0.43800563 0.02846668
0.53077450 0.10674335 0.18787758 0.04651439
0.35477136 0.10436603 0.59289473 0.03232739
0.43025083 0.82392258 0.12751351 0.02911458
0.17438484 0.73729217 0.79688926 0.03923587
0.48791422 0.26772913 0.90330367 0.02861929
0.59635723 0.90044178 0.36879482 0.05086415
0.70051445 0.28724452 0.58671112 0.04249169
0.11998255 0.18509376 0.79185775 0.04767109
0.52697674 0.28297311 0.32331417 0.04282314
0.43346821 0.13005579 0.83717293 0.04910535
0.80532507 0.59046598 0.91040862 0.03154764
0.58376941 0.58671300 0.60135916 0.03608828
0.72291398 0.89914224 0.53088260 0.02901168
0.07969027 0.93687271 0.57203566 0.03504264
0.87690391 0.50625561 0.46018954 0.03479639
0.29627256 0.33181667 0.38914092 0.04207043
0.57449839 0.67256882 0.12282349 0.03358787
0.27430421 0.22590672 0.40768002 0.04988134
0.77676498 0.59959522 0.72809712 0.03546795
0.14226495 0.26987383 0.46664545 0.03968042
0.80117328 0.43725886 0.81975430 0.03571068
0.56971109 0.24255023 0.52541753 0.04377952
0.66052342 0.85004524 0.12796219 0.03569716
0.43756332 0.35576423 0.93463599 0.03243647
0.93075321 0.51643998 0.21348423 0.03694184
0.38460495 0.16493827 0.61968755 0.02939198
0.92835515 0.87516366 0.19393611 0.03777382
0.43048612 0.29321263 0.85693033 0.03958369
0.18724668 0.23842920 0.84955574 0.03317166
0.32305683 0.69020323 0.22978449 0.03701661
0.60860830 0.62192199 0.34805011 0.03354942
0.83871938 0.46435728 0.73487447 0.02921699
0.58048166 0.43729226 0.39616994 0.03382105
0.80437951 0.92668460 0.86581033 0.03211908
0.38389720 0.59036427 0.89747491 0.04081408
0.66506701 0.41613790 0.18211639 0.03727893
0.58484787 0.71178075 0.53603646 0.04458409
0.86944229 0.81114362 0.21464815 0.04485317
0.40129645 0.53374100 0.35717984 0.03014236
0.66092479 0.55283129 0.37806687 0.04430852
0.07097126 0.30677026 0.53020927 0.04035156
0.87131662 0.13400076 0.30791275 0.04359470
0.12040639 0.06814594 0.91989656 0.02929239
0.21987600 0.52387175 0.42630272 0.02974826
0.86951341 0.22522472 0.80713015 0.04732629
0.33268139 0.10313696 0.31587200 0.02769320
0.89719224 0.47982063 0.30584873 0.03634361
0.85814625 0.84333864 0.87142817 0.03458021
0.20207269 0.45124634 0.13536707 0.03607436
0.23197286 0.66908816 0.56532673 0.03163337
0.28311726 0.61007627 0.10459164 0.04912108
0.81505713 0.91992400 0.07487127 0.04030010
0.25678892 0.10150737 0.06859915 0.03379518
0.10515968 0.30743332 0.62159611 0.03965782
0.17759344 0.88418843 0.76794706 0.03463999
0.23382392 0.86646079 0.86865829 0.05071931
0.30186627 0.54521685 0.22331724 0.03455355
0.49351935 0.46895119 0.77316323 0.02901612
0.40440156 0.27121475 0.66416836 0.03388953
0.61294912 0.20254829 0.07794639 0.03911082
0.23280896 0.13791299 0.82510591 0.03477015
0.76841087 0.77298364 0.82874568 0.02822082
0.21731617 0.91313430 0.71272564 0.03451157
0.60594574 0.25499405 0.73582617 0.02961329
0.69438140 0.42082935 0.70592743 0.05130084
0.33688382 0.59307658 0.58336497 0.03466328
0.29164831 0.72600231 0.87443416 0.04925293
0.47863634 0.64031085 0.80674906 0.02757551
0.50750683 0.75830804 0.67029241 0.03169310
0.35434570 0.60754488 0.29262695 0.04518402
0.61600596 0.68573854 0.71362834 0.03348035
0.74688647 0.09140243 0.27073113 0.03067284
0.89982293 0.33180398 0.76648117 0.02862325
0.88251365 0.60488056 0.92741681 0.03391996
0.50204302 0.14444777 0.73627629 0.04730162
0.25051987 0.60416004 0.21863531 0.03720569
0.09227613 0.09896779 0.18890886 0.02927371
0.89778494 0.16002829 0.62888811 0.03731516
0.84723128 0.73464383 0.43130734 0.04078926
0.63719452 0.90551911 0.06272963 0.03375472
0.28654904 0.62915492 0.68649701 0.04190031
0.63656797 0.77161961 0.76660710 0.04049738
0.45784324 0.42063955 0.82308675 0.04285615
0.18570638 0.87683288 0.09355955 0.02847832
0.53514088 0.60451374 0.26175806 0.03140259
0.22577195 0.74777328 0.58848229 0.04381663
0.24574344 0.15839993 0.73875166 0.02790985
0.94329405 0.40181981 0.86039143 0.02955605
0.51100681 0.56428936 0.44807048 0.03896530
0.80086002 0.37810527 0.13254456 0.04134931
0.76031680 0.75440860 0.30414235 0.04993463
0.31346634 0.17266084 0.64583511 0.04069488
0.62481058 0.24869427 0.29681179 0.04797119
0.53646267 0.48031841 0.47161423 0.03788687
0.90121004 0.59211925 0.58987420 0.04165392
0.65898037 0.10691492 0.17936753 0.03543665
0.26268309 0.91375329 0.50814576 0.02864450
0.13372588 0.82068329 0.45411721 0.03382954
0.70477308 0.75648554 0.45459053 0.04142612
0.24198745 0.12249123 0.23721378 0.03803663
0.15337899 0.31108935 0.73615414 0.03493807
0.75946878 0.51474209 0.26931763 0.04337733
0.33110650 0.09458285 0.84756082 0.04306066
0.20875284 0.34192469 0.27613515 0.02934113
0.18580392 0.81331147 0.14752877 0.02853147
0.08779923 0.65558151 0.26330899 0.03307403
0.43287951 0.29782197 0.32357860 0.03093899
0.58965662 0.69132009 0.81165822 0.03792272
0.32876798 0.83464987 0.17171252 0.03514232
0.23659022 0.48411048 0.75999495 0.04566414
0.45723078 0.85212872 0.82709996 0.03447076
0.57796672 0.77222323 0.84964254 0.04501753
0.63894240 0.49673181 0.60460342 0.03985007
0.43807699 0.07228440 0.23605282 0.04193626
0.11328906 0.39222936 0.67329087 0.03212057
0.22980459 0.45909539 0.60761880 0.03008961
0.16611272 0.60662048 0.40363243 0.04607807
0.73819976 0.40726549 0.92403834 0.04080340
0.72144257 0.86587229 0.44890442 0.03842888
0.12384443 0.40532331 0.47160275 0.04059075
0.65110457 0.83074247 0.54195565 0.02767034
0.60022090 0.32868534 0.38458731 0.04096615
0.76729004 0.24205702 0.35091000 0.04175101
0.31866484 0.42449151 0.25041628 0.03665385
0.07196436 0.29652018 0.76056121 0.03509124
0.79307939 0.53462059 0.53741698 0.02962533
0.10137233 0.82192391 0.10362928 0.04793183
0.19123195 0.67208601 0.85470613 0.03703762
0.73382422 0.31354763 0.90117640 0.03540729
0.08621442 0.60971926 0.15015995 0.03934329
0.93288139 0.59957444 0.39143626 0.02807067
0.40171642 0.45767379 0.88453210 0.02820525
0.08236260 0.31031199 0.35414396 0.02792271
0.76884757 0.09389904 0.37607011 0.03649674
0.24088256 0.71792509 0.41425555 0.03039775
0.83669511 0.18494158 0.90353595 0.03951641
0.63339583 0.21651629 0.20990165 0.03881006
0.68855554 0.13410461 0.82521845 0.03005509
0.75986939 0.75019172 0.19909653 0.03730618
0.54562215 0.58532855 0.18446903 0.02923281
0.36503211 0.66506316 0.11692385 0.04105311
0.30547694 0.14729737 0.16708970 0.03748172
0.89553617 0.24327168 0.71696953 0.03540324
0.36698982 0.30998877 0.13585258 0.03439919
0.79159075 0.77894192 0.08429344 0.04832042
0.93989115 0.16532094 0.49127875 0.03414590
0.23656989 0.84293656 0.40065464 0.04859328
0.08768951 0.30130675 0.21806455 0.03285992
0.82752391 0.69780866 0.89736259 0.03678455
0.88285359 0.48169741 0.62463852 0.03622132
0.78299268 0.50294876 0.10120308 0.02842344
0.27341172 0.36678694 0.72305594 0.02944776
0.07763368 0.68282069 0.92560860 0.03009792
0.56657467 0.24469629 0.42782571 0.04877652
0.87003925 0.73451779 0.50905499 0.03095512
0.14989912 0.34214679 0.16973971 0.03875330
0.33174357 0.40114265 0.32177479 0.03398184
0.06900754 0.56632608 0.33103944 0.03460884
0.88506937 0.84554154 0.58521241 0.02800356
0.21011088 0.56833963 0.27947520 0.03025138
0.51004793 0.93136984 0.17859843 0.04014389
0.75123071 0.57259447 0.46813243 0.04622740
0.27499049 0.09172264 0.70330166 0.04365380
0.39191882 0.59876151 0.63782988 0.03562176
0.78796694 0.39419264 0.61636308 0.03256160
0.42382344 0.25573835 0.05518918 0.02848311
0.52918842 0.90478668 0.72636487 0.03716420
0.74198297 0.39729009 0.56364874 0.02808563
0.29730868 0.63160864 0.79468776 0.04296724
0.55651981 0.33391669 0.82446885 0.04333201
0.49775972 0.49105177 0.93509090 0.03514744
0.44663242 0.20737153 0.52567467 0.03283943
0.10394507 0.23662283 0.90743403 0.04714907
0.12794462 0.16419543 0.67172961 0.04827194
0.77863608 0.06985226 0.20638692 0.03390320
0.26343507 0.16426631 0.91187355 0.04397794
0.42820209 0.32059362 0.07240877 0.03190555
0.84075018 0.30082196 0.60319021 0.03045082
0.09329505 0.91994851 0.34411684 0.04455731
0.77533554 0.92228899 0.71200311 0.02814042
0.72467222 0.65418898 0.12255434 0.03330150
0.73654610 0.27043989 0.10421391 0.05198484
0.12358430 0.52256922 0.63166798 0.03605165
0.86029010 0.49605714 0.82636371 0.03624824
0.38281636 0.38250278 0.14452761 0.03299709
0.07663902 0.42718503 0.08779275 0.04236294
0.40907926 0.50569526 0.23693435 0.04133968
0.36855449 0.53277931 0.07191770 0.04007118
0.08383196 0.46660398 0.90844993 0.03089325
0.11391163 0.83768003 0.78562980 0.02986227
0.27583713 0.76095264 0.69565256 0.02794298
0.54836388 0.57540684 0.69505445 0.03362570
0.92434208 0.66909236 0.29559862 0.03362478
0.31663840 0.92993174 0.77134537 0.04255220
0.61602009 0.47510213 0.69029080 0.03696536
0.86069403 0.29902831 0.37095993 0.03797653
0.21808225 0.17444347 0.66292246 0.03056579
0.73028208 0.68740503 0.55088256 0.03207867
0.12361754 0.77839839 0.90968466 0.05064563
0.63815753 0.89994458 0.72728451 0.02970549
0.07437739 0.35344672 0.93747869 0.03043723
0.24475969 0.91995455 0.12019753 0.03663086
0.83817657 0.57840521 0.46214107 0.02849817
0.44721460 0.05785480 0.60079118 0.02788420
0.68811440 0.19904824 0.79053912 0.03207896
0.31868006 0.23965414 0.76266321 0.03672092
0.12572861 0.38073851 0.30996000 0.03277324
0.69553853 0.56466601 0.13309701 0.03025709
0.62086137 0.13121307 0.27927315 0.04451734
0.46603693 0.70723212 0.50088092 0.04416215
0.73261722 0.88019409 0.34544899 0.03071044
0.51676325 0.53354443 0.31834920 0.03266562
0.33471345 0.26035306 0.87660727 0.02845747
0.90932405 0.67109878 0.38600488 0.03652012
0.29810833 0.13683575 0.52412412 0.04413917
0.09078947 0.58325099 0.55561095 0.03797902
0.71865255 0.18635145 0.15294700 0.03283832
0.42525168 0.69788827 0.84727069 0.03440741
0.78909506 0.68644459 0.41234684 0.03127401
0.82910828 0.08037184 0.78185625 0.04966437
0.18557499 0.14904072 0.39105393 0.04847841
0.29882524 0.84368529 0.27417384 0.02981239
0.63458671 0.55829094 0.09217897 0.03641350
0.55755847 0.42718431 0.12344124 0.04722853
0.55109591 0.39595804 0.46129348 0.03675044
0.26057730 0.79046367 0.07497634 0.04086529
0.35164547 0.44266743 0.70096565 0.04520506
0.37902765 0.44701613 0.09727663 0.03572761
0.50952185 0.07088624 0.45188248 0.03283831
0.21093344 0.56733767 0.47927583 0.02855473
0.36020370 0.70658655 0.92320263 0.03186815
0.46488605 0.75931062 0.30760105 0.03710865
0.74331859 0.60177126 0.06639649 0.03390262
0.49065183 0.33467559 0.63925669 0.05190927
0.84239136 0.19209640 0.37628110 0.03074251
0.38691162 0.57402709 0.17464774 0.02948937
0.42576755 0.57762032 0.41844441 0.04184214
0.75416606 0.23799666 0.21149523 0.04597125
0.65821767 0.76903476 0.20575248 0.04827728
0.34613259 0.26321381 0.06585332 0.03584913
0.82384106 0.35227479 0.84706642 0.05112355
0.21719740 0.86587252 0.22875313 0.03714231
0.73366433 0.86953905 0.77238478 0.03586402
0.88482144 0.22301018 0.48498570 0.03790759
0.45820916 0.43548625 0.43234849 0.02900913
0.08104065 0.45504897 0.23766438 0.03768989
0.41323583 0.12635913 0.47158266 0.03843125
0.76505473 0.76077644 0.76411699 0.03265085
0.53573918 0.33694426 0.16447998 0.03312245
0.51156118 0.05622993 0.68507060 0.02961989
0.90520902 0.63968526 0.49504894 0.04580476
0.35443913 0.73266181 0.81173553 0.03314793
0.87498674 0.56937500 0.10708863 0.03834696
0.28225871 0.43072074 0.64660365 0.03066806
0.36797923 0.93454430 0.59158699 0.03493371
0.92899443 0.49621444 0.39961163 0.04088168
0.33846499 0.52775668 0.47543274 0.04131442
0.72699020 0.09811078 0.91434512 0.04431526
0.32131215 0.06764263 0.92894185 0.03391923
0.34247708 0.80280128 0.52609519 0.04127681
0.66509728 0.53104308 0.22641629 0.03121997
0.89054380 0.55223765 0.66547952 0.03050075
0.55405816 0.09793131 0.87294309 0.03351640
0.32327950 0.42695290 0.81482447 0.03977726
0.62628435 0.24908525 0.83044930 0.04530011
0.46937812 0.92806574 0.90214080 0.03902346
0.58590693 0.61029078 0.42301175 0.03374987
0.92074461 0.88542244 0.72797709 0.04057207
0.22575369 0.28453598 0.56800397 0.04253812
0.64922599 0.79658530 0.91104190 0.03202537
0.08409897 0.24796915 0.10163698 0.03022367
0.88812263 0.47033733 0.08389897 0.03323672
0.71626549 0.89675849 0.17251032 0.03237965
0.24318301 0.33478027 0.13270743 0.03759021
0.64614184 0.36864552 0.78189505 0.03332050
0.37366248 0.08081740 0.51593924 0.02776476
0.75439837 0.21955334 0.44696144 0.04652733
0.48546860 0.81952647 0.76259087 0.03328982
0.93547623 0.08453843 0.40502215 0.03183571
0.66729397 0.11725957 0.61412585 0.03928110
0.36640589 0.16554132 0.31156887 0.03170009
0.47054391 0.16570115 0.09827317 0.05159738
0.60899106 0.55083715 0.84078159 0.03243909
0.49722313 0.46785289 0.29777701 0.03350078
0.51002319 0.63443888 0.60165043 0.03256079
0.21637590 0.49756738 0.07440064 0.03085084
0.93105796 0.10365703 0.77100881 0.04098003
0.57956349 0.77206734 0.93840705 0.02780996
0.90148195 0.91062424 0.34853195 0.03299733
0.16664687 0.73518150 0.07606423 0.03324120
0.39670973 0.72905502 0.35079315 0.03519700
0.68871407 0.10930197 0.07400500 0.03716376
0.41509218 0.84487104 0.91176504 0.03918539
0.27409505 0.55692650 0.63408438 0.03867578
0.16055063 0.45023394 0.70508616 0.02804184
0.15405820 0.75292890 0.17573324 0.03634776
0.18168325 0.25408782 0.26618041 0.03244159
0.07522664 0.81907550 0.18250013 0.02993495
0.82765121 0.67421742 0.78496755 0.04783167
0.75512474 0.86577673 0.09477890 0.03518416
0.83059588 0.28446761 0.68860349 0.03271349
0.72193297 0.40510824 0.30306595 0.02806290
0.27522658 0.94014455 0.42983195 0.03151568
0.40237578 0.44000729 0.52142836 0.02961058
0.82409511 0.16845976 0.20899749 0.03566295
0.46182563 0.57383528 0.34191727 0.03212947
0.91477073 0.45476024 0.70363081 0.03135258
0.24632393 0.36318989 0.63209177 0.02851289
0.57214126 0.77180029 0.38494644 0.03679511
0.40739381 0.22045489 0.89515888 0.02945850
0.65615983 0.69754608 0.85966727 0.02883516
0.15973771 0.09707658 0.83179726 0.03834757
0.62390032 0.50009238 0.77116439 0.02872023
0.55600863 0.41872524 0.54607419 0.02926788
0.12688371 0.42191109 0.58582864 0.03293706
0.89456039 0.20646110 0.55997400 0.03071965
0.15461842 0.67421269 0.29725085 0.03048733
0.54914581 0.20020850 0.79435453 0.03061817
0.85951111 0.82558232 0.67897931 0.03683129
0.50094138 0.25149773 0.15010031 0.03400235
0.48236563 0.28176790 0.45391435 0.04182564
0.13519465 0.07619785 0.32886830 0.02765966
0.64715860 0.16537793 0.13376128 0.03116619
0.50372674 0.15035154 0.42906719 0.03467597
0.75136492 0.37376782 0.44655502 0.04377202
0.64110923 0.61761944 0.49715598 0.02989186
0.23530386 0.31982115 0.91625092 0.04271173
0.66241776 0.33194759 0.48732762 0.03496383
0.86616955 0.40618509 0.34510242 0.03103102
0.32073475 0.32474288 0.63362086 0.03758244
0.56376791 0.69569899 0.44580565 0.04449302
0.13853206 0.67003019 0.77779641 0.03321125
0.94071688 0.53764869 0.06642978 0.03234407
0.06345579 0.92756408 0.09891727 0.03087230
0.61187108 0.53560072 0.47197309 0.04741724
0.62096417 0.87301502 0.92105213 0.03607768
0.88932840 0.86036879 0.28062812 0.03369359
0.20958517 0.75020213 0.87492899 0.02823079
0.55243913 0.77534475 0.29271956 0.03706418
0.55668280 0.82848645 0.77123505 0.03336047
0.11422871 0.59510767 0.70359502 0.03084763
0.77114770 0.30654814 0.50318768 0.04035824
0.81558702 0.88494545 0.63188732 0.03063008
0.89535364 0.43375070 0.78373617 0.02974976
0.56139391 0.52617607 0.88929234 0.03137700
0.81428730 0.37853178 0.68577599 0.02916440
0.19930490 0.48637770 0.24760338 0.05027867
0.12616141 0.14305308 0.44976932 0.03032089
0.40801523 0.70124322 0.77384526 0.03241138
0.20939907 0.38737088 0.21910739 0.03184151
0.16667288 0.78579521 0.66189270 0.02856461
0.66744620 0.59169920 0.75361744 0.03381821
0.54549245 0.49517397 0.57714166 0.03266437
0.65673555 0.82549955 0.31218037 0.04818044
0.40782725 0.27727727 0.93799703 0.03471934
0.29617913 0.19170377 0.29098812 0.03227415
0.74994428 0.12158135 0.75415131 0.03315476
0.34046701 0.17521489 0.08683969 0.02996850
0.43148735 0.53311094 0.51347228 0.04018875
0.24826948 0.83060731 0.77402624 0.03254050
0.92546189 0.55779858 0.30831136 0.02873492
0.35233181 0.20513444 0.51148615 0.03351869
0.67852383 0.26922607 0.37464776 0.02766116
0.66098203 0.33749085 0.25197291 0.03981922
0.47428056 0.91138218 0.49900139 0.03386546
0.91311583 0.38658903 0.10350112 0.04666825
0.07583898 0.82341677 0.66702549 0.04348155
0.08262371 0.70856622 0.43179253 0.04382024
0.72245412 0.65125357 0.79747974 0.04299916
0.53193736 0.44593707 0.83370983 0.02900361
0.60772149 0.08418294 0.07336186 0.02876743
0.13217877 0.50728706 0.49970985 0.05080372
0.93416677 0.35659159 0.32451277 0.03159891
0.43449765 0.67211837 0.59033416 0.03311556
0.28170705 0.45475431 0.17302747 0.03654445
0.11461273 0.60758642 0.89134778 0.03339635
0.27047068 0.89206986 0.64627831 0.03190835
0.86446310 0.90985115 0.82905289 0.02961451
0.13140700 0.47600055 0.12246556 0.02832254
0.07699678 0.68632456 0.08250739 0.02905095
0.86656961 0.29110832 0.52334252 0.03387485
0.29019112 0.79295790 0.34229290 0.03566814
0.47560743 0.85539714 0.21805919 0.04432516
0.82913025 0.20044103 0.72985215 0.03024313
0.91794204 0.36355267 0.22024309 0.02758385
0.21053950 0.79440052 0.49538694 0.03226515
0.38270563 0.36332738 0.45702232 0.04824125
0.07513851 0.70910553 0.61948232 0.02824404
0.17542496 0.36253229 0.38698890 0.03461011
0.37744161 0.08060450 0.72154098 0.03748941
0.22061347 0.13272298 0.59575104 0.02931785
0.92044052 0.37676090 0.43601562 0.04603831
0.35055035 0.24781665 0.28112099 0.04108035
0.06096382 0.24880440 0.37087264 0.03372784
0.46395249 0.61772269 0.06251057 0.03655544
0.70158212 0.94467701 0.58747510 0.02911015
0.09927093 0.89934456 0.70914281 0.03765785
0.73268606 0.61957943 0.39530843 0.02951114
0.75478719 0.77933269 0.93792080 0.03507727
0.36427259 0.82049013 0.08876967 0.04180791
0.51476957 0.08976529 0.05917478 0.02890149
0.93579408 0.63801772 0.78756887 0.02774850
0.58865368 0.63949167 0.91881744 0.03763469
0.70383097 0.36923142 0.08441146 0.03104741
0.07358183 0.44846566 0.71290148 0.03132873
0.80520342 0.92065360 0.55179921 0.04679508
0.70548263 0.46512358 0.11479292 0.03073077
0.43821404 0.48688663 0.66796245 0.03495865
0.40820266 0.69003646 0.25963861 0.04201750
0.89590049 0.27023562 0.91108895 0.02900788
0.52535346 0.68929420 0.93629834 0.03006802
0.37713381 0.07253067 0.35344492 0.03285482
0.20924629 0.29674126 0.47534335 0.02808101
0.69418920 0.88910036 0.67071286 0.04400261
0.57664450 0.49502729 0.20648344 0.03322259
0.71420830 0.93845057 0.08553571 0.03147037
0.23064383 0.73526055 0.94390046 0.02835615
0.23822112 0.47806180 0.85828428 0.02807681
0.64760443 0.44626455 0.30430623 0.04505211
0.93931222 0.80399644 0.65990304 0.03089914
0.91771804 0.92051290 0.58903031 0.04017548
0.19836323 0.35709763 0.78053692 0.03782997
0.26333501 0.54382175 0.38372567 0.02788512
0.30324914 0.76611729 0.25781482 0.03662063
0.85101145 0.22721701 0.06861616 0.03642428
0.66929987 0.24835858 0.68561125 0.03390808
0.74985488 0.38291182 0.79741052 0.03218742
0.77736464 0.13518902 0.47468439 0.02834396
0.93031776 0.20595858 0.93650493 0.03648353
0.34487989 0.38959814 0.56362618 0.03147056
0.23765909 0.28977395 0.32951676 0.04427460
0.21503149 0.69646808 0.74692620 0.02776563
0.67780692 0.93827709 0.42899855 0.03461166
0.36096188 0.63145860 0.20106096 0.02812546
0.07063174 0.36119762 0.80837319 0.03559122
0.93212181 0.09695450 0.59339140 0.03793094
0.92035399 0.66871335 0.86440920 0.03427741
0.10687663 0.54141045 0.41799893 0.03140977
0.51599843 0.41372641 0.74243248 0.03049394
0.47888451 0.36998772 0.39991367 0.02938662
0.81329518 0.30495437 0.28129081 0.03553630
0.74669373 0.21507538 0.91814408 0.03310416
0.79543534 0.49835674 0.88855613 0.02816685
0.28118667 0.94429995 0.86783103 0.02803773
0.18242389 0.75311726 0.25224361 0.03581165
0.40349459 0.84276762 0.45043501 0.02843071
0.20037587 0.08028506 0.53168475 0.03971607
0.38088241 0.18663471 0.41400873 0.03589019
0.15556362 0.68979153 0.50901928 0.04408735
0.78190401 0.15345225 0.83827184 0.03590414
0.14404202 0.12771570 0.57132673 0.03513558
0.34689417 0.45710560 0.39837181 0.04331026
0.09132271 0.19200788 0.58652286 0.03253526
0.14015279 0.65632931 0.62429097 0.03141500
0.22861469 0.07139878 0.36993563 0.02931514
0.45581325 0.18846286 0.22095648 0.03313222
0.14702966 0.92707021 0.61443570 0.02843012
0.89530748 0.76458341 0.93050512 0.03669924
0.38285572 0.63203106 0.37579019 0.03340037
0.63830591 0.08102999 0.88359073 0.03618689
0.21189657 0.09993292 0.93655234 0.03132485
0.65870103 0.70301085 0.49119975 0.02928383
0.93981040 0.94485732 0.42789176 0.02820825
0.88493588 0.45715101 0.15602247 0.02978958
0.87805327 0.06945933 0.17179161 0.03670725
0.38108123 0.61347074 0.76468737 0.02876085
0.71244381 0.22908602 0.28575097 0.03264840
0.91998030 0.23759982 0.38015994 0.03978608
0.92285498 0.38102991 0.58107895 0.03745182
0.77316233 0.12580309 0.65558405 0.03614763
0.05983046 0.06233633 0.66840489 0.03153628
0.46213506 0.61593232 0.90327997 0.03052230
0.22765027 0.18147098 0.31509315 0.03333744
0.38295924 0.37596835 0.23403080 0.03925110
0.23857061 0.49079623 0.53199249 0.04023673
0.79095146 0.65591804 0.22367902 0.02775406
0.82499694 0.62564385 0.06657853 0.03428357
0.12738912 0.06816488 0.75297137 0.03778428
0.93800336 0.15543662 0.88635427 0.02882312
0.53789236 0.06139776 0.11749641 0.03162823
0.14099545 0.07028598 0.43148378 0.03547144
0.34150217 0.18574996 0.92841833 0.03017585
0.71570881 0.93943315 0.83574547 0.03405384
0.62181391 0.79391386 0.60354545 0.02992707
0.43428139 0.52681848 0.80287184 0.03707893
0.32152283 0.54510664 0.78395130 0.03617036
0.53634288 0.15377546 0.53324048 0.02914741
0.78609069 0.80354526 0.37690822 0.03479043
0.59979945 0.41175561 0.83133735 0.02757391
0.09274156 0.58127196 0.47086982 0.02971361
0.70502805 0.67956468 0.71251679 0.03184529
0.51106994 0.81351878 0.89870660 0.03403145
0.51541647 0.65445311 0.87533593 0.03606930
0.65287665 0.92600977 0.19581209 0.03425800
0.82217997 0.43975120 0.24344083 0.03458313
0.31295750 0.68391227 0.59103041 0.03260137
0.71391853 0.15062856 0.30403646 0.03072580
0.05835174 0.40604396 0.52945111 0.03223654
0.81217140 0.51744458 0.42312805 0.02838461
0.59216558 0.26567755 0.90534583 0.03310573
0.79031966 0.05651917 0.06826684 0.02935335
0.33447223 0.27190372 0.53490866 0.03435277
0.22270025 0.16441349 0.10977308 0.03715176
0.84550248 0.90370387 0.91862552 0.03339590
0.18264838 0.17422360 0.23662659 0.03580976
0.86447787 0.39595072 0.19254422 0.02907767
0.91269124 0.09892979 0.09597837 0.03596287
0.07657941 0.91085233 0.43821179 0.03333957
0.12086723 0.91203509 0.91746394 0.02890147
0.34965735 0.89662228 0.93152655 0.03317812
0.10869016 0.06810265 0.61673050 0.02881581
0.64190969 0.63813815 0.12858278 0.02920138
0.27729487 0.07447624 0.61677434 0.03579635
0.67085061 0.68444587 0.05646551 0.02999072
0.59229291 0.10802646 0.80993553 0.03326989
0.92564746 0.91458633 0.06951072 0.04242100
0.48267451 0.77119088 0.81734204 0.02977183
0.33148286 0.10652590 0.06031007 0.03340920
0.15363785 0.58003523 0.31062059 0.02969664
0.73840463 0.08227413 0.51917090 0.04407898
0.73990406 0.33588269 0.33063842 0.03077255
0.26992658 0.23508776 0.61551097 0.02995811
0.74689209 0.45706206 0.61700528 0.02824488
0.40279941 0.76319173 0.45028934 0.03079128
0.93532174 0.28144651 0.07998757 0.03398983
0.06637544 0.24912186 0.27443380 0.03803016
0.40532151 0.24986279 0.74465707 0.03988168
0.37485764 0.34571922 0.88299650 0.03254672
0.28523509 0.59267248 0.46043290 0.02777043
0.67597365 0.92256172 0.30805577 0.02957982
0.49466897 0.55131225 0.65176417 0.02960833
0.38849781 0.93757952 0.86026635 0.03051955
0.76976527 0.58683882 0.16398994 0.04766644
0.32163247 0.93213776 0.67555763 0.02849778
0.15679906 0.93893147 0.85642904 0.02896087
0.85553804 0.38576242 0.60737636 0.02777792
0.18230614 0.38963188 0.69276056 0.02869373
0.60119128 0.62225385 0.77990552 0.03213418
0.80644875 0.87334974 0.82610388 0.02953339
0.22138442 0.81359740 0.30520573 0.03098176
0.31683795 0.92588692 0.17298340 0.03862919
0.83302859 0.27243929 0.20502533 0.02967605
0.61130679 0.36366426 0.14786607 0.02919476
0.90348482 0.71083166 0.05389367 0.02791773
0.24784677 0.93406520 0.58503613 0.02786564
0.51076394 0.34640169 0.51809034 0.04263879
0.74717332 0.53533441 0.61728403 0.04241518
0.90348901 0.15628011 0.42968160 0.02761350
0.93849286 0.30345845 0.49977892 0.03095590
0.94326961 0.87568091 0.83151570 0.02864968
0.45121549 0.61953825 0.74796311 0.03408015
0.28338266 0.07421454 0.46719416 0.02821698
0.70343898 0.15915951 0.37979950 0.03815118
0.53909911 0.38393340 0.35043764 0.04209244
0.53746116 0.24469061 0.07636510 0.04157848
0.63104026 0.37269873 0.65350992 0.03147141
0.53464013 0.87868621 0.45001238 0.03752809
0.09567953 0.73727761 0.79510999 0.02839695
0.27907803 0.28685599 0.83232928 0.03642268
0.77237886 0.48440349 0.69655502 0.03892412
0.25615679 0.20899291 0.51632833 0.03209042
0.62912720 0.42210651 0.94172530 0.02901282
0.81942522 0.92459939 0.44990667 0.04378804
0.83853744 0.25405334 0.42383167 0.02921194
0.76551334 0.36594302 0.05949331 0.02788411
0.58086743 0.36525489 0.21327553 0.02806747
0.73199465 0.06310569 0.64109210 0.03454069
0.42965693 0.43436081 0.20400161 0.03386976
0.54985555 0.18170239 0.66898460 0.03079457
0.93992942 0.50313519 0.80865416 0.03160054
0.25768255 0.47087208 0.93202935 0.03019758
0.13228730 0.17746254 0.29823147 0.03809887
0.90757488 0.51224246 0.89613189 0.04097423
0.76152303 0.59109419 0.32769712 0.03807920
0.92255010 0.24122255 0.61611738 0.02927364
0.63833780 0.11872842 0.52455584 0.03764788
0.37952137 0.35145175 0.32698070 0.02809248
0.53711063 0.48586426 0.71890644 0.03076606
0.84461008 0.34365491 0.47400985 0.02871107
0.81174273 0.26799423 0.89935959 0.04146032
0.92521026 0.78295522 0.15358756 0.03723521
0.16118344 0.55764874 0.79418524 0.02835392
0.06009126 0.72369831 0.16881106 0.03019499
0.12516506 0.50959572 0.30609247 0.02981066
0.84477186 0.77269155 0.60051690 0.03116490
0.06270831 0.07334213 0.36049128 0.03397881
0.93677601 0.57256579 0.72442987 0.03143847
0.81000748 0.24091736 0.54323704 0.03029235
0.47074407 0.74853206 0.75676560 0.02982024
0.48602229 0.34921155 0.87546276 0.03557990
0.39369556 0.16075108 0.24295529 0.02851340
0.20467980 0.05728151 0.06980604 0.02913828
0.34220218 0.68901506 0.30041895 0.02951823
0.07158258 0.07401441 0.06384677 0.03773894
0.30961284 0.68509626 0.39514642 0.02872685
0.15388359 0.66051001 0.17676191 0.03884050
0.29827709 0.79330992 0.44034106 0.03215007
0.55130221 0.07117777 0.25710438 0.02837597
0.57139792 0.74087169 0.62226559 0.03135856
0.06411815 0.25744473 0.68271275 0.03669613
0.19621940 0.93608310 0.49999531 0.03061456
0.83394396 0.91165623 0.16868146 0.04680845
0.15456672 0.70954845 0.37149324 0.03721527
0.09395886 0.40715411 0.17121425 0.03108686
0.74601181 0.08384282 0.11379106 0.03076455
0.47951888 0.21120000 0.82180805 0.02777901
0.93500661 0.77847251 0.55368067 0.03717418
0.15607693 0.82752973 0.35652565 0.03077126
0.26194601 0.80183462 0.15495219 0.03397403
0.64869362 0.45433516 0.06828550 0.03523023
0.18405367 0.54346865 0.16997425 0.03326417
0.64883525 0.39972373 0.38471413 0.03139988
0.48288828 0.06435008 0.53883780 0.03262505
0.64166344 0.58495092 0.26473308 0.02922588
0.06389156 0.79677699 0.44319202 0.03121154
0.93635890 0.29993621 0.22236179 0.03134832
0.81095948 0.83912870 0.93898303 0.02823340
0.32186101 0.72865385 0.06432298 0.03787055
0.68071575 0.35431516 0.92759448 0.02942198
0.28539692 0.86349016 0.57107233 0.04310763
0.69509749 0.35005885 0.64402188 0.03155132
0.76416727 0.05810093 0.72834532 0.03140361
0.30804853 0.81544193 0.92932011 0.04226355
0.46727999 0.22750404 0.68228370 0.02781385
0.86322723 0.60307682 0.39054442 0.03247957
0.71545277 0.18224830 0.65436691 0.02956267
0.45674837 0.27987005 0.54098480 0.02877687
0.19502591 0.53183224 0.34347856 0.03476704
0.82408379 0.61646053 0.63155361 0.02863879
0.08198499 0.81503572 0.36320705 0.03975947
0.54736970 0.07002539 0.51195299 0.02990295
0.62684085 0.42007970 0.58313772 0.02946597
0.06368111 0.54471441 0.87184299 0.03348798
0.74985670 0.50636805 0.35393649 0.02765639
0.59984884 0.78802060 0.68722581 0.03925015
0.56748291 0.91053781 0.88115991 0.02763913
0.36430315 0.22905891 0.60301484 0.03221769
0.83021018 0.92798507 0.32168647 0.03674392
0.55490009 0.69786912 0.21509009 0.02805868
0.33783301 0.31737563 0.23838248 0.02846557
0.45382609 0.06966471 0.12069778 0.02912224
0.30280727 0.34202750 0.08420116 0.02928987
0.73027728 0.67402757 0.62761999 0.02896365
0.30745560 0.86368055 0.73170568 0.02824201
0.40372485 0.90782181 0.45869649 0.03153069
0.25778176 0.07710081 0.17167765 0.03367330
0.33279319 0.90431651 0.51493025 0.03386960
0.40690126 0.62064670 0.52591160 0.03049608
0.23226050 0.59869980 0.74977942 0.03530078
0.22011441 0.22394473 0.94038260 0.02908800
0.58785722 0.06344066 0.31929428 0.02917464
0.19051234 0.61962575 0.59189234 0.03208140
0.45869540 0.13634579 0.54762005 0.02979002
0.86498153 0.85345052 0.07936098 0.03368090
0.44085621 0.07788825 0.91948834 0.04283514
0.81795838 0.42439808 0.06749863 0.03051068
0.90449338 0.29011181 0.84939554 0.02859203
0.22202994 0.06732831 0.77649600 0.02954614
0.65902904 0.06601022 0.78510343 0.03692671
0.89192567 0.15822928 0.71037257 0.03761973
0.81506561 0.85285004 0.76316857 0.02783288
0.25273820 0.92079000 0.28838075 0.03449450
0.49399497 0.47834977 0.39283432 0.03148117
0.18937894 0.29562026 0.65046587 0.02852553
0.24644816 0.63685832 0.89096757 0.02983620
0.49768521 0.40552380 0.20362380 0.02808423
0.29246569 0.23695385 0.94363381 0.02805431
0.06439824 0.86456960 0.26381881 0.03594572
0.54861576 0.43639317 0.94163255 0.02993652
0.92898150 0.90464743 0.51151888 0.02821974
0.54815467 0.79010499 0.53117287 0.03309781
0.34794096 0.34772073 0.71053550 0.02889935
0.80949895 0.35692786 0.36148484 0.03148698
0.23755307 0.70558613 0.23130494 0.03251207
0.76124291 0.80829737 0.15792436 0.02846024
0.75201623 0.27727394 0.81965622 0.03286108
0.67295762 0.17921276 0.46989841 0.03672088
0.69716891 0.76087253 0.81658615 0.03106567
0.77819347 0.79894783 0.68485041 0.03602926
0.22732305 0.56168259 0.05670770 0.02780639
0.56193040 0.67452782 0.65736623 0.02963643
0.25046376 0.07559905 0.86752654 0.03601284
0.65317869 0.52998316 0.91563617 0.02755754
0.33434608 0.21943085 0.19450721 0.03080857
0.40754484 0.46223479 0.76269516 0.03042011
0.35580477 0.47561604 0.31276559 0.02834718
0.87456262 0.12692667 0.85135168 0.03006966
0.77035369 0.32033451 0.65691158 0.03784884
0.29267947 0.52879152 0.71039342 0.03339729
0.85461523 0.92444929 0.70391469 0.02759463
0.11429579 0.32885170 0.08522096 0.03376947
0.85545372 0.71688900 0.09744845 0.02757088
0.54536023 0.07212462 0.75106943 0.02767444
0.17337772 0.38178888 0.53255000 0.03001683
0.68854771 0.20793745 0.86534873 0.03148677
0.37680170 0.50490887 0.16103373 0.02924976
0.40386980 0.78855616 0.80331880 0.03428930
0.07316512 0.48870654 0.57413177 0.02885561
0.51921013 0.76476986 0.16482668 0.03724987
0.60861374 0.92458315 0.13479754 0.03614687
0.40625415 0.81435922 0.30469277 0.03310516
0.14378931 0.08634192 0.25906447 0.03129014
0.63703596 0.30007993 0.94255077 0.02979785
0.73315584 0.54544657 0.94597870 0.02788801
0.30907615 0.24993705 0.68082246 0.03132824
0.38913044 0.45992405 0.61060905 0.02996514
0.24827745 0.24427441 0.08615732 0.03355098
0.20215154 0.93464472 0.93654461 0.03066742
0.26201741 0.75271601 0.77045452 0.03942767
0.65179842 0.50096325 0.13599576 0.02885279
0.09745214 0.21329591 0.20475215 0.03360066
0.45510870 0.54504947 0.89957749 0.02968723
0.22130915 0.92395001 0.36935999 0.02814916
0.69138954 0.78977873 0.09788121 0.03003117
0.17142730 0.47713167 0.40976329 0.03193224
0.07201407 0.45006875 0.31147945 0.02991463
0.56822531 0.54754370 0.06075313 0.03270125
0.38403951 0.71091366 0.55761745 0.02883622
0.31089652 0.91391509 0.07600490 0.02766701
0.32467878 0.06737712 0.12115469 0.03385364
0.07696934 0.35648851 0.26682475 0.03117100
0.16300291 0.46792953 0.80490579 0.03281413
0.45070630 0.91795741 0.74051398 0.02854894
0.93802094 0.43518765 0.50724567 0.03497542
0.90832088 0.87064174 0.93073778 0.02993829
0.63754144 0.94508807 0.90506560 0.02892897
0.77480027 0.70141932 0.49486784 0.03139500
0.14772057 0.28173238 0.54494834 0.03222730
0.56665108 0.49556033 0.35219694 0.02858409
0.33740460 0.08814220 0.21349411 0.03899348
0.49292621 0.64010715 0.45530475 0.03289195
0.30962091 0.21634443 0.13038134 0.02977577
0.46641396 0.85992731 0.42494333 0.03076371
0.14180002 0.92450355 0.10259857 0.02914765
0.85222992 0.07654403 0.24550223 0.02858543
0.75276645 0.93087304 0.93229485 0.03435737
0.07033771 0.21305610 0.52185133 0.02838915
0.55210125 0.79688597 0.46400829 0.02813121
0.69916453 0.93540500 0.74563849 0.03423359
0.93306609 0.05723898 0.70097764 0.02983355
0.62526831 0.85544170 0.82672898 0.03485566
0.84089961 0.41507322 0.43793110 0.03431226
0.71752440 0.36221281 0.15747673 0.03316451
0.88664350 0.09976752 0.44917930 0.02888410
0.11659106 0.94203432 0.48837134 0.02861998
0.34110629 0.06951653 0.44246355 0.02805051
0.49727479 0.50343141 0.19017510 0.03025613
0.72090700 0.91446976 0.25052029 0.03050808
0.81915647 0.92696847 0.76690868 0.03466961
0.05506443 0.92717367 0.92701788 0.02837087
0.47749733 0.85208229 0.69569911 0.03220559
0.05731484 0.44697787 0.44615127 0.03081501
0.25469209 0.69493693 0.64215757 0.02846837
0.60084163 0.67348342 0.29461287 0.02885574
0.39118715 0.60482335 0.07936448 0.02779195
0.07149739 0.16234443 0.35280215 0.03520813
0.67443676 0.82582420 0.40210078 0.03171344
0.74518046 0.08694776 0.83391506 0.03159351
0.07284156 0.39773154 0.39306431 0.03393206
0.32822494 0.55910558 0.38940335 0.03048941
0.24532942 0.22662442 0.76885507 0.03003617
0.94068536 0.73655117 0.24268099 0.03106001
0.53444249 0.61201292 0.10727262 0.02756957
0.11472221 0.34400861 0.42455572 0.03116468
0.41221597 0.90101619 0.80644786 0.03004147
0.35101607 0.73181795 0.14980763 0.02933132
0.82057229 0.34302471 0.75605546 0.02932761
0.61260798 0.45502593 0.46336799 0.02846623
0.71791816 0.50629266 0.06087450 0.03191602
0.18567896 0.83796776 0.94255301 0.02978948
0.91817218 0.93805721 0.92232309 0.03264122
0.05508409 0.16233282 0.25073109 0.02796850
0.18403346 0.19242249 0.72838707 0.02981571
0.30251045 0.17877237 0.82716729 0.03205247
0.73148411 0.43599763 0.25035631 0.02855571
0.37023548 0.78783713 0.39866554 0.02866560
0.13822206 0.52089958 0.71510215 0.03700686
0.92109083 0.63649090 0.08940644 0.02839726
0.40914199 0.86932661 0.58597397 0.03058192
0.06391791 0.42203570 0.85466388 0.03020728
0.15553256 0.28572484 0.32066178 0.02992649
0.69646031 0.60689113 0.53585139 0.02948613
0.93410128 0.45842162 0.57719294 0.03132326
0.50123947 0.63240257 0.67097037 0.02963283
0.13856995 0.73943906 0.59237361 0.02820934
0.05742247 0.94179577 0.74891876 0.02793439
0.12030347 0.52736734 0.90318503 0.02876322
0.57482005 0.19740011 0.15012599 0.02905586
0.17011930 0.14990827 0.88847531 0.02848265
0.06156995 0.79042051 0.74667101 0.03285414
0.53184049 0.86977122 0.52592340 0.02917080
0.92037531 0.67886924 0.59407061 0.02838590
0.05735832 0.68807593 0.77052257 0.03043444
0.51323223 0.59111684 0.94000119 0.03049309
0.68057990 0.25889055 0.91824963 0.02774221
0.75524924 0.22028132 0.76096127 0.03186687
0.92844929 0.56014746 0.52205176 0.03157302
0.56097524 0.94457240 0.08182091 0.02897755
0.15729736 0.89589704 0.42618183 0.03753593
0.43137171 0.57773119 0.13026405 0.02825361
0.07000479 0.19785764 0.44263752 0.04040580
0.38062231 0.85303878 0.25399777 0.02942697
0.23132377 0.83518447 0.67115455 0.02976758
0.67328846 0.74861209 0.69293530 0.03428393
0.19304121 0.05518811 0.22321483 0.02923778
0.58198407 0.33458929 0.28927834 0.02972492
0.70739211 0.17650933 0.24025964 0.02800409
0.07015115 0.67254249 0.84306495 0.03174018
0.52877910 0.36873626 0.06181735 0.03533175
0.31943675 0.44137523 0.49219596 0.03834549
0.50679021 0.93254442 0.60624050 0.03246545
0.93275467 0.70873176 0.78194976 0.02921695
0.68382145 0.05762646 0.46272297 0.02875624
0.43487018 0.06617970 0.66667589 0.03479886
0.58056086 0.54408812 0.27596966 0.02779471
0.45541743 0.46298253 0.14764384 0.02896294
0.15788017 0.65746817 0.93354039 0.03933216
0.91695142 0.58719145 0.19919453 0.03007029
0.41756816 0.94133542 0.28307516 0.02966421
0.20426525 0.37449019 0.44834827 0.02828366
0.63526689 0.92679829 0.83437221 0.02911907
