0.06800000 0.06800000 0.06800000 0.03200000
0.14000000 0.06800000 0.06800000 0.03200000
0.21200000 0.06800000 0.06800000 0.03200000
0.28400000 0.06800000 0.06800000 0.03200000
0.35600000 0.06800000 0.06800000 0.03200000
0.42800000 0.06800000 0.06800000 0.03200000
0.50000000 0.06800000 0.06800000 0.03200000
0.57200000 0.06800000 0.06800000 0.03200000
0.64400000 0.06800000 0.06800000 0.03200000
0.71600000 0.06800000 0.06800000 0.03200000
0.78800000 0.06800000 0.06800000 0.03200000
0.86000000 0.06800000 0.06800000 0.03200000
0.93200000 0.06800000 0.06800000 0.03200000
0.06800000 0.14000000 0.06800000 0.03200000
0.14000000 0.14000000 0.06800000 0.03200000
0.21200000 0.14000000 0.06800000 0.03200000
0.28400000 0.14000000 0.06800000 0.03200000
0.35600000 0.14000000 0.06800000 0.03200000
0.42800000 0.14000000 0.06800000 0.03200000
0.50000000 0.14000000 0.06800000 0.03200000
0.57200000 0.14000000 0.06800000 0.03200000
0.64400000 0.14000000 0.06800000 0.03200000
0.71600000 0.14000000 0.06800000 0.03200000
0.78800000 0.14000000 0.06800000 0.03200000
0.86000000 0.14000000 0.06800000 0.03200000
0.93200000 0.14000000 0.06800000 0.03200000
0.06800000 0.21200000 0.06800000 0.03200000
0.14000000 0.21200000 0.06800000 0.03200000
0.21200000 0.21200000 0.06800000 0.03200000
0.28400000 0.21200000 0.06800000 0.03200000
0.35600000 0.21200000 0.06800000 0.03200000
0.42800000 0.21200000 0.06800000 0.03200000
0.50000000 0.21200000 0.06800000 0.03200000
0.57200000 0.21200000 0.06800000 0.03200000
0.64400000 0.21200000 0.06800000 0.03200000
0.71600000 0.21200000 0.06800000 0.03200000
0.78800000 0.21200000 0.06800000 0.03200000
0.86000000 0.21200000 0.06800000 0.03200000
0.93200000 0.21200000 0.06800000 0.03200000
0.06800000 0.28400000 0.06800000 0.03200000
0.14000000 0.28400000 0.06800000 0.03200000
0.21200000 0.28400000 0.06800000 0.03200000
0.28400000 0.28400000 0.06800000 0.03200000
0.35600000 0.28400000 0.06800000 0.03200000
0.42800000 0.28400000 0.06800000 0.03200000
0.50000000 0.28400000 0.06800000 0.03200000
0.57200000 0.28400000 0.06800000 0.03200000
0.64400000 0.28400000 0.06800000 0.03200000
0.71600000 0.28400000 0.06800000 0.03200000
0.78800000 0.28400000 0.06800000 0.03200000
0.86000000 0.28400000 0.06800000 0.03200000
0.93200000 0.28400000 0.06800000 0.03200000
0.06800000 0.35600000 0.06800000 0.03200000
0.14000000 0.35600000 0.06800000 0.03200000
0.21200000 0.35600000 0.06800000 0.03200000
0.28400000 0.35600000 0.06800000 0.03200000
0.35600000 0.35600000 0.06800000 0.03200000
0.42800000 0.35600000 0.06800000 0.03200000
0.50000000 0.35600000 0.06800000 0.03200000
0.57200000 0.35600000 0.06800000 0.03200000
0.64400000 0.35600000 0.06800000 0.03200000
0.71600000 0.35600000 0.06800000 0.03200000
0.78800000 0.35600000 0.06800000 0.03200000
0.86000000 0.35600000 0.06800000 0.03200000
0.93200000 0.35600000 0.06800000 0.03200000
0.06800000 0.42800000 0.06800000 0.03200000
0.14000000 0.42800000 0.06800000 0.03200000
0.21200000 0.42800000 0.06800000 0.03200000
0.28400000 0.42800000 0.06800000 0.03200000
0.35600000 0.42800000 0.06800000 0.03200000
0.42800000 0.42800000 0.06800000 0.03200000
0.50000000 0.42800000 0.06800000 0.03200000
0.57200000 0.42800000 0.06800000 0.03200000
0.64400000 0.42800000 0.06800000 0.03200000
0.71600000 0.42800000 0.06800000 0.03200000
0.78800000 0.42800000 0.06800000 0.03200000
0.86000000 0.42800000 0.06800000 0.03200000
0.93200000 0.42800000 0.06800000 0.03200000
0.06800000 0.50000000 0.06800000 0.03200000
0.14000000 0.50000000 0.06800000 0.03200000
0.21200000 0.50000000 0.06800000 0.03200000
0.28400000 0.50000000 0.06800000 0.03200000
0.35600000 0.50000000 0.06800000 0.03200000
0.42800000 0.50000000 0.06800000 0.03200000
0.50000000 0.50000000 0.06800000 0.03200000
0.57200000 0.50000000 0.06800000 0.03200000
0.64400000 0.50000000 0.06800000 0.03200000
0.71600000 0.50000000 0.06800000 0.03200000
0.78800000 0.50000000 0.06800000 0.03200000
0.86000000 0.50000000 0.06800000 0.03200000
0.93200000 0.50000000 0.06800000 0.03200000
0.06800000 0.57200000 0.06800000 0.03200000
0.14000000 0.57200000 0.06800000 0.03200000
0.21200000 0.57200000 0.06800000 0.03200000
0.28400000 0.57200000 0.06800000 0.03200000
0.35600000 0.57200000 0.06800000 0.03200000
0.42800000 0.57200000 0.06800000 0.03200000
0.50000000 0.57200000 0.06800000 0.03200000
0.57200000 0.57200000 0.06800000 0.03200000
0.64400000 0.57200000 0.06800000 0.03200000
0.71600000 0.57200000 0.06800000 0.03200000
0.78800000 0.57200000 0.06800000 0.03200000
0.86000000 0.57200000 0.06800000 0.03200000
0.93200000 0.57200000 0.06800000 0.03200000
0.06800000 0.64400000 0.06800000 0.03200000
0.14000000 0.64400000 0.06800000 0.03200000
0.21200000 0.64400000 0.06800000 0.03200000
0.28400000 0.64400000 0.06800000 0.03200000
0.35600000 0.64400000 0.06800000 0.03200000
0.42800000 0.64400000 0.06800000 0.03200000
0.50000000 0.64400000 0.06800000 0.03200000
0.57200000 0.64400000 0.06800000 0.03200000
0.64400000 0.64400000 0.06800000 0.03200000
0.71600000 0.64400000 0.06800000 0.03200000
0.78800000 0.64400000 0.06800000 0.03200000
0.86000000 0.64400000 0.06800000 0.03200000
0.93200000 0.64400000 0.06800000 0.03200000
0.06800000 0.71600000 0.06800000 0.03200000
0.14000000 0.71600000 0.06800000 0.03200000
0.21200000 0.71600000 0.06800000 0.03200000
0.28400000 0.71600000 0.06800000 0.03200000
0.35600000 0.71600000 0.06800000 0.03200000
0.42800000 0.71600000 0.06800000 0.03200000
0.50000000 0.71600000 0.06800000 0.03200000
0.57200000 0.71600000 0.06800000 0.03200000
0.64400000 0.71600000 0.06800000 0.03200000
0.71600000 0.71600000 0.06800000 0.03200000
0.78800000 0.71600000 0.06800000 0.03200000
0.86000000 0.71600000 0.06800000 0.03200000
0.93200000 0.71600000 0.06800000 0.03200000
0.06800000 0.78800000 0.06800000 0.03200000
0.14000000 0.78800000 0.06800000 0.03200000
0.21200000 0.78800000 0.06800000 0.03200000
0.28400000 0.78800000 0.06800000 0.03200000
0.35600000 0.78800000 0.06800000 0.03200000
0.42800000 0.78800000 0.06800000 0.03200000
0.50000000 0.78800000 0.06800000 0.03200000
0.57200000 0.78800000 0.06800000 0.03200000
0.64400000 0.78800000 0.06800000 0.03200000
0.71600000 0.78800000 0.06800000 0.03200000
0.78800000 0.78800000 0.06800000 0.03200000
0.86000000 0.78800000 0.06800000 0.03200000
0.93200000 0.78800000 0.06800000 0.03200000
0.06800000 0.86000000 0.06800000 0.03200000
0.14000000 0.86000000 0.06800000 0.03200000
0.21200000 0.86000000 0.06800000 0.03200000
0.28400000 0.86000000 0.06800000 0.03200000
0.35600000 0.86000000 0.06800000 0.03200000
0.42800000 0.86000000 0.06800000 0.03200000
0.50000000 0.86000000 0.06800000 0.03200000
0.57200000 0.86000000 0.06800000 0.03200000
0.64400000 0.86000000 0.06800000 0.03200000
0.71600000 0.86000000 0.06800000 0.03200000
0.78800000 0.86000000 0.06800000 0.03200000
0.86000000 0.86000000 0.06800000 0.03200000
0.93200000 0.86000000 0.06800000 0.03200000
0.06800000 0.93200000 0.06800000 0.03200000
0.14000000 0.93200000 0.06800000 0.03200000
0.21200000 0.93200000 0.06800000 0.03200000
0.28400000 0.93200000 0.06800000 0.03200000
0.35600000 0.93200000 0.06800000 0.03200000
0.42800000 0.93200000 0.06800000 0.03200000
0.50000000 0.93200000 0.06800000 0.03200000
0.57200000 0.93200000 0.06800000 0.03200000
0.64400000 0.93200000 0.06800000 0.03200000
0.71600000 0.93200000 0.06800000 0.03200000
0.78800000 0.93200000 0.06800000 0.03200000
0.86000000 0.93200000 0.06800000 0.03200000
0.93200000 0.93200000 0.06800000 0.03200000
0.06800000 0.06800000 0.14000000 0.03200000
0.14000000 0.06800000 0.14000000 0.03200000
0.21200000 0.06800000 0.14000000 0.03200000
0.28400000 0.06800000 0.14000000 0.03200000
0.35600000 0.06800000 0.14000000 0.03200000
0.42800000 0.06800000 0.14000000 0.03200000
0.50000000 0.06800000 0.14000000 0.03200000
0.57200000 0.06800000 0.14000000 0.03200000
0.64400000 0.06800000 0.14000000 0.03200000
0.71600000 0.06800000 0.14000000 0.03200000
0.78800000 0.06800000 0.14000000 0.03200000
0.86000000 0.06800000 0.14000000 0.03200000
0.93200000 0.06800000 0.14000000 0.03200000
0.06800000 0.14000000 0.14000000 0.03200000
0.14000000 0.14000000 0.14000000 0.03200000
0.21200000 0.14000000 0.14000000 0.03200000
0.28400000 0.14000000 0.14000000 0.03200000
0.35600000 0.14000000 0.14000000 0.03200000
0.42800000 0.14000000 0.14000000 0.03200000
0.50000000 0.14000000 0.14000000 0.03200000
0.57200000 0.14000000 0.14000000 0.03200000
0.64400000 0.14000000 0.14000000 0.03200000
0.71600000 0.14000000 0.14000000 0.03200000
0.78800000 0.14000000 0.14000000 0.03200000
0.86000000 0.14000000 0.14000000 0.03200000
0.93200000 0.14000000 0.14000000 0.03200000
0.06800000 0.21200000 0.14000000 0.03200000
0.14000000 0.21200000 0.14000000 0.03200000
0.21200000 0.21200000 0.14000000 0.03200000
0.28400000 0.21200000 0.14000000 0.03200000
0.35600000 0.21200000 0.14000000 0.03200000
0.42800000 0.21200000 0.14000000 0.03200000
0.50000000 0.21200000 0.14000000 0.03200000
0.57200000 0.21200000 0.14000000 0.03200000
0.64400000 0.21200000 0.14000000 0.03200000
0.71600000 0.21200000 0.14000000 0.03200000
0.78800000 0.21200000 0.14000000 0.03200000
0.86000000 0.21200000 0.14000000 0.03200000
0.93200000 0.21200000 0.14000000 0.03200000
0.06800000 0.28400000 0.14000000 0.03200000
0.14000000 0.28400000 0.14000000 0.03200000
0.21200000 0.28400000 0.14000000 0.03200000
0.28400000 0.28400000 0.14000000 0.03200000
0.35600000 0.28400000 0.14000000 0.03200000
0.42800000 0.28400000 0.14000000 0.03200000
0.50000000 0.28400000 0.14000000 0.03200000
0.57200000 0.28400000 0.14000000 0.03200000
0.64400000 0.28400000 0.14000000 0.03200000
0.71600000 0.28400000 0.14000000 0.03200000
0.78800000 0.28400000 0.14000000 0.03200000
0.86000000 0.28400000 0.14000000 0.03200000
0.93200000 0.28400000 0.14000000 0.03200000
0.06800000 0.35600000 0.14000000 0.03200000
0.14000000 0.35600000 0.14000000 0.03200000
0.21200000 0.35600000 0.14000000 0.03200000
0.28400000 0.35600000 0.14000000 0.03200000
0.35600000 0.35600000 0.14000000 0.03200000
0.42800000 0.35600000 0.14000000 0.03200000
0.50000000 0.35600000 0.14000000 0.03200000
0.57200000 0.35600000 0.14000000 0.03200000
0.64400000 0.35600000 0.14000000 0.03200000
0.71600000 0.35600000 0.14000000 0.03200000
0.78800000 0.35600000 0.14000000 0.03200000
0.86000000 0.35600000 0.14000000 0.03200000
0.93200000 0.35600000 0.14000000 0.03200000
0.06800000 0.42800000 0.14000000 0.03200000
0.14000000 0.42800000 0.14000000 0.03200000
0.21200000 0.42800000 0.14000000 0.03200000
0.28400000 0.42800000 0.14000000 0.03200000
0.35600000 0.42800000 0.14000000 0.03200000
0.42800000 0.42800000 0.14000000 0.03200000
0.50000000 0.42800000 0.14000000 0.03200000
0.57200000 0.42800000 0.14000000 0.03200000
0.64400000 0.42800000 0.14000000 0.03200000
0.71600000 0.42800000 0.14000000 0.03200000
0.78800000 0.42800000 0.14000000 0.03200000
0.86000000 0.42800000 0.14000000 0.03200000
0.93200000 0.42800000 0.14000000 0.03200000
0.06800000 0.50000000 0.14000000 0.03200000
0.14000000 0.50000000 0.14000000 0.03200000
0.21200000 0.50000000 0.14000000 0.03200000
0.28400000 0.50000000 0.14000000 0.03200000
0.35600000 0.50000000 0.14000000 0.03200000
0.42800000 0.50000000 0.14000000 0.03200000
0.50000000 0.50000000 0.14000000 0.03200000
0.57200000 0.50000000 0.14000000 0.03200000
0.64400000 0.50000000 0.14000000 0.03200000
0.71600000 0.50000000 0.14000000 0.03200000
0.78800000 0.50000000 0.14000000 0.03200000
0.86000000 0.50000000 0.14000000 0.03200000
0.93200000 0.50000000 0.14000000 0.03200000
0.06800000 0.57200000 0.14000000 0.03200000
0.14000000 0.57200000 0.14000000 0.03200000
0.21200000 0.57200000 0.14000000 0.03200000
0.28400000 0.57200000 0.14000000 0.03200000
0.35600000 0.57200000 0.14000000 0.03200000
0.42800000 0.57200000 0.14000000 0.03200000
0.50000000 0.57200000 0.14000000 0.03200000
0.57200000 0.57200000 0.14000000 0.03200000
0.64400000 0.57200000 0.14000000 0.03200000
0.71600000 0.57200000 0.14000000 0.03200000
0.78800000 0.57200000 0.14000000 0.03200000
0.86000000 0.57200000 0.14000000 0.03200000
0.93200000 0.57200000 0.14000000 0.03200000
0.06800000 0.64400000 0.14000000 0.03200000
0.14000000 0.64400000 0.14000000 0.03200000
0.21200000 0.64400000 0.14000000 0.03200000
0.28400000 0.64400000 0.14000000 0.03200000
0.35600000 0.64400000 0.14000000 0.03200000
0.42800000 0.64400000 0.14000000 0.03200000
0.50000000 0.64400000 0.14000000 0.03200000
0.57200000 0.64400000 0.14000000 0.03200000
0.64400000 0.64400000 0.14000000 0.03200000
0.71600000 0.64400000 0.14000000 0.03200000
0.78800000 0.64400000 0.14000000 0.03200000
0.86000000 0.64400000 0.14000000 0.03200000
0.93200000 0.64400000 0.14000000 0.03200000
0.06800000 0.71600000 0.14000000 0.03200000
0.14000000 0.71600000 0.14000000 0.03200000
0.21200000 0.71600000 0.14000000 0.03200000
0.28400000 0.71600000 0.14000000 0.03200000
0.35600000 0.71600000 0.14000000 0.03200000
0.42800000 0.71600000 0.14000000 0.03200000
0.50000000 0.71600000 0.14000000 0.03200000
0.57200000 0.71600000 0.14000000 0.03200000
0.64400000 0.71600000 0.14000000 0.03200000
0.71600000 0.71600000 0.14000000 0.03200000
0.78800000 0.71600000 0.14000000 0.03200000
0.86000000 0.71600000 0.14000000 0.03200000
0.93200000 0.71600000 0.14000000 0.03200000
0.06800000 0.78800000 0.14000000 0.03200000
0.14000000 0.78800000 0.14000000 0.03200000
0.21200000 0.78800000 0.14000000 0.03200000
0.28400000 0.78800000 0.14000000 0.03200000
0.35600000 0.78800000 0.14000000 0.03200000
0.42800000 0.78800000 0.14000000 0.03200000
0.50000000 0.78800000 0.14000000 0.03200000
0.57200000 0.78800000 0.14000000 0.03200000
0.64400000 0.78800000 0.14000000 0.03200000
0.71600000 0.78800000 0.14000000 0.03200000
0.78800000 0.78800000 0.14000000 0.03200000
0.86000000 0.78800000 0.14000000 0.03200000
0.93200000 0.78800000 0.14000000 0.03200000
0.06800000 0.86000000 0.14000000 0.03200000
0.14000000 0.86000000 0.14000000 0.03200000
0.21200000 0.86000000 0.14000000 0.03200000
0.28400000 0.86000000 0.14000000 0.03200000
0.35600000 0.86000000 0.14000000 0.03200000
0.42800000 0.86000000 0.14000000 0.03200000
0.50000000 0.86000000 0.14000000 0.03200000
0.57200000 0.86000000 0.14000000 0.03200000
0.64400000 0.86000000 0.14000000 0.03200000
0.71600000 0.86000000 0.14000000 0.03200000
0.78800000 0.86000000 0.14000000 0.03200000
0.86000000 0.86000000 0.14000000 0.03200000
0.93200000 0.86000000 0.14000000 0.03200000
0.06800000 0.93200000 0.14000000 0.03200000
0.14000000 0.93200000 0.14000000 0.03200000
0.21200000 0.93200000 0.14000000 0.03200000
0.28400000 0.93200000 0.14000000 0.03200000
0.35600000 0.93200000 0.14000000 0.03200000
0.42800000 0.93200000 0.14000000 0.03200000
0.50000000 0.93200000 0.14000000 0.03200000
0.57200000 0.93200000 0.14000000 0.03200000
0.64400000 0.93200000 0.14000000 0.03200000
0.71600000 0.93200000 0.14000000 0.03200000
0.78800000 0.93200000 0.14000000 0.03200000
0.86000000 0.93200000 0.14000000 0.03200000
0.93200000 0.93200000 0.14000000 0.03200000
0.06800000 0.06800000 0.21200000 0.03200000
0.14000000 0.06800000 0.21200000 0.03200000
0.21200000 0.06800000 0.21200000 0.03200000
0.28400000 0.06800000 0.21200000 0.03200000
0.35600000 0.06800000 0.21200000 0.03200000
0.42800000 0.06800000 0.21200000 0.03200000
0.50000000 0.06800000 0.21200000 0.03200000
0.57200000 0.06800000 0.21200000 0.03200000
0.64400000 0.06800000 0.21200000 0.03200000
0.71600000 0.06800000 0.21200000 0.03200000
0.78800000 0.06800000 0.21200000 0.03200000
0.86000000 0.06800000 0.21200000 0.03200000
0.93200000 0.06800000 0.21200000 0.03200000
0.06800000 0.14000000 0.21200000 0.03200000
0.14000000 0.14000000 0.21200000 0.03200000
0.21200000 0.14000000 0.21200000 0.03200000
0.28400000 0.14000000 0.21200000 0.03200000
0.35600000 0.14000000 0.21200000 0.03200000
0.42800000 0.14000000 0.21200000 0.03200000
0.50000000 0.14000000 0.21200000 0.03200000
0.57200000 0.14000000 0.21200000 0.03200000
0.64400000 0.14000000 0.21200000 0.03200000
0.71600000 0.14000000 0.21200000 0.03200000
0.78800000 0.14000000 0.21200000 0.03200000
0.86000000 0.14000000 0.21200000 0.03200000
0.93200000 0.14000000 0.21200000 0.03200000
0.06800000 0.21200000 0.21200000 0.03200000
0.14000000 0.21200000 0.21200000 0.03200000
0.21200000 0.21200000 0.21200000 0.03200000
0.28400000 0.21200000 0.21200000 0.03200000
0.35600000 0.21200000 0.21200000 0.03200000
0.42800000 0.21200000 0.21200000 0.03200000
0.50000000 0.21200000 0.21200000 0.03200000
0.57200000 0.21200000 0.21200000 0.03200000
0.64400000 0.21200000 0.21200000 0.03200000
0.71600000 0.21200000 0.21200000 0.03200000
0.78800000 0.21200000 0.21200000 0.03200000
0.86000000 0.21200000 0.21200000 0.03200000
0.93200000 0.21200000 0.21200000 0.03200000
0.06800000 0.28400000 0.21200000 0.03200000
0.14000000 0.28400000 0.21200000 0.03200000
0.21200000 0.28400000 0.21200000 0.03200000
0.28400000 0.28400000 0.21200000 0.03200000
0.35600000 0.28400000 0.21200000 0.03200000
0.42800000 0.28400000 0.21200000 0.03200000
0.50000000 0.28400000 0.21200000 0.03200000
0.57200000 0.28400000 0.21200000 0.03200000
0.64400000 0.28400000 0.21200000 0.03200000
0.71600000 0.28400000 0.21200000 0.03200000
0.78800000 0.28400000 0.21200000 0.03200000
0.86000000 0.28400000 0.21200000 0.03200000
0.93200000 0.28400000 0.21200000 0.03200000
0.06800000 0.35600000 0.21200000 0.03200000
0.14000000 0.35600000 0.21200000 0.03200000
0.21200000 0.35600000 0.21200000 0.03200000
0.28400000 0.35600000 0.21200000 0.03200000
0.35600000 0.35600000 0.21200000 0.03200000
0.42800000 0.35600000 0.21200000 0.03200000
0.50000000 0.35600000 0.21200000 0.03200000
0.57200000 0.35600000 0.21200000 0.03200000
0.64400000 0.35600000 0.21200000 0.03200000
0.71600000 0.35600000 0.21200000 0.03200000
0.78800000 0.35600000 0.21200000 0.03200000
0.86000000 0.35600000 0.21200000 0.03200000
0.93200000 0.35600000 0.21200000 0.03200000
0.06800000 0.42800000 0.21200000 0.03200000
0.14000000 0.42800000 0.21200000 0.03200000
0.21200000 0.42800000 0.21200000 0.03200000
0.28400000 0.42800000 0.21200000 0.03200000
0.35600000 0.42800000 0.21200000 0.03200000
0.42800000 0.42800000 0.21200000 0.03200000
0.50000000 0.42800000 0.21200000 0.03200000
0.57200000 0.42800000 0.21200000 0.03200000
0.64400000 0.42800000 0.21200000 0.03200000
0.71600000 0.42800000 0.21200000 0.03200000
0.78800000 0.42800000 0.21200000 0.03200000
0.86000000 0.42800000 0.21200000 0.03200000
0.93200000 0.42800000 0.21200000 0.03200000
0.06800000 0.50000000 0.21200000 0.03200000
0.14000000 0.50000000 0.21200000 0.03200000
0.21200000 0.50000000 0.21200000 0.03200000
0.28400000 0.50000000 0.21200000 0.03200000
0.35600000 0.50000000 0.21200000 0.03200000
0.42800000 0.50000000 0.21200000 0.03200000
0.50000000 0.50000000 0.21200000 0.03200000
0.57200000 0.50000000 0.21200000 0.03200000
0.64400000 0.50000000 0.21200000 0.03200000
0.71600000 0.50000000 0.21200000 0.03200000
0.78800000 0.50000000 0.21200000 0.03200000
0.86000000 0.50000000 0.21200000 0.03200000
0.93200000 0.50000000 0.21200000 0.03200000
0.06800000 0.57200000 0.21200000 0.03200000
0.14000000 0.57200000 0.21200000 0.03200000
0.21200000 0.57200000 0.21200000 0.03200000
0.28400000 0.57200000 0.21200000 0.03200000
0.35600000 0.57200000 0.21200000 0.03200000
0.42800000 0.57200000 0.21200000 0.03200000
0.50000000 0.57200000 0.21200000 0.03200000
0.57200000 0.57200000 0.21200000 0.03200000
0.64400000 0.57200000 0.21200000 0.03200000
0.71600000 0.57200000 0.21200000 0.03200000
0.78800000 0.57200000 0.21200000 0.03200000
0.86000000 0.57200000 0.21200000 0.03200000
0.93200000 0.57200000 0.21200000 0.03200000
0.06800000 0.64400000 0.21200000 0.03200000
0.14000000 0.64400000 0.21200000 0.03200000
0.21200000 0.64400000 0.21200000 0.03200000
0.28400000 0.64400000 0.21200000 0.03200000
0.35600000 0.64400000 0.21200000 0.03200000
0.42800000 0.64400000 0.21200000 0.03200000
0.50000000 0.64400000 0.21200000 0.03200000
0.57200000 0.64400000 0.21200000 0.03200000
0.64400000 0.64400000 0.21200000 0.03200000
0.71600000 0.64400000 0.21200000 0.03200000
0.78800000 0.64400000 0.21200000 0.03200000
0.86000000 0.64400000 0.21200000 0.03200000
0.93200000 0.64400000 0.21200000 0.03200000
0.06800000 0.71600000 0.21200000 0.03200000
0.14000000 0.71600000 0.21200000 0.03200000
0.21200000 0.71600000 0.21200000 0.03200000
0.28400000 0.71600000 0.21200000 0.03200000
0.35600000 0.71600000 0.21200000 0.03200000
0.42800000 0.71600000 0.21200000 0.03200000
0.50000000 0.71600000 0.21200000 0.03200000
0.57200000 0.71600000 0.21200000 0.03200000
0.64400000 0.71600000 0.21200000 0.03200000
0.71600000 0.71600000 0.21200000 0.03200000
0.78800000 0.71600000 0.21200000 0.03200000
0.86000000 0.71600000 0.21200000 0.03200000
0.93200000 0.71600000 0.21200000 0.03200000
0.06800000 0.78800000 0.21200000 0.03200000
0.14000000 0.78800000 0.21200000 0.03200000
0.21200000 0.78800000 0.21200000 0.03200000
0.28400000 0.78800000 0.21200000 0.03200000
0.35600000 0.78800000 0.21200000 0.03200000
0.42800000 0.78800000 0.21200000 0.03200000
0.50000000 0.78800000 0.21200000 0.03200000
0.57200000 0.78800000 0.21200000 0.03200000
0.64400000 0.78800000 0.21200000 0.03200000
0.71600000 0.78800000 0.21200000 0.03200000
0.78800000 0.78800000 0.21200000 0.03200000
0.86000000 0.78800000 0.21200000 0.03200000
0.93200000 0.78800000 0.21200000 0.03200000
0.06800000 0.86000000 0.21200000 0.03200000
0.14000000 0.86000000 0.21200000 0.03200000
0.21200000 0.86000000 0.21200000 0.03200000
0.28400000 0.86000000 0.21200000 0.03200000
0.35600000 0.86000000 0.21200000 0.03200000
0.42800000 0.86000000 0.21200000 0.03200000
0.50000000 0.86000000 0.21200000 0.03200000
0.57200000 0.86000000 0.21200000 0.03200000
0.64400000 0.86000000 0.21200000 0.03200000
0.71600000 0.86000000 0.21200000 0.03200000
0.78800000 0.86000000 0.21200000 0.03200000
0.86000000 0.86000000 0.21200000 0.03200000
0.93200000 0.86000000 0.21200000 0.03200000
0.06800000 0.93200000 0.21200000 0.03200000
0.14000000 0.93200000 0.21200000 0.03200000
0.21200000 0.93200000 0.21200000 0.03200000
0.28400000 0.93200000 0.21200000 0.03200000
0.35600000 0.93200000 0.21200000 0.03200000
0.42800000 0.93200000 0.21200000 0.03200000
0.50000000 0.93200000 0.21200000 0.03200000
0.57200000 0.93200000 0.21200000 0.03200000
0.64400000 0.93200000 0.21200000 0.03200000
0.71600000 0.93200000 0.21200000 0.03200000
0.78800000 0.93200000 0.21200000 0.03200000
0.86000000 0.93200000 0.21200000 0.03200000
0.93200000 0.93200000 0.21200000 0.03200000
0.06800000 0.06800000 0.28400000 0.03200000
0.14000000 0.06800000 0.28400000 0.03200000
0.21200000 0.06800000 0.28400000 0.03200000
0.28400000 0.06800000 0.28400000 0.03200000
0.35600000 0.06800000 0.28400000 0.03200000
0.42800000 0.06800000 0.28400000 0.03200000
0.50000000 0.06800000 0.28400000 0.03200000
0.57200000 0.06800000 0.28400000 0.03200000
0.64400000 0.06800000 0.28400000 0.03200000
0.71600000 0.06800000 0.28400000 0.03200000
0.78800000 0.06800000 0.28400000 0.03200000
0.86000000 0.06800000 0.28400000 0.03200000
0.93200000 0.06800000 0.28400000 0.03200000
0.06800000 0.14000000 0.28400000 0.03200000
0.14000000 0.14000000 0.28400000 0.03200000
0.21200000 0.14000000 0.28400000 0.03200000
0.28400000 0.14000000 0.28400000 0.03200000
0.35600000 0.14000000 0.28400000 0.03200000
0.42800000 0.14000000 0.28400000 0.03200000
0.50000000 0.14000000 0.28400000 0.03200000
0.57200000 0.14000000 0.28400000 0.03200000
0.64400000 0.14000000 0.28400000 0.03200000
0.71600000 0.14000000 0.28400000 0.03200000
0.78800000 0.14000000 0.28400000 0.03200000
0.86000000 0.14000000 0.28400000 0.03200000
0.93200000 0.14000000 0.28400000 0.03200000
0.06800000 0.21200000 0.28400000 0.03200000
0.14000000 0.21200000 0.28400000 0.03200000
0.21200000 0.21200000 0.28400000 0.03200000
0.28400000 0.21200000 0.28400000 0.03200000
0.35600000 0.21200000 0.28400000 0.03200000
0.42800000 0.21200000 0.28400000 0.03200000
0.50000000 0.21200000 0.28400000 0.03200000
0.57200000 0.21200000 0.28400000 0.03200000
0.64400000 0.21200000 0.28400000 0.03200000
0.71600000 0.21200000 0.28400000 0.03200000
0.78800000 0.21200000 0.28400000 0.03200000
0.86000000 0.21200000 0.28400000 0.03200000
0.93200000 0.21200000 0.28400000 0.03200000
0.06800000 0.28400000 0.28400000 0.03200000
0.14000000 0.28400000 0.28400000 0.03200000
0.21200000 0.28400000 0.28400000 0.03200000
0.28400000 0.28400000 0.28400000 0.03200000
0.35600000 0.28400000 0.28400000 0.03200000
0.42800000 0.28400000 0.28400000 0.03200000
0.50000000 0.28400000 0.28400000 0.03200000
0.57200000 0.28400000 0.28400000 0.03200000
0.64400000 0.28400000 0.28400000 0.03200000
0.71600000 0.28400000 0.28400000 0.03200000
0.78800000 0.28400000 0.28400000 0.03200000
0.86000000 0.28400000 0.28400000 0.03200000
0.93200000 0.28400000 0.28400000 0.03200000
0.06800000 0.35600000 0.28400000 0.03200000
0.14000000 0.35600000 0.28400000 0.03200000
0.21200000 0.35600000 0.28400000 0.03200000
0.28400000 0.35600000 0.28400000 0.03200000
0.35600000 0.35600000 0.28400000 0.03200000
0.42800000 0.35600000 0.28400000 0.03200000
0.50000000 0.35600000 0.28400000 0.03200000
0.57200000 0.35600000 0.28400000 0.03200000
0.64400000 0.35600000 0.28400000 0.03200000
0.71600000 0.35600000 0.28400000 0.03200000
0.78800000 0.35600000 0.28400000 0.03200000
0.86000000 0.35600000 0.28400000 0.03200000
0.93200000 0.35600000 0.28400000 0.03200000
0.06800000 0.42800000 0.28400000 0.03200000
0.14000000 0.42800000 0.28400000 0.03200000
0.21200000 0.42800000 0.28400000 0.03200000
0.28400000 0.42800000 0.28400000 0.03200000
0.35600000 0.42800000 0.28400000 0.03200000
0.42800000 0.42800000 0.28400000 0.03200000
0.50000000 0.42800000 0.28400000 0.03200000
0.57200000 0.42800000 0.28400000 0.03200000
0.64400000 0.42800000 0.28400000 0.03200000
0.71600000 0.42800000 0.28400000 0.03200000
0.78800000 0.42800000 0.28400000 0.03200000
0.86000000 0.42800000 0.28400000 0.03200000
0.93200000 0.42800000 0.28400000 0.03200000
0.06800000 0.50000000 0.28400000 0.03200000
0.14000000 0.50000000 0.28400000 0.03200000
0.21200000 0.50000000 0.28400000 0.03200000
0.28400000 0.50000000 0.28400000 0.03200000
0.35600000 0.50000000 0.28400000 0.03200000
0.42800000 0.50000000 0.28400000 0.03200000
0.50000000 0.50000000 0.28400000 0.03200000
0.57200000 0.50000000 0.28400000 0.03200000
0.64400000 0.50000000 0.28400000 0.03200000
0.71600000 0.50000000 0.28400000 0.03200000
0.78800000 0.50000000 0.28400000 0.03200000
0.86000000 0.50000000 0.28400000 0.03200000
0.93200000 0.50000000 0.28400000 0.03200000
0.06800000 0.57200000 0.28400000 0.03200000
0.14000000 0.57200000 0.28400000 0.03200000
0.21200000 0.57200000 0.28400000 0.03200000
0.28400000 0.57200000 0.28400000 0.03200000
0.35600000 0.57200000 0.28400000 0.03200000
0.42800000 0.57200000 0.28400000 0.03200000
0.50000000 0.57200000 0.28400000 0.03200000
0.57200000 0.57200000 0.28400000 0.03200000
0.64400000 0.57200000 0.28400000 0.03200000
0.71600000 0.57200000 0.28400000 0.03200000
0.78800000 0.57200000 0.28400000 0.03200000
0.86000000 0.57200000 0.28400000 0.03200000
0.93200000 0.57200000 0.28400000 0.03200000
0.06800000 0.64400000 0.28400000 0.03200000
0.14000000 0.64400000 0.28400000 0.03200000
0.21200000 0.64400000 0.28400000 0.03200000
0.28400000 0.64400000 0.28400000 0.03200000
0.35600000 0.64400000 0.28400000 0.03200000
0.42800000 0.64400000 0.28400000 0.03200000
0.50000000 0.64400000 0.28400000 0.03200000
0.57200000 0.64400000 0.28400000 0.03200000
0.64400000 0.64400000 0.28400000 0.03200000
0.71600000 0.64400000 0.28400000 0.03200000
0.78800000 0.64400000 0.28400000 0.03200000
0.86000000 0.64400000 0.28400000 0.03200000
0.93200000 0.64400000 0.28400000 0.03200000
0.06800000 0.71600000 0.28400000 0.03200000
0.14000000 0.71600000 0.28400000 0.03200000
0.21200000 0.71600000 0.28400000 0.03200000
0.28400000 0.71600000 0.28400000 0.03200000
0.35600000 0.71600000 0.28400000 0.03200000
0.42800000 0.71600000 0.28400000 0.03200000
0.50000000 0.71600000 0.28400000 0.03200000
0.57200000 0.71600000 0.28400000 0.03200000
0.64400000 0.71600000 0.28400000 0.03200000
0.71600000 0.71600000 0.28400000 0.03200000
0.78800000 0.71600000 0.28400000 0.03200000
0.86000000 0.71600000 0.28400000 0.03200000
0.93200000 0.71600000 0.28400000 0.03200000
0.06800000 0.78800000 0.28400000 0.03200000
0.14000000 0.78800000 0.28400000 0.03200000
0.21200000 0.78800000 0.28400000 0.03200000
0.28400000 0.78800000 0.28400000 0.03200000
0.35600000 0.78800000 0.28400000 0.03200000
0.42800000 0.78800000 0.28400000 0.03200000
0.50000000 0.78800000 0.28400000 0.03200000
0.57200000 0.78800000 0.28400000 0.03200000
0.64400000 0.78800000 0.28400000 0.03200000
0.71600000 0.78800000 0.28400000 0.03200000
0.78800000 0.78800000 0.28400000 0.03200000
0.86000000 0.78800000 0.28400000 0.03200000
0.93200000 0.78800000 0.28400000 0.03200000
0.06800000 0.86000000 0.28400000 0.03200000
0.14000000 0.86000000 0.28400000 0.03200000
0.21200000 0.86000000 0.28400000 0.03200000
0.28400000 0.86000000 0.28400000 0.03200000
0.35600000 0.86000000 0.28400000 0.03200000
0.42800000 0.86000000 0.28400000 0.03200000
0.50000000 0.86000000 0.28400000 0.03200000
0.57200000 0.86000000 0.28400000 0.03200000
0.64400000 0.86000000 0.28400000 0.03200000
0.71600000 0.86000000 0.28400000 0.03200000
0.78800000 0.86000000 0.28400000 0.03200000
0.86000000 0.86000000 0.28400000 0.03200000
0.93200000 0.86000000 0.28400000 0.03200000
0.06800000 0.93200000 0.28400000 0.03200000
0.14000000 0.93200000 0.28400000 0.03200000
0.21200000 0.93200000 0.28400000 0.03200000
0.28400000 0.93200000 0.28400000 0.03200000
0.35600000 0.93200000 0.28400000 0.03200000
0.42800000 0.93200000 0.28400000 0.03200000
0.50000000 0.93200000 0.28400000 0.03200000
0.57200000 0.93200000 0.28400000 0.03200000
0.64400000 0.93200000 0.28400000 0.03200000
0.71600000 0.93200000 0.28400000 0.03200000
0.78800000 0.93200000 0.28400000 0.03200000
0.86000000 0.93200000 0.28400000 0.03200000
0.93200000 0.93200000 0.28400000 0.03200000
0.06800000 0.06800000 0.35600000 0.03200000
0.14000000 0.06800000 0.35600000 0.03200000
0.21200000 0.06800000 0.35600000 0.03200000
0.28400000 0.06800000 0.35600000 0.03200000
0.35600000 0.06800000 0.35600000 0.03200000
0.42800000 0.06800000 0.35600000 0.03200000
0.50000000 0.06800000 0.35600000 0.03200000
0.57200000 0.06800000 0.35600000 0.03200000
0.64400000 0.06800000 0.35600000 0.03200000
0.71600000 0.06800000 0.35600000 0.03200000
0.78800000 0.06800000 0.35600000 0.03200000
0.86000000 0.06800000 0.35600000 0.03200000
0.93200000 0.06800000 0.35600000 0.03200000
0.06800000 0.14000000 0.35600000 0.03200000
0.14000000 0.14000000 0.35600000 0.03200000
0.21200000 0.14000000 0.35600000 0.03200000
0.28400000 0.14000000 0.35600000 0.03200000
0.35600000 0.14000000 0.35600000 0.03200000
0.42800000 0.14000000 0.35600000 0.03200000
0.50000000 0.14000000 0.35600000 0.03200000
0.57200000 0.14000000 0.35600000 0.03200000
0.64400000 0.14000000 0.35600000 0.03200000
0.71600000 0.14000000 0.35600000 0.03200000
0.78800000 0.14000000 0.35600000 0.03200000
0.86000000 0.14000000 0.35600000 0.03200000
0.93200000 0.14000000 0.35600000 0.03200000
0.06800000 0.21200000 0.35600000 0.03200000
0.14000000 0.21200000 0.35600000 0.03200000
0.21200000 0.21200000 0.35600000 0.03200000
0.28400000 0.21200000 0.35600000 0.03200000
0.35600000 0.21200000 0.35600000 0.03200000
0.42800000 0.21200000 0.35600000 0.03200000
0.50000000 0.21200000 0.35600000 0.03200000
0.57200000 0.21200000 0.35600000 0.03200000
0.64400000 0.21200000 0.35600000 0.03200000
0.71600000 0.21200000 0.35600000 0.03200000
0.78800000 0.21200000 0.35600000 0.03200000
0.86000000 0.21200000 0.35600000 0.03200000
0.93200000 0.21200000 0.35600000 0.03200000
0.06800000 0.28400000 0.35600000 0.03200000
0.14000000 0.28400000 0.35600000 0.03200000
0.21200000 0.28400000 0.35600000 0.03200000
0.28400000 0.28400000 0.35600000 0.03200000
0.35600000 0.28400000 0.35600000 0.03200000
0.42800000 0.28400000 0.35600000 0.03200000
0.50000000 0.28400000 0.35600000 0.03200000
0.57200000 0.28400000 0.35600000 0.03200000
0.64400000 0.28400000 0.35600000 0.03200000
0.71600000 0.28400000 0.35600000 0.03200000
0.78800000 0.28400000 0.35600000 0.03200000
0.86000000 0.28400000 0.35600000 0.03200000
0.93200000 0.28400000 0.35600000 0.03200000
0.06800000 0.35600000 0.35600000 0.03200000
0.14000000 0.35600000 0.35600000 0.03200000
0.21200000 0.35600000 0.35600000 0.03200000
0.28400000 0.35600000 0.35600000 0.03200000
0.35600000 0.35600000 0.35600000 0.03200000
0.42800000 0.35600000 0.35600000 0.03200000
0.50000000 0.35600000 0.35600000 0.03200000
0.57200000 0.35600000 0.35600000 0.03200000
0.64400000 0.35600000 0.35600000 0.03200000
0.71600000 0.35600000 0.35600000 0.03200000
0.78800000 0.35600000 0.35600000 0.03200000
0.86000000 0.35600000 0.35600000 0.03200000
0.93200000 0.35600000 0.35600000 0.03200000
0.06800000 0.42800000 0.35600000 0.03200000
0.14000000 0.42800000 0.35600000 0.03200000
0.21200000 0.42800000 0.35600000 0.03200000
0.28400000 0.42800000 0.35600000 0.03200000
0.35600000 0.42800000 0.35600000 0.03200000
0.42800000 0.42800000 0.35600000 0.03200000
0.50000000 0.42800000 0.35600000 0.03200000
0.57200000 0.42800000 0.35600000 0.03200000
0.64400000 0.42800000 0.35600000 0.03200000
0.71600000 0.42800000 0.35600000 0.03200000
0.78800000 0.42800000 0.35600000 0.03200000
0.86000000 0.42800000 0.35600000 0.03200000
0.93200000 0.42800000 0.35600000 0.03200000
0.06800000 0.50000000 0.35600000 0.03200000
0.14000000 0.50000000 0.35600000 0.03200000
0.21200000 0.50000000 0.35600000 0.03200000
0.28400000 0.50000000 0.35600000 0.03200000
0.35600000 0.50000000 0.35600000 0.03200000
0.42800000 0.50000000 0.35600000 0.03200000
0.50000000 0.50000000 0.35600000 0.03200000
0.57200000 0.50000000 0.35600000 0.03200000
0.64400000 0.50000000 0.35600000 0.03200000
0.71600000 0.50000000 0.35600000 0.03200000
0.78800000 0.50000000 0.35600000 0.03200000
0.86000000 0.50000000 0.35600000 0.03200000
0.93200000 0.50000000 0.35600000 0.03200000
0.06800000 0.57200000 0.35600000 0.03200000
0.14000000 0.57200000 0.35600000 0.03200000
0.21200000 0.57200000 0.35600000 0.03200000
0.28400000 0.57200000 0.35600000 0.03200000
0.35600000 0.57200000 0.35600000 0.03200000
0.42800000 0.57200000 0.35600000 0.03200000
0.50000000 0.57200000 0.35600000 0.03200000
0.57200000 0.57200000 0.35600000 0.03200000
0.64400000 0.57200000 0.35600000 0.03200000
0.71600000 0.57200000 0.35600000 0.03200000
0.78800000 0.57200000 0.35600000 0.03200000
0.86000000 0.57200000 0.35600000 0.03200000
0.93200000 0.57200000 0.35600000 0.03200000
0.06800000 0.64400000 0.35600000 0.03200000
0.14000000 0.64400000 0.35600000 0.03200000
0.21200000 0.64400000 0.35600000 0.03200000
0.28400000 0.64400000 0.35600000 0.03200000
0.35600000 0.64400000 0.35600000 0.03200000
0.42800000 0.64400000 0.35600000 0.03200000
0.50000000 0.64400000 0.35600000 0.03200000
0.57200000 0.64400000 0.35600000 0.03200000
0.64400000 0.64400000 0.35600000 0.03200000
0.71600000 0.64400000 0.35600000 0.03200000
0.78800000 0.64400000 0.35600000 0.03200000
0.86000000 0.64400000 0.35600000 0.03200000
0.93200000 0.64400000 0.35600000 0.03200000
0.06800000 0.71600000 0.35600000 0.03200000
0.14000000 0.71600000 0.35600000 0.03200000
0.21200000 0.71600000 0.35600000 0.03200000
0.28400000 0.71600000 0.35600000 0.03200000
0.35600000 0.71600000 0.35600000 0.03200000
0.42800000 0.71600000 0.35600000 0.03200000
0.50000000 0.71600000 0.35600000 0.03200000
0.57200000 0.71600000 0.35600000 0.03200000
0.64400000 0.71600000 0.35600000 0.03200000
0.71600000 0.71600000 0.35600000 0.03200000
0.78800000 0.71600000 0.35600000 0.03200000
0.86000000 0.71600000 0.35600000 0.03200000
0.93200000 0.71600000 0.35600000 0.03200000
0.06800000 0.78800000 0.35600000 0.03200000
0.14000000 0.78800000 0.35600000 0.03200000
0.21200000 0.78800000 0.35600000 0.03200000
0.28400000 0.78800000 0.35600000 0.03200000
0.35600000 0.78800000 0.35600000 0.03200000
0.42800000 0.78800000 0.35600000 0.03200000
0.50000000 0.78800000 0.35600000 0.03200000
0.57200000 0.78800000 0.35600000 0.03200000
0.64400000 0.78800000 0.35600000 0.03200000
0.71600000 0.78800000 0.35600000 0.03200000
0.78800000 0.78800000 0.35600000 0.03200000
0.86000000 0.78800000 0.35600000 0.03200000
0.93200000 0.78800000 0.35600000 0.03200000
0.06800000 0.86000000 0.35600000 0.03200000
0.14000000 0.86000000 0.35600000 0.03200000
0.21200000 0.86000000 0.35600000 0.03200000
0.28400000 0.86000000 0.35600000 0.03200000
0.35600000 0.86000000 0.35600000 0.03200000
0.42800000 0.86000000 0.35600000 0.03200000
0.50000000 0.86000000 0.35600000 0.03200000
0.57200000 0.86000000 0.35600000 0.03200000
0.64400000 0.86000000 0.35600000 0.03200000
0.71600000 0.86000000 0.35600000 0.03200000
0.78800000 0.86000000 0.35600000 0.03200000
0.86000000 0.86000000 0.35600000 0.03200000
0.93200000 0.86000000 0.35600000 0.03200000
0.06800000 0.93200000 0.35600000 0.03200000
0.14000000 0.93200000 0.35600000 0.03200000
0.21200000 0.93200000 0.35600000 0.03200000
0.28400000 0.93200000 0.35600000 0.03200000
0.35600000 0.93200000 0.35600000 0.03200000
0.42800000 0.93200000 0.35600000 0.03200000
0.50000000 0.93200000 0.35600000 0.03200000
0.57200000 0.93200000 0.35600000 0.03200000
0.64400000 0.93200000 0.35600000 0.03200000
0.71600000 0.93200000 0.35600000 0.03200000
0.78800000 0.93200000 0.35600000 0.03200000
0.86000000 0.93200000 0.35600000 0.03200000
0.93200000 0.93200000 0.35600000 0.03200000
0.06800000 0.06800000 0.42800000 0.03200000
0.14000000 0.06800000 0.42800000 0.03200000
0.21200000 0.06800000 0.42800000 0.03200000
0.28400000 0.06800000 0.42800000 0.03200000
0.35600000 0.06800000 0.42800000 0.03200000
0.42800000 0.06800000 0.42800000 0.03200000
0.50000000 0.06800000 0.42800000 0.03200000
0.57200000 0.06800000 0.42800000 0.03200000
0.64400000 0.06800000 0.42800000 0.03200000
0.71600000 0.06800000 0.42800000 0.03200000
0.78800000 0.06800000 0.42800000 0.03200000
0.86000000 0.06800000 0.42800000 0.03200000
0.93200000 0.06800000 0.42800000 0.03200000
0.06800000 0.14000000 0.42800000 0.03200000
0.14000000 0.14000000 0.42800000 0.03200000
0.21200000 0.14000000 0.42800000 0.03200000
0.28400000 0.14000000 0.42800000 0.03200000
0.35600000 0.14000000 0.42800000 0.03200000
0.42800000 0.14000000 0.42800000 0.03200000
0.50000000 0.14000000 0.42800000 0.03200000
0.57200000 0.14000000 0.42800000 0.03200000
0.64400000 0.14000000 0.42800000 0.03200000
0.71600000 0.14000000 0.42800000 0.03200000
0.78800000 0.14000000 0.42800000 0.03200000
0.86000000 0.14000000 0.42800000 0.03200000
0.93200000 0.14000000 0.42800000 0.03200000
0.06800000 0.21200000 0.42800000 0.03200000
0.14000000 0.21200000 0.42800000 0.03200000
0.21200000 0.21200000 0.42800000 0.03200000
0.28400000 0.21200000 0.42800000 0.03200000
0.35600000 0.21200000 0.42800000 0.03200000
0.42800000 0.21200000 0.42800000 0.03200000
0.50000000 0.21200000 0.42800000 0.03200000
0.57200000 0.21200000 0.42800000 0.03200000
0.64400000 0.21200000 0.42800000 0.03200000
0.71600000 0.21200000 0.42800000 0.03200000
0.78800000 0.21200000 0.42800000 0.03200000
0.86000000 0.21200000 0.42800000 0.03200000
0.93200000 0.21200000 0.42800000 0.03200000
0.06800000 0.28400000 0.42800000 0.03200000
0.14000000 0.28400000 0.42800000 0.03200000
0.21200000 0.28400000 0.42800000 0.03200000
0.28400000 0.28400000 0.42800000 0.03200000
0.35600000 0.28400000 0.42800000 0.03200000
0.42800000 0.28400000 0.42800000 0.03200000
0.50000000 0.28400000 0.42800000 0.03200000
0.57200000 0.28400000 0.42800000 0.03200000
0.64400000 0.28400000 0.42800000 0.03200000
0.71600000 0.28400000 0.42800000 0.03200000
0.78800000 0.28400000 0.42800000 0.03200000
0.86000000 0.28400000 0.42800000 0.03200000
0.93200000 0.28400000 0.42800000 0.03200000
0.06800000 0.35600000 0.42800000 0.03200000
0.14000000 0.35600000 0.42800000 0.03200000
0.21200000 0.35600000 0.42800000 0.03200000
0.28400000 0.35600000 0.42800000 0.03200000
0.35600000 0.35600000 0.42800000 0.03200000
0.42800000 0.35600000 0.42800000 0.03200000
0.50000000 0.35600000 0.42800000 0.03200000
0.57200000 0.35600000 0.42800000 0.03200000
0.64400000 0.35600000 0.42800000 0.03200000
0.71600000 0.35600000 0.42800000 0.03200000
0.78800000 0.35600000 0.42800000 0.03200000
0.86000000 0.35600000 0.42800000 0.03200000
0.93200000 0.35600000 0.42800000 0.03200000
0.06800000 0.42800000 0.42800000 0.03200000
0.14000000 0.42800000 0.42800000 0.03200000
0.21200000 0.42800000 0.42800000 0.03200000
0.28400000 0.42800000 0.42800000 0.03200000
0.35600000 0.42800000 0.42800000 0.03200000
0.42800000 0.42800000 0.42800000 0.03200000
0.50000000 0.42800000 0.42800000 0.03200000
0.57200000 0.42800000 0.42800000 0.03200000
0.64400000 0.42800000 0.42800000 0.03200000
0.71600000 0.42800000 0.42800000 0.03200000
0.78800000 0.42800000 0.42800000 0.03200000
0.86000000 0.42800000 0.42800000 0.03200000
0.93200000 0.42800000 0.42800000 0.03200000
0.06800000 0.50000000 0.42800000 0.03200000
0.14000000 0.50000000 0.42800000 0.03200000
0.21200000 0.50000000 0.42800000 0.03200000
0.28400000 0.50000000 0.42800000 0.03200000
0.35600000 0.50000000 0.42800000 0.03200000
0.42800000 0.50000000 0.42800000 0.03200000
0.50000000 0.50000000 0.42800000 0.03200000
0.57200000 0.50000000 0.42800000 0.03200000
0.64400000 0.50000000 0.42800000 0.03200000
0.71600000 0.50000000 0.42800000 0.03200000
0.78800000 0.50000000 0.42800000 0.03200000
0.86000000 0.50000000 0.42800000 0.03200000
0.93200000 0.50000000 0.42800000 0.03200000
0.06800000 0.57200000 0.42800000 0.03200000
0.14000000 0.57200000 0.42800000 0.03200000
0.21200000 0.57200000 0.42800000 0.03200000
0.28400000 0.57200000 0.42800000 0.03200000
0.35600000 0.57200000 0.42800000 0.03200000
0.42800000 0.57200000 0.42800000 0.03200000
0.50000000 0.57200000 0.42800000 0.03200000
0.57200000 0.57200000 0.42800000 0.03200000
0.64400000 0.57200000 0.42800000 0.03200000
0.71600000 0.57200000 0.42800000 0.03200000
0.78800000 0.57200000 0.42800000 0.03200000
0.86000000 0.57200000 0.42800000 0.03200000
0.93200000 0.57200000 0.42800000 0.03200000
0.06800000 0.64400000 0.42800000 0.03200000
0.14000000 0.64400000 0.42800000 0.03200000
0.21200000 0.64400000 0.42800000 0.03200000
0.28400000 0.64400000 0.42800000 0.03200000
0.35600000 0.64400000 0.42800000 0.03200000
0.42800000 0.64400000 0.42800000 0.03200000
0.50000000 0.64400000 0.42800000 0.03200000
0.57200000 0.64400000 0.42800000 0.03200000
0.64400000 0.64400000 0.42800000 0.03200000
0.71600000 0.64400000 0.42800000 0.03200000
0.78800000 0.64400000 0.42800000 0.03200000
0.86000000 0.64400000 0.42800000 0.03200000
0.93200000 0.64400000 0.42800000 0.03200000
0.06800000 0.71600000 0.42800000 0.03200000
0.14000000 0.71600000 0.42800000 0.03200000
0.21200000 0.71600000 0.42800000 0.03200000
0.28400000 0.71600000 0.42800000 0.03200000
0.35600000 0.71600000 0.42800000 0.03200000
0.42800000 0.71600000 0.42800000 0.03200000
0.50000000 0.71600000 0.42800000 0.03200000
0.57200000 0.71600000 0.42800000 0.03200000
0.64400000 0.71600000 0.42800000 0.03200000
0.71600000 0.71600000 0.42800000 0.03200000
0.78800000 0.71600000 0.42800000 0.03200000
0.86000000 0.71600000 0.42800000 0.03200000
0.93200000 0.71600000 0.42800000 0.03200000
0.06800000 0.78800000 0.42800000 0.03200000
0.14000000 0.78800000 0.42800000 0.03200000
0.21200000 0.78800000 0.42800000 0.03200000
0.28400000 0.78800000 0.42800000 0.03200000
0.35600000 0.78800000 0.42800000 0.03200000
0.42800000 0.78800000 0.42800000 0.03200000
0.50000000 0.78800000 0.42800000 0.03200000
0.57200000 0.78800000 0.42800000 0.03200000
0.64400000 0.78800000 0.42800000 0.03200000
0.71600000 0.78800000 0.42800000 0.03200000
0.78800000 0.78800000 0.42800000 0.03200000
0.86000000 0.78800000 0.42800000 0.03200000
0.93200000 0.78800000 0.42800000 0.03200000
0.06800000 0.86000000 0.42800000 0.03200000
0.14000000 0.86000000 0.42800000 0.03200000
0.21200000 0.86000000 0.42800000 0.03200000
0.28400000 0.86000000 0.42800000 0.03200000
0.35600000 0.86000000 0.42800000 0.03200000
0.42800000 0.86000000 0.42800000 0.03200000
0.50000000 0.86000000 0.42800000 0.03200000
0.57200000 0.86000000 0.42800000 0.03200000
0.64400000 0.86000000 0.42800000 0.03200000
0.71600000 0.86000000 0.42800000 0.03200000
0.78800000 0.86000000 0.42800000 0.03200000
0.86000000 0.86000000 0.42800000 0.03200000
0.93200000 0.86000000 0.42800000 0.03200000
0.06800000 0.93200000 0.42800000 0.03200000
0.14000000 0.93200000 0.42800000 0.03200000
0.21200000 0.93200000 0.42800000 0.03200000
0.28400000 0.93200000 0.42800000 0.03200000
0.35600000 0.93200000 0.42800000 0.03200000
0.42800000 0.93200000 0.42800000 0.03200000
0.50000000 0.93200000 0.42800000 0.03200000
0.57200000 0.93200000 0.42800000 0.03200000
0.64400000 0.93200000 0.42800000 0.03200000
0.71600000 0.93200000 0.42800000 0.03200000
0.78800000 0.93200000 0.42800000 0.03200000
0.86000000 0.93200000 0.42800000 0.03200000
0.93200000 0.93200000 0.42800000 0.03200000
0.06800000 0.06800000 0.50000000 0.03200000
0.14000000 0.06800000 0.50000000 0.03200000
0.21200000 0.06800000 0.50000000 0.03200000
0.28400000 0.06800000 0.50000000 0.03200000
0.35600000 0.06800000 0.50000000 0.03200000
0.42800000 0.06800000 0.50000000 0.03200000
0.50000000 0.06800000 0.50000000 0.03200000
0.57200000 0.06800000 0.50000000 0.03200000
0.64400000 0.06800000 0.50000000 0.03200000
0.71600000 0.06800000 0.50000000 0.03200000
0.78800000 0.06800000 0.50000000 0.03200000
0.86000000 0.06800000 0.50000000 0.03200000
0.93200000 0.06800000 0.50000000 0.03200000
0.06800000 0.14000000 0.50000000 0.03200000
0.14000000 0.14000000 0.50000000 0.03200000
0.21200000 0.14000000 0.50000000 0.03200000
0.28400000 0.14000000 0.50000000 0.03200000
0.35600000 0.14000000 0.50000000 0.03200000
0.42800000 0.14000000 0.50000000 0.03200000
0.50000000 0.14000000 0.50000000 0.03200000
0.57200000 0.14000000 0.50000000 0.03200000
0.64400000 0.14000000 0.50000000 0.03200000
0.71600000 0.14000000 0.50000000 0.03200000
0.78800000 0.14000000 0.50000000 0.03200000
0.86000000 0.14000000 0.50000000 0.03200000
0.93200000 0.14000000 0.50000000 0.03200000
0.06800000 0.21200000 0.50000000 0.03200000
0.14000000 0.21200000 0.50000000 0.03200000
0.21200000 0.21200000 0.50000000 0.03200000
0.28400000 0.21200000 0.50000000 0.03200000
0.35600000 0.21200000 0.50000000 0.03200000
0.42800000 0.21200000 0.50000000 0.03200000
0.50000000 0.21200000 0.50000000 0.03200000
0.57200000 0.21200000 0.50000000 0.03200000
0.64400000 0.21200000 0.50000000 0.03200000
0.71600000 0.21200000 0.50000000 0.03200000
0.78800000 0.21200000 0.50000000 0.03200000
0.86000000 0.21200000 0.50000000 0.03200000
0.93200000 0.21200000 0.50000000 0.03200000
0.06800000 0.28400000 0.50000000 0.03200000
0.14000000 0.28400000 0.50000000 0.03200000
0.21200000 0.28400000 0.50000000 0.03200000
0.28400000 0.28400000 0.50000000 0.03200000
0.35600000 0.28400000 0.50000000 0.03200000
0.42800000 0.28400000 0.50000000 0.03200000
0.50000000 0.28400000 0.50000000 0.03200000
0.57200000 0.28400000 0.50000000 0.03200000
0.64400000 0.28400000 0.50000000 0.03200000
0.71600000 0.28400000 0.50000000 0.03200000
0.78800000 0.28400000 0.50000000 0.03200000
0.86000000 0.28400000 0.50000000 0.03200000
0.93200000 0.28400000 0.50000000 0.03200000
0.06800000 0.35600000 0.50000000 0.03200000
0.14000000 0.35600000 0.50000000 0.03200000
0.21200000 0.35600000 0.50000000 0.03200000
0.28400000 0.35600000 0.50000000 0.03200000
0.35600000 0.35600000 0.50000000 0.03200000
0.42800000 0.35600000 0.50000000 0.03200000
0.50000000 0.35600000 0.50000000 0.03200000
0.57200000 0.35600000 0.50000000 0.03200000
0.64400000 0.35600000 0.50000000 0.03200000
0.71600000 0.35600000 0.50000000 0.03200000
0.78800000 0.35600000 0.50000000 0.03200000
0.86000000 0.35600000 0.50000000 0.03200000
0.93200000 0.35600000 0.50000000 0.03200000
0.06800000 0.42800000 0.50000000 0.03200000
0.14000000 0.42800000 0.50000000 0.03200000
0.21200000 0.42800000 0.50000000 0.03200000
0.28400000 0.42800000 0.50000000 0.03200000
0.35600000 0.42800000 0.50000000 0.03200000
0.42800000 0.42800000 0.50000000 0.03200000
0.50000000 0.42800000 0.50000000 0.03200000
0.57200000 0.42800000 0.50000000 0.03200000
0.64400000 0.42800000 0.50000000 0.03200000
0.71600000 0.42800000 0.50000000 0.03200000
0.78800000 0.42800000 0.50000000 0.03200000
0.86000000 0.42800000 0.50000000 0.03200000
0.93200000 0.42800000 0.50000000 0.03200000
0.06800000 0.50000000 0.50000000 0.03200000
0.14000000 0.50000000 0.50000000 0.03200000
0.21200000 0.50000000 0.50000000 0.03200000
0.28400000 0.50000000 0.50000000 0.03200000
0.35600000 0.50000000 0.50000000 0.03200000
0.42800000 0.50000000 0.50000000 0.03200000
0.50000000 0.50000000 0.50000000 0.03200000
0.57200000 0.50000000 0.50000000 0.03200000
0.64400000 0.50000000 0.50000000 0.03200000
0.71600000 0.50000000 0.50000000 0.03200000
0.78800000 0.50000000 0.50000000 0.03200000
0.86000000 0.50000000 0.50000000 0.03200000
0.93200000 0.50000000 0.50000000 0.03200000
0.06800000 0.57200000 0.50000000 0.03200000
0.14000000 0.57200000 0.50000000 0.03200000
0.21200000 0.57200000 0.50000000 0.03200000
0.28400000 0.57200000 0.50000000 0.03200000
0.35600000 0.57200000 0.50000000 0.03200000
0.42800000 0.57200000 0.50000000 0.03200000
0.50000000 0.57200000 0.50000000 0.03200000
0.57200000 0.57200000 0.50000000 0.03200000
0.64400000 0.57200000 0.50000000 0.03200000
0.71600000 0.57200000 0.50000000 0.03200000
0.78800000 0.57200000 0.50000000 0.03200000
0.86000000 0.57200000 0.50000000 0.03200000
0.93200000 0.57200000 0.50000000 0.03200000
0.06800000 0.64400000 0.50000000 0.03200000
0.14000000 0.64400000 0.50000000 0.03200000
0.21200000 0.64400000 0.50000000 0.03200000
0.28400000 0.64400000 0.50000000 0.03200000
0.35600000 0.64400000 0.50000000 0.03200000
0.42800000 0.64400000 0.50000000 0.03200000
0.50000000 0.64400000 0.50000000 0.03200000
0.57200000 0.64400000 0.50000000 0.03200000
0.64400000 0.64400000 0.50000000 0.03200000
0.71600000 0.64400000 0.50000000 0.03200000
0.78800000 0.64400000 0.50000000 0.03200000
0.86000000 0.64400000 0.50000000 0.03200000
0.93200000 0.64400000 0.50000000 0.03200000
0.06800000 0.71600000 0.50000000 0.03200000
0.14000000 0.71600000 0.50000000 0.03200000
0.21200000 0.71600000 0.50000000 0.03200000
0.28400000 0.71600000 0.50000000 0.03200000
0.35600000 0.71600000 0.50000000 0.03200000
0.42800000 0.71600000 0.50000000 0.03200000
0.50000000 0.71600000 0.50000000 0.03200000
0.57200000 0.71600000 0.50000000 0.03200000
0.64400000 0.71600000 0.50000000 0.03200000
0.71600000 0.71600000 0.50000000 0.03200000
0.78800000 0.71600000 0.50000000 0.03200000
0.86000000 0.71600000 0.50000000 0.03200000
0.93200000 0.71600000 0.50000000 0.03200000
0.06800000 0.78800000 0.50000000 0.03200000
0.14000000 0.78800000 0.50000000 0.03200000
0.21200000 0.78800000 0.50000000 0.03200000
0.28400000 0.78800000 0.50000000 0.03200000
0.35600000 0.78800000 0.50000000 0.03200000
0.42800000 0.78800000 0.50000000 0.03200000
0.50000000 0.78800000 0.50000000 0.03200000
0.57200000 0.78800000 0.50000000 0.03200000
0.64400000 0.78800000 0.50000000 0.03200000
0.71600000 0.78800000 0.50000000 0.03200000
0.78800000 0.78800000 0.50000000 0.03200000
0.86000000 0.78800000 0.50000000 0.03200000
0.93200000 0.78800000 0.50000000 0.03200000
0.06800000 0.86000000 0.50000000 0.03200000
0.14000000 0.86000000 0.50000000 0.03200000
0.21200000 0.86000000 0.50000000 0.03200000
0.28400000 0.86000000 0.50000000 0.03200000
0.35600000 0.86000000 0.50000000 0.03200000
0.42800000 0.86000000 0.50000000 0.03200000
0.50000000 0.86000000 0.50000000 0.03200000
0.57200000 0.86000000 0.50000000 0.03200000
0.64400000 0.86000000 0.50000000 0.03200000
0.71600000 0.86000000 0.50000000 0.03200000
0.78800000 0.86000000 0.50000000 0.03200000
0.86000000 0.86000000 0.50000000 0.03200000
0.93200000 0.86000000 0.50000000 0.03200000
0.06800000 0.93200000 0.50000000 0.03200000
0.14000000 0.93200000 0.50000000 0.03200000
0.21200000 0.93200000 0.50000000 0.03200000
0.28400000 0.93200000 0.50000000 0.03200000
0.35600000 0.93200000 0.50000000 0.03200000
0.42800000 0.93200000 0.50000000 0.03200000
0.50000000 0.93200000 0.50000000 0.03200000
0.57200000 0.93200000 0.50000000 0.03200000
0.64400000 0.93200000 0.50000000 0.03200000
0.71600000 0.93200000 0.50000000 0.03200000
0.78800000 0.93200000 0.50000000 0.03200000
0.86000000 0.93200000 0.50000000 0.03200000
0.93200000 0.93200000 0.50000000 0.03200000
0.06800000 0.06800000 0.57200000 0.03200000
0.14000000 0.06800000 0.57200000 0.03200000
0.21200000 0.06800000 0.57200000 0.03200000
0.28400000 0.06800000 0.57200000 0.03200000
0.35600000 0.06800000 0.57200000 0.03200000
0.42800000 0.06800000 0.57200000 0.03200000
0.50000000 0.06800000 0.57200000 0.03200000
0.57200000 0.06800000 0.57200000 0.03200000
0.64400000 0.06800000 0.57200000 0.03200000
0.71600000 0.06800000 0.57200000 0.03200000
0.78800000 0.06800000 0.57200000 0.03200000
0.86000000 0.06800000 0.57200000 0.03200000
0.93200000 0.06800000 0.57200000 0.03200000
0.06800000 0.14000000 0.57200000 0.03200000
0.14000000 0.14000000 0.57200000 0.03200000
0.21200000 0.14000000 0.57200000 0.03200000
0.28400000 0.14000000 0.57200000 0.03200000
0.35600000 0.14000000 0.57200000 0.03200000
0.42800000 0.14000000 0.57200000 0.03200000
0.50000000 0.14000000 0.57200000 0.03200000
0.57200000 0.14000000 0.57200000 0.03200000
0.64400000 0.14000000 0.57200000 0.03200000
0.71600000 0.14000000 0.57200000 0.03200000
0.78800000 0.14000000 0.57200000 0.03200000
0.86000000 0.14000000 0.57200000 0.03200000
0.93200000 0.14000000 0.57200000 0.03200000
0.06800000 0.21200000 0.57200000 0.03200000
0.14000000 0.21200000 0.57200000 0.03200000
0.21200000 0.21200000 0.57200000 0.03200000
0.28400000 0.21200000 0.57200000 0.03200000
0.35600000 0.21200000 0.57200000 0.03200000
0.42800000 0.21200000 0.57200000 0.03200000
0.50000000 0.21200000 0.57200000 0.03200000
0.57200000 0.21200000 0.57200000 0.03200000
0.64400000 0.21200000 0.57200000 0.03200000
0.71600000 0.21200000 0.57200000 0.03200000
0.78800000 0.21200000 0.57200000 0.03200000
0.86000000 0.21200000 0.57200000 0.03200000
0.93200000 0.21200000 0.57200000 0.03200000
0.06800000 0.28400000 0.57200000 0.03200000
0.14000000 0.28400000 0.57200000 0.03200000
0.21200000 0.28400000 0.57200000 0.03200000
0.28400000 0.28400000 0.57200000 0.03200000
0.35600000 0.28400000 0.57200000 0.03200000
0.42800000 0.28400000 0.57200000 0.03200000
0.50000000 0.28400000 0.57200000 0.03200000
0.57200000 0.28400000 0.57200000 0.03200000
0.64400000 0.28400000 0.57200000 0.03200000
0.71600000 0.28400000 0.57200000 0.03200000
0.78800000 0.28400000 0.57200000 0.03200000
0.86000000 0.28400000 0.57200000 0.03200000
0.93200000 0.28400000 0.57200000 0.03200000
0.06800000 0.35600000 0.57200000 0.03200000
0.14000000 0.35600000 0.57200000 0.03200000
0.21200000 0.35600000 0.57200000 0.03200000
0.28400000 0.35600000 0.57200000 0.03200000
0.35600000 0.35600000 0.57200000 0.03200000
0.42800000 0.35600000 0.57200000 0.03200000
0.50000000 0.35600000 0.57200000 0.03200000
0.57200000 0.35600000 0.57200000 0.03200000
0.64400000 0.35600000 0.57200000 0.03200000
0.71600000 0.35600000 0.57200000 0.03200000
0.78800000 0.35600000 0.57200000 0.03200000
0.86000000 0.35600000 0.57200000 0.03200000
0.93200000 0.35600000 0.57200000 0.03200000
0.06800000 0.42800000 0.57200000 0.03200000
0.14000000 0.42800000 0.57200000 0.03200000
0.21200000 0.42800000 0.57200000 0.03200000
0.28400000 0.42800000 0.57200000 0.03200000
0.35600000 0.42800000 0.57200000 0.03200000
0.42800000 0.42800000 0.57200000 0.03200000
0.50000000 0.42800000 0.57200000 0.03200000
0.57200000 0.42800000 0.57200000 0.03200000
0.64400000 0.42800000 0.57200000 0.03200000
0.71600000 0.42800000 0.57200000 0.03200000
0.78800000 0.42800000 0.57200000 0.03200000
0.86000000 0.42800000 0.57200000 0.03200000
0.93200000 0.42800000 0.57200000 0.03200000
0.06800000 0.50000000 0.57200000 0.03200000
0.14000000 0.50000000 0.57200000 0.03200000
0.21200000 0.50000000 0.57200000 0.03200000
0.28400000 0.50000000 0.57200000 0.03200000
0.35600000 0.50000000 0.57200000 0.03200000
0.42800000 0.50000000 0.57200000 0.03200000
0.50000000 0.50000000 0.57200000 0.03200000
0.57200000 0.50000000 0.57200000 0.03200000
0.64400000 0.50000000 0.57200000 0.03200000
0.71600000 0.50000000 0.57200000 0.03200000
0.78800000 0.50000000 0.57200000 0.03200000
0.86000000 0.50000000 0.57200000 0.03200000
0.93200000 0.50000000 0.57200000 0.03200000
0.06800000 0.57200000 0.57200000 0.03200000
0.14000000 0.57200000 0.57200000 0.03200000
0.21200000 0.57200000 0.57200000 0.03200000
0.28400000 0.57200000 0.57200000 0.03200000
0.35600000 0.57200000 0.57200000 0.03200000
0.42800000 0.57200000 0.57200000 0.03200000
0.50000000 0.57200000 0.57200000 0.03200000
0.57200000 0.57200000 0.57200000 0.03200000
0.64400000 0.57200000 0.57200000 0.03200000
0.71600000 0.57200000 0.57200000 0.03200000
0.78800000 0.57200000 0.57200000 0.03200000
0.86000000 0.57200000 0.57200000 0.03200000
0.93200000 0.57200000 0.57200000 0.03200000
0.06800000 0.64400000 0.57200000 0.03200000
0.14000000 0.64400000 0.57200000 0.03200000
0.21200000 0.64400000 0.57200000 0.03200000
0.28400000 0.64400000 0.57200000 0.03200000
0.35600000 0.64400000 0.57200000 0.03200000
0.42800000 0.64400000 0.57200000 0.03200000
0.50000000 0.64400000 0.57200000 0.03200000
0.57200000 0.64400000 0.57200000 0.03200000
0.64400000 0.64400000 0.57200000 0.03200000
0.71600000 0.64400000 0.57200000 0.03200000
0.78800000 0.64400000 0.57200000 0.03200000
0.86000000 0.64400000 0.57200000 0.03200000
0.93200000 0.64400000 0.57200000 0.03200000
0.06800000 0.71600000 0.57200000 0.03200000
0.14000000 0.71600000 0.57200000 0.03200000
0.21200000 0.71600000 0.57200000 0.03200000
0.28400000 0.71600000 0.57200000 0.03200000
0.35600000 0.71600000 0.57200000 0.03200000
0.42800000 0.71600000 0.57200000 0.03200000
0.50000000 0.71600000 0.57200000 0.03200000
0.57200000 0.71600000 0.57200000 0.03200000
0.64400000 0.71600000 0.57200000 0.03200000
0.71600000 0.71600000 0.57200000 0.03200000
0.78800000 0.71600000 0.57200000 0.03200000
0.86000000 0.71600000 0.57200000 0.03200000
0.93200000 0.71600000 0.57200000 0.03200000
0.06800000 0.78800000 0.57200000 0.03200000
0.14000000 0.78800000 0.57200000 0.03200000
0.21200000 0.78800000 0.57200000 0.03200000
0.28400000 0.78800000 0.57200000 0.03200000
0.35600000 0.78800000 0.57200000 0.03200000
0.42800000 0.78800000 0.57200000 0.03200000
0.50000000 0.78800000 0.57200000 0.03200000
0.57200000 0.78800000 0.57200000 0.03200000
0.64400000 0.78800000 0.57200000 0.03200000
0.71600000 0.78800000 0.57200000 0.03200000
0.78800000 0.78800000 0.57200000 0.03200000
0.86000000 0.78800000 0.57200000 0.03200000
0.93200000 0.78800000 0.57200000 0.03200000
0.06800000 0.86000000 0.57200000 0.03200000
0.14000000 0.86000000 0.57200000 0.03200000
0.21200000 0.86000000 0.57200000 0.03200000
0.28400000 0.86000000 0.57200000 0.03200000
0.35600000 0.86000000 0.57200000 0.03200000
0.42800000 0.86000000 0.57200000 0.03200000
0.50000000 0.86000000 0.57200000 0.03200000
0.57200000 0.86000000 0.57200000 0.03200000
0.64400000 0.86000000 0.57200000 0.03200000
0.71600000 0.86000000 0.57200000 0.03200000
0.78800000 0.86000000 0.57200000 0.03200000
0.86000000 0.86000000 0.57200000 0.03200000
0.93200000 0.86000000 0.57200000 0.03200000
0.06800000 0.93200000 0.57200000 0.03200000
0.14000000 0.93200000 0.57200000 0.03200000
0.21200000 0.93200000 0.57200000 0.03200000
0.28400000 0.93200000 0.57200000 0.03200000
0.35600000 0.93200000 0.57200000 0.03200000
0.42800000 0.93200000 0.57200000 0.03200000
0.50000000 0.93200000 0.57200000 0.03200000
0.57200000 0.93200000 0.57200000 0.03200000
0.64400000 0.93200000 0.57200000 0.03200000
0.71600000 0.93200000 0.57200000 0.03200000
0.78800000 0.93200000 0.57200000 0.03200000
0.86000000 0.93200000 0.57200000 0.03200000
0.93200000 0.93200000 0.57200000 0.03200000
0.06800000 0.06800000 0.64400000 0.03200000
0.14000000 0.06800000 0.64400000 0.03200000
0.21200000 0.06800000 0.64400000 0.03200000
0.28400000 0.06800000 0.64400000 0.03200000
0.35600000 0.06800000 0.64400000 0.03200000
0.42800000 0.06800000 0.64400000 0.03200000
0.50000000 0.06800000 0.64400000 0.03200000
0.57200000 0.06800000 0.64400000 0.03200000
0.64400000 0.06800000 0.64400000 0.03200000
0.71600000 0.06800000 0.64400000 0.03200000
0.78800000 0.06800000 0.64400000 0.03200000
0.86000000 0.06800000 0.64400000 0.03200000
0.93200000 0.06800000 0.64400000 0.03200000
0.06800000 0.14000000 0.64400000 0.03200000
0.14000000 0.14000000 0.64400000 0.03200000
0.21200000 0.14000000 0.64400000 0.03200000
0.28400000 0.14000000 0.64400000 0.03200000
0.35600000 0.14000000 0.64400000 0.03200000
0.42800000 0.14000000 0.64400000 0.03200000
0.50000000 0.14000000 0.64400000 0.03200000
0.57200000 0.14000000 0.64400000 0.03200000
0.64400000 0.14000000 0.64400000 0.03200000
0.71600000 0.14000000 0.64400000 0.03200000
0.78800000 0.14000000 0.64400000 0.03200000
0.86000000 0.14000000 0.64400000 0.03200000
0.93200000 0.14000000 0.64400000 0.03200000
0.06800000 0.21200000 0.64400000 0.03200000
0.14000000 0.21200000 0.64400000 0.03200000
0.21200000 0.21200000 0.64400000 0.03200000
0.28400000 0.21200000 0.64400000 0.03200000
0.35600000 0.21200000 0.64400000 0.03200000
0.42800000 0.21200000 0.64400000 0.03200000
0.50000000 0.21200000 0.64400000 0.03200000
0.57200000 0.21200000 0.64400000 0.03200000
0.64400000 0.21200000 0.64400000 0.03200000
0.71600000 0.21200000 0.64400000 0.03200000
0.78800000 0.21200000 0.64400000 0.03200000
0.86000000 0.21200000 0.64400000 0.03200000
0.93200000 0.21200000 0.64400000 0.03200000
0.06800000 0.28400000 0.64400000 0.03200000
0.14000000 0.28400000 0.64400000 0.03200000
0.21200000 0.28400000 0.64400000 0.03200000
0.28400000 0.28400000 0.64400000 0.03200000
0.35600000 0.28400000 0.64400000 0.03200000
0.42800000 0.28400000 0.64400000 0.03200000
0.50000000 0.28400000 0.64400000 0.03200000
0.57200000 0.28400000 0.64400000 0.03200000
0.64400000 0.28400000 0.64400000 0.03200000
0.71600000 0.28400000 0.64400000 0.03200000
0.78800000 0.28400000 0.64400000 0.03200000
0.86000000 0.28400000 0.64400000 0.03200000
0.93200000 0.28400000 0.64400000 0.03200000
0.06800000 0.35600000 0.64400000 0.03200000
0.14000000 0.35600000 0.64400000 0.03200000
0.21200000 0.35600000 0.64400000 0.03200000
0.28400000 0.35600000 0.64400000 0.03200000
0.35600000 0.35600000 0.64400000 0.03200000
0.42800000 0.35600000 0.64400000 0.03200000
0.50000000 0.35600000 0.64400000 0.03200000
0.57200000 0.35600000 0.64400000 0.03200000
0.64400000 0.35600000 0.64400000 0.03200000
0.71600000 0.35600000 0.64400000 0.03200000
0.78800000 0.35600000 0.64400000 0.03200000
0.86000000 0.35600000 0.64400000 0.03200000
0.93200000 0.35600000 0.64400000 0.03200000
0.06800000 0.42800000 0.64400000 0.03200000
0.14000000 0.42800000 0.64400000 0.03200000
0.21200000 0.42800000 0.64400000 0.03200000
0.28400000 0.42800000 0.64400000 0.03200000
0.35600000 0.42800000 0.64400000 0.03200000
0.42800000 0.42800000 0.64400000 0.03200000
0.50000000 0.42800000 0.64400000 0.03200000
0.57200000 0.42800000 0.64400000 0.03200000
0.64400000 0.42800000 0.64400000 0.03200000
0.71600000 0.42800000 0.64400000 0.03200000
0.78800000 0.42800000 0.64400000 0.03200000
0.86000000 0.42800000 0.64400000 0.03200000
0.93200000 0.42800000 0.64400000 0.03200000
0.06800000 0.50000000 0.64400000 0.03200000
0.14000000 0.50000000 0.64400000 0.03200000
0.21200000 0.50000000 0.64400000 0.03200000
0.28400000 0.50000000 0.64400000 0.03200000
0.35600000 0.50000000 0.64400000 0.03200000
0.42800000 0.50000000 0.64400000 0.03200000
0.50000000 0.50000000 0.64400000 0.03200000
0.57200000 0.50000000 0.64400000 0.03200000
0.64400000 0.50000000 0.64400000 0.03200000
0.71600000 0.50000000 0.64400000 0.03200000
0.78800000 0.50000000 0.64400000 0.03200000
0.86000000 0.50000000 0.64400000 0.03200000
0.93200000 0.50000000 0.64400000 0.03200000
0.06800000 0.57200000 0.64400000 0.03200000
0.14000000 0.57200000 0.64400000 0.03200000
0.21200000 0.57200000 0.64400000 0.03200000
0.28400000 0.57200000 0.64400000 0.03200000
0.35600000 0.57200000 0.64400000 0.03200000
0.42800000 0.57200000 0.64400000 0.03200000
0.50000000 0.57200000 0.64400000 0.03200000
0.57200000 0.57200000 0.64400000 0.03200000
0.64400000 0.57200000 0.64400000 0.03200000
0.71600000 0.57200000 0.64400000 0.03200000
0.78800000 0.57200000 0.64400000 0.03200000
0.86000000 0.57200000 0.64400000 0.03200000
0.93200000 0.57200000 0.64400000 0.03200000
0.06800000 0.64400000 0.64400000 0.03200000
0.14000000 0.64400000 0.64400000 0.03200000
0.21200000 0.64400000 0.64400000 0.03200000
0.28400000 0.64400000 0.64400000 0.03200000
0.35600000 0.64400000 0.64400000 0.03200000
0.42800000 0.64400000 0.64400000 0.03200000
0.50000000 0.64400000 0.64400000 0.03200000
0.57200000 0.64400000 0.64400000 0.03200000
0.64400000 0.64400000 0.64400000 0.03200000
0.71600000 0.64400000 0.64400000 0.03200000
0.78800000 0.64400000 0.64400000 0.03200000
0.86000000 0.64400000 0.64400000 0.03200000
0.93200000 0.64400000 0.64400000 0.03200000
0.06800000 0.71600000 0.64400000 0.03200000
0.14000000 0.71600000 0.64400000 0.03200000
0.21200000 0.71600000 0.64400000 0.03200000
0.28400000 0.71600000 0.64400000 0.03200000
0.35600000 0.71600000 0.64400000 0.03200000
0.42800000 0.71600000 0.64400000 0.03200000
0.50000000 0.71600000 0.64400000 0.03200000
0.57200000 0.71600000 0.64400000 0.03200000
0.64400000 0.71600000 0.64400000 0.03200000
0.71600000 0.71600000 0.64400000 0.03200000
0.78800000 0.71600000 0.64400000 0.03200000
0.86000000 0.71600000 0.64400000 0.03200000
0.93200000 0.71600000 0.64400000 0.03200000
0.06800000 0.78800000 0.64400000 0.03200000
0.14000000 0.78800000 0.64400000 0.03200000
0.21200000 0.78800000 0.64400000 0.03200000
0.28400000 0.78800000 0.64400000 0.03200000
0.35600000 0.78800000 0.64400000 0.03200000
0.42800000 0.78800000 0.64400000 0.03200000
0.50000000 0.78800000 0.64400000 0.03200000
0.57200000 0.78800000 0.64400000 0.03200000
0.64400000 0.78800000 0.64400000 0.03200000
0.71600000 0.78800000 0.64400000 0.03200000
0.78800000 0.78800000 0.64400000 0.03200000
0.86000000 0.78800000 0.64400000 0.03200000
0.93200000 0.78800000 0.64400000 0.03200000
0.06800000 0.86000000 0.64400000 0.03200000
0.14000000 0.86000000 0.64400000 0.03200000
0.21200000 0.86000000 0.64400000 0.03200000
0.28400000 0.86000000 0.64400000 0.03200000
0.35600000 0.86000000 0.64400000 0.03200000
0.42800000 0.86000000 0.64400000 0.03200000
0.50000000 0.86000000 0.64400000 0.03200000
0.57200000 0.86000000 0.64400000 0.03200000
0.64400000 0.86000000 0.64400000 0.03200000
0.71600000 0.86000000 0.64400000 0.03200000
0.78800000 0.86000000 0.64400000 0.03200000
0.86000000 0.86000000 0.64400000 0.03200000
0.93200000 0.86000000 0.64400000 0.03200000
0.06800000 0.93200000 0.64400000 0.03200000
0.14000000 0.93200000 0.64400000 0.03200000
0.21200000 0.93200000 0.64400000 0.03200000
0.28400000 0.93200000 0.64400000 0.03200000
0.35600000 0.93200000 0.64400000 0.03200000
0.42800000 0.93200000 0.64400000 0.03200000
0.50000000 0.93200000 0.64400000 0.03200000
0.57200000 0.93200000 0.64400000 0.03200000
0.64400000 0.93200000 0.64400000 0.03200000
0.71600000 0.93200000 0.64400000 0.03200000
0.78800000 0.93200000 0.64400000 0.03200000
0.86000000 0.93200000 0.64400000 0.03200000
0.93200000 0.93200000 0.64400000 0.03200000
0.06800000 0.06800000 0.71600000 0.03200000
0.14000000 0.06800000 0.71600000 0.03200000
0.21200000 0.06800000 0.71600000 0.03200000
0.28400000 0.06800000 0.71600000 0.03200000
0.35600000 0.06800000 0.71600000 0.03200000
0.42800000 0.06800000 0.71600000 0.03200000
0.50000000 0.06800000 0.71600000 0.03200000
0.57200000 0.06800000 0.71600000 0.03200000
0.64400000 0.06800000 0.71600000 0.03200000
0.71600000 0.06800000 0.71600000 0.03200000
0.78800000 0.06800000 0.71600000 0.03200000
0.86000000 0.06800000 0.71600000 0.03200000
0.93200000 0.06800000 0.71600000 0.03200000
0.06800000 0.14000000 0.71600000 0.03200000
0.14000000 0.14000000 0.71600000 0.03200000
0.21200000 0.14000000 0.71600000 0.03200000
0.28400000 0.14000000 0.71600000 0.03200000
0.35600000 0.14000000 0.71600000 0.03200000
0.42800000 0.14000000 0.71600000 0.03200000
0.50000000 0.14000000 0.71600000 0.03200000
0.57200000 0.14000000 0.71600000 0.03200000
0.64400000 0.14000000 0.71600000 0.03200000
0.71600000 0.14000000 0.71600000 0.03200000
0.78800000 0.14000000 0.71600000 0.03200000
0.86000000 0.14000000 0.71600000 0.03200000
0.93200000 0.14000000 0.71600000 0.03200000
0.06800000 0.21200000 0.71600000 0.03200000
0.14000000 0.21200000 0.71600000 0.03200000
0.21200000 0.21200000 0.71600000 0.03200000
0.28400000 0.21200000 0.71600000 0.03200000
0.35600000 0.21200000 0.71600000 0.03200000
0.42800000 0.21200000 0.71600000 0.03200000
0.50000000 0.21200000 0.71600000 0.03200000
0.57200000 0.21200000 0.71600000 0.03200000
0.64400000 0.21200000 0.71600000 0.03200000
0.71600000 0.21200000 0.71600000 0.03200000
0.78800000 0.21200000 0.71600000 0.03200000
0.86000000 0.21200000 0.71600000 0.03200000
0.93200000 0.21200000 0.71600000 0.03200000
0.06800000 0.28400000 0.71600000 0.03200000
0.14000000 0.28400000 0.71600000 0.03200000
0.21200000 0.28400000 0.71600000 0.03200000
0.28400000 0.28400000 0.71600000 0.03200000
0.35600000 0.28400000 0.71600000 0.03200000
0.42800000 0.28400000 0.71600000 0.03200000
0.50000000 0.28400000 0.71600000 0.03200000
0.57200000 0.28400000 0.71600000 0.03200000
0.64400000 0.28400000 0.71600000 0.03200000
0.71600000 0.28400000 0.71600000 0.03200000
0.78800000 0.28400000 0.71600000 0.03200000
0.86000000 0.28400000 0.71600000 0.03200000
0.93200000 0.28400000 0.71600000 0.03200000
0.06800000 0.35600000 0.71600000 0.03200000
0.14000000 0.35600000 0.71600000 0.03200000
0.21200000 0.35600000 0.71600000 0.03200000
0.28400000 0.35600000 0.71600000 0.03200000
0.35600000 0.35600000 0.71600000 0.03200000
0.42800000 0.35600000 0.71600000 0.03200000
0.50000000 0.35600000 0.71600000 0.03200000
0.57200000 0.35600000 0.71600000 0.03200000
0.64400000 0.35600000 0.71600000 0.03200000
0.71600000 0.35600000 0.71600000 0.03200000
0.78800000 0.35600000 0.71600000 0.03200000
0.86000000 0.35600000 0.71600000 0.03200000
0.93200000 0.35600000 0.71600000 0.03200000
0.06800000 0.42800000 0.71600000 0.03200000
0.14000000 0.42800000 0.71600000 0.03200000
0.21200000 0.42800000 0.71600000 0.03200000
0.28400000 0.42800000 0.71600000 0.03200000
0.35600000 0.42800000 0.71600000 0.03200000
0.42800000 0.42800000 0.71600000 0.03200000
0.50000000 0.42800000 0.71600000 0.03200000
0.57200000 0.42800000 0.71600000 0.03200000
0.64400000 0.42800000 0.71600000 0.03200000
0.71600000 0.42800000 0.71600000 0.03200000
0.78800000 0.42800000 0.71600000 0.03200000
0.86000000 0.42800000 0.71600000 0.03200000
0.93200000 0.42800000 0.71600000 0.03200000
0.06800000 0.50000000 0.71600000 0.03200000
0.14000000 0.50000000 0.71600000 0.03200000
0.21200000 0.50000000 0.71600000 0.03200000
0.28400000 0.50000000 0.71600000 0.03200000
0.35600000 0.50000000 0.71600000 0.03200000
0.42800000 0.50000000 0.71600000 0.03200000
0.50000000 0.50000000 0.71600000 0.03200000
0.57200000 0.50000000 0.71600000 0.03200000
0.64400000 0.50000000 0.71600000 0.03200000
0.71600000 0.50000000 0.71600000 0.03200000
0.78800000 0.50000000 0.71600000 0.03200000
0.86000000 0.50000000 0.71600000 0.03200000
0.93200000 0.50000000 0.71600000 0.03200000
0.06800000 0.57200000 0.71600000 0.03200000
0.14000000 0.57200000 0.71600000 0.03200000
0.21200000 0.57200000 0.71600000 0.03200000
0.28400000 0.57200000 0.71600000 0.03200000
0.35600000 0.57200000 0.71600000 0.03200000
0.42800000 0.57200000 0.71600000 0.03200000
0.50000000 0.57200000 0.71600000 0.03200000
0.57200000 0.57200000 0.71600000 0.03200000
0.64400000 0.57200000 0.71600000 0.03200000
0.71600000 0.57200000 0.71600000 0.03200000
0.78800000 0.57200000 0.71600000 0.03200000
0.86000000 0.57200000 0.71600000 0.03200000
0.93200000 0.57200000 0.71600000 0.03200000
0.06800000 0.64400000 0.71600000 0.03200000
0.14000000 0.64400000 0.71600000 0.03200000
0.21200000 0.64400000 0.71600000 0.03200000
0.28400000 0.64400000 0.71600000 0.03200000
0.35600000 0.64400000 0.71600000 0.03200000
0.42800000 0.64400000 0.71600000 0.03200000
0.50000000 0.64400000 0.71600000 0.03200000
0.57200000 0.64400000 0.71600000 0.03200000
0.64400000 0.64400000 0.71600000 0.03200000
0.71600000 0.64400000 0.71600000 0.03200000
0.78800000 0.64400000 0.71600000 0.03200000
0.86000000 0.64400000 0.71600000 0.03200000
0.93200000 0.64400000 0.71600000 0.03200000
0.06800000 0.71600000 0.71600000 0.03200000
0.14000000 0.71600000 0.71600000 0.03200000
0.21200000 0.71600000 0.71600000 0.03200000
0.28400000 0.71600000 0.71600000 0.03200000
0.35600000 0.71600000 0.71600000 0.03200000
0.42800000 0.71600000 0.71600000 0.03200000
0.50000000 0.71600000 0.71600000 0.03200000
0.57200000 0.71600000 0.71600000 0.03200000
0.64400000 0.71600000 0.71600000 0.03200000
0.71600000 0.71600000 0.71600000 0.03200000
0.78800000 0.71600000 0.71600000 0.03200000
0.86000000 0.71600000 0.71600000 0.03200000
0.93200000 0.71600000 0.71600000 0.03200000
0.06800000 0.78800000 0.71600000 0.03200000
0.14000000 0.78800000 0.71600000 0.03200000
0.21200000 0.78800000 0.71600000 0.03200000
0.28400000 0.78800000 0.71600000 0.03200000
0.35600000 0.78800000 0.71600000 0.03200000
0.42800000 0.78800000 0.71600000 0.03200000
0.50000000 0.78800000 0.71600000 0.03200000
0.57200000 0.78800000 0.71600000 0.03200000
0.64400000 0.78800000 0.71600000 0.03200000
0.71600000 0.78800000 0.71600000 0.03200000
0.78800000 0.78800000 0.71600000 0.03200000
0.86000000 0.78800000 0.71600000 0.03200000
0.93200000 0.78800000 0.71600000 0.03200000
0.06800000 0.86000000 0.71600000 0.03200000
0.14000000 0.86000000 0.71600000 0.03200000
0.21200000 0.86000000 0.71600000 0.03200000
0.28400000 0.86000000 0.71600000 0.03200000
0.35600000 0.86000000 0.71600000 0.03200000
0.42800000 0.86000000 0.71600000 0.03200000
0.50000000 0.86000000 0.71600000 0.03200000
0.57200000 0.86000000 0.71600000 0.03200000
0.64400000 0.86000000 0.71600000 0.03200000
0.71600000 0.86000000 0.71600000 0.03200000
0.78800000 0.86000000 0.71600000 0.03200000
0.86000000 0.86000000 0.71600000 0.03200000
0.93200000 0.86000000 0.71600000 0.03200000
0.06800000 0.93200000 0.71600000 0.03200000
0.14000000 0.93200000 0.71600000 0.03200000
0.21200000 0.93200000 0.71600000 0.03200000
0.28400000 0.93200000 0.71600000 0.03200000
0.35600000 0.93200000 0.71600000 0.03200000
0.42800000 0.93200000 0.71600000 0.03200000
0.50000000 0.93200000 0.71600000 0.03200000
0.57200000 0.93200000 0.71600000 0.03200000
0.64400000 0.93200000 0.71600000 0.03200000
0.71600000 0.93200000 0.71600000 0.03200000
0.78800000 0.93200000 0.71600000 0.03200000
0.86000000 0.93200000 0.71600000 0.03200000
0.93200000 0.93200000 0.71600000 0.03200000
0.06800000 0.06800000 0.78800000 0.03200000
0.14000000 0.06800000 0.78800000 0.03200000
0.21200000 0.06800000 0.78800000 0.03200000
0.28400000 0.06800000 0.78800000 0.03200000
0.35600000 0.06800000 0.78800000 0.03200000
0.42800000 0.06800000 0.78800000 0.03200000
0.50000000 0.06800000 0.78800000 0.03200000
0.57200000 0.06800000 0.78800000 0.03200000
0.64400000 0.06800000 0.78800000 0.03200000
0.71600000 0.06800000 0.78800000 0.03200000
0.78800000 0.06800000 0.78800000 0.03200000
0.86000000 0.06800000 0.78800000 0.03200000
0.93200000 0.06800000 0.78800000 0.03200000
0.06800000 0.14000000 0.78800000 0.03200000
0.14000000 0.14000000 0.78800000 0.03200000
0.21200000 0.14000000 0.78800000 0.03200000
0.28400000 0.14000000 0.78800000 0.03200000
0.35600000 0.14000000 0.78800000 0.03200000
0.42800000 0.14000000 0.78800000 0.03200000
0.50000000 0.14000000 0.78800000 0.03200000
0.57200000 0.14000000 0.78800000 0.03200000
0.64400000 0.14000000 0.78800000 0.03200000
0.71600000 0.14000000 0.78800000 0.03200000
0.78800000 0.14000000 0.78800000 0.03200000
0.86000000 0.14000000 0.78800000 0.03200000
0.93200000 0.14000000 0.78800000 0.03200000
0.06800000 0.21200000 0.78800000 0.03200000
0.14000000 0.21200000 0.78800000 0.03200000
0.21200000 0.21200000 0.78800000 0.03200000
0.28400000 0.21200000 0.78800000 0.03200000
0.35600000 0.21200000 0.78800000 0.03200000
0.42800000 0.21200000 0.78800000 0.03200000
0.50000000 0.21200000 0.78800000 0.03200000
0.57200000 0.21200000 0.78800000 0.03200000
0.64400000 0.21200000 0.78800000 0.03200000
0.71600000 0.21200000 0.78800000 0.03200000
0.78800000 0.21200000 0.78800000 0.03200000
0.86000000 0.21200000 0.78800000 0.03200000
0.93200000 0.21200000 0.78800000 0.03200000
0.06800000 0.28400000 0.78800000 0.03200000
0.14000000 0.28400000 0.78800000 0.03200000
0.21200000 0.28400000 0.78800000 0.03200000
0.28400000 0.28400000 0.78800000 0.03200000
0.35600000 0.28400000 0.78800000 0.03200000
0.42800000 0.28400000 0.78800000 0.03200000
0.50000000 0.28400000 0.78800000 0.03200000
0.57200000 0.28400000 0.78800000 0.03200000
0.64400000 0.28400000 0.78800000 0.03200000
0.71600000 0.28400000 0.78800000 0.03200000
0.78800000 0.28400000 0.78800000 0.03200000
0.86000000 0.28400000 0.78800000 0.03200000
0.93200000 0.28400000 0.78800000 0.03200000
0.06800000 0.35600000 0.78800000 0.03200000
0.14000000 0.35600000 0.78800000 0.03200000
0.21200000 0.35600000 0.78800000 0.03200000
0.28400000 0.35600000 0.78800000 0.03200000
0.35600000 0.35600000 0.78800000 0.03200000
0.42800000 0.35600000 0.78800000 0.03200000
0.50000000 0.35600000 0.78800000 0.03200000
0.57200000 0.35600000 0.78800000 0.03200000
0.64400000 0.35600000 0.78800000 0.03200000
0.71600000 0.35600000 0.78800000 0.03200000
0.78800000 0.35600000 0.78800000 0.03200000
0.86000000 0.35600000 0.78800000 0.03200000
0.93200000 0.35600000 0.78800000 0.03200000
0.06800000 0.42800000 0.78800000 0.03200000
0.14000000 0.42800000 0.78800000 0.03200000
0.21200000 0.42800000 0.78800000 0.03200000
0.28400000 0.42800000 0.78800000 0.03200000
0.35600000 0.42800000 0.78800000 0.03200000
0.42800000 0.42800000 0.78800000 0.03200000
0.50000000 0.42800000 0.78800000 0.03200000
0.57200000 0.42800000 0.78800000 0.03200000
0.64400000 0.42800000 0.78800000 0.03200000
0.71600000 0.42800000 0.78800000 0.03200000
0.78800000 0.42800000 0.78800000 0.03200000
0.86000000 0.42800000 0.78800000 0.03200000
0.93200000 0.42800000 0.78800000 0.03200000
0.06800000 0.50000000 0.78800000 0.03200000
0.14000000 0.50000000 0.78800000 0.03200000
0.21200000 0.50000000 0.78800000 0.03200000
0.28400000 0.50000000 0.78800000 0.03200000
0.35600000 0.50000000 0.78800000 0.03200000
0.42800000 0.50000000 0.78800000 0.03200000
0.50000000 0.50000000 0.78800000 0.03200000
0.57200000 0.50000000 0.78800000 0.03200000
0.64400000 0.50000000 0.78800000 0.03200000
0.71600000 0.50000000 0.78800000 0.03200000
0.78800000 0.50000000 0.78800000 0.03200000
0.86000000 0.50000000 0.78800000 0.03200000
0.93200000 0.50000000 0.78800000 0.03200000
0.06800000 0.57200000 0.78800000 0.03200000
0.14000000 0.57200000 0.78800000 0.03200000
0.21200000 0.57200000 0.78800000 0.03200000
0.28400000 0.57200000 0.78800000 0.03200000
0.35600000 0.57200000 0.78800000 0.03200000
0.42800000 0.57200000 0.78800000 0.03200000
0.50000000 0.57200000 0.78800000 0.03200000
0.57200000 0.57200000 0.78800000 0.03200000
0.64400000 0.57200000 0.78800000 0.03200000
0.71600000 0.57200000 0.78800000 0.03200000
0.78800000 0.57200000 0.78800000 0.03200000
0.86000000 0.57200000 0.78800000 0.03200000
0.93200000 0.57200000 0.78800000 0.03200000
0.06800000 0.64400000 0.78800000 0.03200000
0.14000000 0.64400000 0.78800000 0.03200000
0.21200000 0.64400000 0.78800000 0.03200000
0.28400000 0.64400000 0.78800000 0.03200000
0.35600000 0.64400000 0.78800000 0.03200000
0.42800000 0.64400000 0.78800000 0.03200000
0.50000000 0.64400000 0.78800000 0.03200000
0.57200000 0.64400000 0.78800000 0.03200000
0.64400000 0.64400000 0.78800000 0.03200000
0.71600000 0.64400000 0.78800000 0.03200000
0.78800000 0.64400000 0.78800000 0.03200000
0.86000000 0.64400000 0.78800000 0.03200000
0.93200000 0.64400000 0.78800000 0.03200000
0.06800000 0.71600000 0.78800000 0.03200000
0.14000000 0.71600000 0.78800000 0.03200000
0.21200000 0.71600000 0.78800000 0.03200000
0.28400000 0.71600000 0.78800000 0.03200000
0.35600000 0.71600000 0.78800000 0.03200000
0.42800000 0.71600000 0.78800000 0.03200000
0.50000000 0.71600000 0.78800000 0.03200000
0.57200000 0.71600000 0.78800000 0.03200000
0.64400000 0.71600000 0.78800000 0.03200000
0.71600000 0.71600000 0.78800000 0.03200000
0.78800000 0.71600000 0.78800000 0.03200000
0.86000000 0.71600000 0.78800000 0.03200000
0.93200000 0.71600000 0.78800000 0.03200000
0.06800000 0.78800000 0.78800000 0.03200000
0.14000000 0.78800000 0.78800000 0.03200000
0.21200000 0.78800000 0.78800000 0.03200000
0.28400000 0.78800000 0.78800000 0.03200000
0.35600000 0.78800000 0.78800000 0.03200000
0.42800000 0.78800000 0.78800000 0.03200000
0.50000000 0.78800000 0.78800000 0.03200000
0.57200000 0.78800000 0.78800000 0.03200000
0.64400000 0.78800000 0.78800000 0.03200000
0.71600000 0.78800000 0.78800000 0.03200000
0.78800000 0.78800000 0.78800000 0.03200000
0.86000000 0.78800000 0.78800000 0.03200000
0.93200000 0.78800000 0.78800000 0.03200000
0.06800000 0.86000000 0.78800000 0.03200000
0.14000000 0.86000000 0.78800000 0.03200000
0.21200000 0.86000000 0.78800000 0.03200000
0.28400000 0.86000000 0.78800000 0.03200000
0.35600000 0.86000000 0.78800000 0.03200000
0.42800000 0.86000000 0.78800000 0.03200000
0.50000000 0.86000000 0.78800000 0.03200000
0.57200000 0.86000000 0.78800000 0.03200000
0.64400000 0.86000000 0.78800000 0.03200000
0.71600000 0.86000000 0.78800000 0.03200000
0.78800000 0.86000000 0.78800000 0.03200000
0.86000000 0.86000000 0.78800000 0.03200000
0.93200000 0.86000000 0.78800000 0.03200000
0.06800000 0.93200000 0.78800000 0.03200000
0.14000000 0.93200000 0.78800000 0.03200000
0.21200000 0.93200000 0.78800000 0.03200000
0.28400000 0.93200000 0.78800000 0.03200000
0.35600000 0.93200000 0.78800000 0.03200000
0.42800000 0.93200000 0.78800000 0.03200000
0.50000000 0.93200000 0.78800000 0.03200000
0.57200000 0.93200000 0.78800000 0.03200000
0.64400000 0.93200000 0.78800000 0.03200000
0.71600000 0.93200000 0.78800000 0.03200000
0.78800000 0.93200000 0.78800000 0.03200000
0.86000000 0.93200000 0.78800000 0.03200000
0.93200000 0.93200000 0.78800000 0.03200000
0.06800000 0.06800000 0.86000000 0.03200000
0.14000000 0.06800000 0.86000000 0.03200000
0.21200000 0.06800000 0.86000000 0.03200000
0.28400000 0.06800000 0.86000000 0.03200000
0.35600000 0.06800000 0.86000000 0.03200000
0.42800000 0.06800000 0.86000000 0.03200000
0.50000000 0.06800000 0.86000000 0.03200000
0.57200000 0.06800000 0.86000000 0.03200000
0.64400000 0.06800000 0.86000000 0.03200000
0.71600000 0.06800000 0.86000000 0.03200000
0.78800000 0.06800000 0.86000000 0.03200000
0.86000000 0.06800000 0.86000000 0.03200000
0.93200000 0.06800000 0.86000000 0.03200000
0.06800000 0.14000000 0.86000000 0.03200000
0.14000000 0.14000000 0.86000000 0.03200000
0.21200000 0.14000000 0.86000000 0.03200000
0.28400000 0.14000000 0.86000000 0.03200000
0.35600000 0.14000000 0.86000000 0.03200000
0.42800000 0.14000000 0.86000000 0.03200000
0.50000000 0.14000000 0.86000000 0.03200000
0.57200000 0.14000000 0.86000000 0.03200000
0.64400000 0.14000000 0.86000000 0.03200000
0.71600000 0.14000000 0.86000000 0.03200000
0.78800000 0.14000000 0.86000000 0.03200000
0.86000000 0.14000000 0.86000000 0.03200000
0.93200000 0.14000000 0.86000000 0.03200000
0.06800000 0.21200000 0.86000000 0.03200000
0.14000000 0.21200000 0.86000000 0.03200000
0.21200000 0.21200000 0.86000000 0.03200000
0.28400000 0.21200000 0.86000000 0.03200000
0.35600000 0.21200000 0.86000000 0.03200000
0.42800000 0.21200000 0.86000000 0.03200000
0.50000000 0.21200000 0.86000000 0.03200000
0.57200000 0.21200000 0.86000000 0.03200000
0.64400000 0.21200000 0.86000000 0.03200000
0.71600000 0.21200000 0.86000000 0.03200000
0.78800000 0.21200000 0.86000000 0.03200000
0.86000000 0.21200000 0.86000000 0.03200000
0.93200000 0.21200000 0.86000000 0.03200000
0.06800000 0.28400000 0.86000000 0.03200000
0.14000000 0.28400000 0.86000000 0.03200000
0.21200000 0.28400000 0.86000000 0.03200000
0.28400000 0.28400000 0.86000000 0.03200000
0.35600000 0.28400000 0.86000000 0.03200000
0.42800000 0.28400000 0.86000000 0.03200000
0.50000000 0.28400000 0.86000000 0.03200000
0.57200000 0.28400000 0.86000000 0.03200000
0.64400000 0.28400000 0.86000000 0.03200000
0.71600000 0.28400000 0.86000000 0.03200000
0.78800000 0.28400000 0.86000000 0.03200000
0.86000000 0.28400000 0.86000000 0.03200000
0.93200000 0.28400000 0.86000000 0.03200000
0.06800000 0.35600000 0.86000000 0.03200000
0.14000000 0.35600000 0.86000000 0.03200000
0.21200000 0.35600000 0.86000000 0.03200000
0.28400000 0.35600000 0.86000000 0.03200000
0.35600000 0.35600000 0.86000000 0.03200000
0.42800000 0.35600000 0.86000000 0.03200000
0.50000000 0.35600000 0.86000000 0.03200000
0.57200000 0.35600000 0.86000000 0.03200000
0.64400000 0.35600000 0.86000000 0.03200000
0.71600000 0.35600000 0.86000000 0.03200000
0.78800000 0.35600000 0.86000000 0.03200000
0.86000000 0.35600000 0.86000000 0.03200000
0.93200000 0.35600000 0.86000000 0.03200000
0.06800000 0.42800000 0.86000000 0.03200000
0.14000000 0.42800000 0.86000000 0.03200000
0.21200000 0.42800000 0.86000000 0.03200000
0.28400000 0.42800000 0.86000000 0.03200000
0.35600000 0.42800000 0.86000000 0.03200000
0.42800000 0.42800000 0.86000000 0.03200000
0.50000000 0.42800000 0.86000000 0.03200000
0.57200000 0.42800000 0.86000000 0.03200000
0.64400000 0.42800000 0.86000000 0.03200000
0.71600000 0.42800000 0.86000000 0.03200000
0.78800000 0.42800000 0.86000000 0.03200000
0.86000000 0.42800000 0.86000000 0.03200000
0.93200000 0.42800000 0.86000000 0.03200000
0.06800000 0.50000000 0.86000000 0.03200000
0.14000000 0.50000000 0.86000000 0.03200000
0.21200000 0.50000000 0.86000000 0.03200000
0.28400000 0.50000000 0.86000000 0.03200000
0.35600000 0.50000000 0.86000000 0.03200000
0.42800000 0.50000000 0.86000000 0.03200000
0.50000000 0.50000000 0.86000000 0.03200000
0.57200000 0.50000000 0.86000000 0.03200000
0.64400000 0.50000000 0.86000000 0.03200000
0.71600000 0.50000000 0.86000000 0.03200000
0.78800000 0.50000000 0.86000000 0.03200000
0.86000000 0.50000000 0.86000000 0.03200000
0.93200000 0.50000000 0.86000000 0.03200000
0.06800000 0.57200000 0.86000000 0.03200000
0.14000000 0.57200000 0.86000000 0.03200000
0.21200000 0.57200000 0.86000000 0.03200000
0.28400000 0.57200000 0.86000000 0.03200000
0.35600000 0.57200000 0.86000000 0.03200000
0.42800000 0.57200000 0.86000000 0.03200000
0.50000000 0.57200000 0.86000000 0.03200000
0.57200000 0.57200000 0.86000000 0.03200000
0.64400000 0.57200000 0.86000000 0.03200000
0.71600000 0.57200000 0.86000000 0.03200000
0.78800000 0.57200000 0.86000000 0.03200000
0.86000000 0.57200000 0.86000000 0.03200000
0.93200000 0.57200000 0.86000000 0.03200000
0.06800000 0.64400000 0.86000000 0.03200000
0.14000000 0.64400000 0.86000000 0.03200000
0.21200000 0.64400000 0.86000000 0.03200000
0.28400000 0.64400000 0.86000000 0.03200000
0.35600000 0.64400000 0.86000000 0.03200000
0.42800000 0.64400000 0.86000000 0.03200000
0.50000000 0.64400000 0.86000000 0.03200000
0.57200000 0.64400000 0.86000000 0.03200000
0.64400000 0.64400000 0.86000000 0.03200000
0.71600000 0.64400000 0.86000000 0.03200000
0.78800000 0.64400000 0.86000000 0.03200000
0.86000000 0.64400000 0.86000000 0.03200000
0.93200000 0.64400000 0.86000000 0.03200000
0.06800000 0.71600000 0.86000000 0.03200000
0.14000000 0.71600000 0.86000000 0.03200000
0.21200000 0.71600000 0.86000000 0.03200000
0.28400000 0.71600000 0.86000000 0.03200000
0.35600000 0.71600000 0.86000000 0.03200000
0.42800000 0.71600000 0.86000000 0.03200000
0.50000000 0.71600000 0.86000000 0.03200000
0.57200000 0.71600000 0.86000000 0.03200000
0.64400000 0.71600000 0.86000000 0.03200000
0.71600000 0.71600000 0.86000000 0.03200000
0.78800000 0.71600000 0.86000000 0.03200000
0.86000000 0.71600000 0.86000000 0.03200000
0.93200000 0.71600000 0.86000000 0.03200000
0.06800000 0.78800000 0.86000000 0.03200000
0.14000000 0.78800000 0.86000000 0.03200000
0.21200000 0.78800000 0.86000000 0.03200000
0.28400000 0.78800000 0.86000000 0.03200000
0.35600000 0.78800000 0.86000000 0.03200000
0.42800000 0.78800000 0.86000000 0.03200000
0.50000000 0.78800000 0.86000000 0.03200000
0.57200000 0.78800000 0.86000000 0.03200000
0.64400000 0.78800000 0.86000000 0.03200000
0.71600000 0.78800000 0.86000000 0.03200000
0.78800000 0.78800000 0.86000000 0.03200000
0.86000000 0.78800000 0.86000000 0.03200000
0.93200000 0.78800000 0.86000000 0.03200000
0.06800000 0.86000000 0.86000000 0.03200000
0.14000000 0.86000000 0.86000000 0.03200000
0.21200000 0.86000000 0.86000000 0.03200000
0.28400000 0.86000000 0.86000000 0.03200000
0.35600000 0.86000000 0.86000000 0.03200000
0.42800000 0.86000000 0.86000000 0.03200000
0.50000000 0.86000000 0.86000000 0.03200000
0.57200000 0.86000000 0.86000000 0.03200000
0.64400000 0.86000000 0.86000000 0.03200000
0.71600000 0.86000000 0.86000000 0.03200000
0.78800000 0.86000000 0.86000000 0.03200000
0.86000000 0.86000000 0.86000000 0.03200000
0.93200000 0.86000000 0.86000000 0.03200000
0.06800000 0.93200000 0.86000000 0.03200000
0.14000000 0.93200000 0.86000000 0.03200000
0.21200000 0.93200000 0.86000000 0.03200000
0.28400000 0.93200000 0.86000000 0.03200000
0.35600000 0.93200000 0.86000000 0.03200000
0.42800000 0.93200000 0.86000000 0.03200000
0.50000000 0.93200000 0.86000000 0.03200000
0.57200000 0.93200000 0.86000000 0.03200000
0.64400000 0.93200000 0.86000000 0.03200000
0.71600000 0.93200000 0.86000000 0.03200000
0.78800000 0.93200000 0.86000000 0.03200000
0.86000000 0.93200000 0.86000000 0.03200000
0.93200000 0.93200000 0.86000000 0.03200000
0.06800000 0.06800000 0.93200000 0.03200000
0.14000000 0.06800000 0.93200000 0.03200000
0.21200000 0.06800000 0.93200000 0.03200000
0.28400000 0.06800000 0.93200000 0.03200000
0.35600000 0.06800000 0.93200000 0.03200000
0.42800000 0.06800000 0.93200000 0.03200000
0.50000000 0.06800000 0.93200000 0.03200000
0.57200000 0.06800000 0.93200000 0.03200000
0.64400000 0.06800000 0.93200000 0.03200000
0.71600000 0.06800000 0.93200000 0.03200000
0.78800000 0.06800000 0.93200000 0.03200000
0.86000000 0.06800000 0.93200000 0.03200000
0.93200000 0.06800000 0.93200000 0.03200000
0.06800000 0.14000000 0.93200000 0.03200000
0.14000000 0.14000000 0.93200000 0.03200000
0.21200000 0.14000000 0.93200000 0.03200000
0.28400000 0.14000000 0.93200000 0.03200000
0.35600000 0.14000000 0.93200000 0.03200000
0.42800000 0.14000000 0.93200000 0.03200000
0.50000000 0.14000000 0.93200000 0.03200000
0.57200000 0.14000000 0.93200000 0.03200000
0.64400000 0.14000000 0.93200000 0.03200000
0.71600000 0.14000000 0.93200000 0.03200000
0.78800000 0.14000000 0.93200000 0.03200000
0.86000000 0.14000000 0.93200000 0.03200000
0.93200000 0.14000000 0.93200000 0.03200000
0.06800000 0.21200000 0.93200000 0.03200000
0.14000000 0.21200000 0.93200000 0.03200000
0.21200000 0.21200000 0.93200000 0.03200000
0.28400000 0.21200000 0.93200000 0.03200000
0.35600000 0.21200000 0.93200000 0.03200000
0.42800000 0.21200000 0.93200000 0.03200000
0.50000000 0.21200000 0.93200000 0.03200000
0.57200000 0.21200000 0.93200000 0.03200000
0.64400000 0.21200000 0.93200000 0.03200000
0.71600000 0.21200000 0.93200000 0.03200000
0.78800000 0.21200000 0.93200000 0.03200000
0.86000000 0.21200000 0.93200000 0.03200000
0.93200000 0.21200000 0.93200000 0.03200000
0.06800000 0.28400000 0.93200000 0.03200000
0.14000000 0.28400000 0.93200000 0.03200000
0.21200000 0.28400000 0.93200000 0.03200000
0.28400000 0.28400000 0.93200000 0.03200000
0.35600000 0.28400000 0.93200000 0.03200000
0.42800000 0.28400000 0.93200000 0.03200000
0.50000000 0.28400000 0.93200000 0.03200000
0.57200000 0.28400000 0.93200000 0.03200000
0.64400000 0.28400000 0.93200000 0.03200000
0.71600000 0.28400000 0.93200000 0.03200000
0.78800000 0.28400000 0.93200000 0.03200000
0.86000000 0.28400000 0.93200000 0.03200000
0.93200000 0.28400000 0.93200000 0.03200000
0.06800000 0.35600000 0.93200000 0.03200000
0.14000000 0.35600000 0.93200000 0.03200000
0.21200000 0.35600000 0.93200000 0.03200000
0.28400000 0.35600000 0.93200000 0.03200000
0.35600000 0.35600000 0.93200000 0.03200000
0.42800000 0.35600000 0.93200000 0.03200000
0.50000000 0.35600000 0.93200000 0.03200000
0.57200000 0.35600000 0.93200000 0.03200000
0.64400000 0.35600000 0.93200000 0.03200000
0.71600000 0.35600000 0.93200000 0.03200000
0.78800000 0.35600000 0.93200000 0.03200000
0.86000000 0.35600000 0.93200000 0.03200000
0.93200000 0.35600000 0.93200000 0.03200000
0.06800000 0.42800000 0.93200000 0.03200000
0.14000000 0.42800000 0.93200000 0.03200000
0.21200000 0.42800000 0.93200000 0.03200000
0.28400000 0.42800000 0.93200000 0.03200000
0.35600000 0.42800000 0.93200000 0.03200000
0.42800000 0.42800000 0.93200000 0.03200000
0.50000000 0.42800000 0.93200000 0.03200000
0.57200000 0.42800000 0.93200000 0.03200000
0.64400000 0.42800000 0.93200000 0.03200000
0.71600000 0.42800000 0.93200000 0.03200000
0.78800000 0.42800000 0.93200000 0.03200000
0.86000000 0.42800000 0.93200000 0.03200000
0.93200000 0.42800000 0.93200000 0.03200000
0.06800000 0.50000000 0.93200000 0.03200000
0.14000000 0.50000000 0.93200000 0.03200000
0.21200000 0.50000000 0.93200000 0.03200000
0.28400000 0.50000000 0.93200000 0.03200000
0.35600000 0.50000000 0.93200000 0.03200000
0.42800000 0.50000000 0.93200000 0.03200000
0.50000000 0.50000000 0.93200000 0.03200000
0.57200000 0.50000000 0.93200000 0.03200000
0.64400000 0.50000000 0.93200000 0.03200000
0.71600000 0.50000000 0.93200000 0.03200000
0.78800000 0.50000000 0.93200000 0.03200000
0.86000000 0.50000000 0.93200000 0.03200000
0.93200000 0.50000000 0.93200000 0.03200000
0.06800000 0.57200000 0.93200000 0.03200000
0.14000000 0.57200000 0.93200000 0.03200000
0.21200000 0.57200000 0.93200000 0.03200000
0.28400000 0.57200000 0.93200000 0.03200000
0.35600000 0.57200000 0.93200000 0.03200000
0.42800000 0.57200000 0.93200000 0.03200000
0.50000000 0.57200000 0.93200000 0.03200000
0.57200000 0.57200000 0.93200000 0.03200000
0.64400000 0.57200000 0.93200000 0.03200000
0.71600000 0.57200000 0.93200000 0.03200000
0.78800000 0.57200000 0.93200000 0.03200000
0.86000000 0.57200000 0.93200000 0.03200000
0.93200000 0.57200000 0.93200000 0.03200000
0.06800000 0.64400000 0.93200000 0.03200000
0.14000000 0.64400000 0.93200000 0.03200000
0.21200000 0.64400000 0.93200000 0.03200000
0.28400000 0.64400000 0.93200000 0.03200000
0.35600000 0.64400000 0.93200000 0.03200000
0.42800000 0.64400000 0.93200000 0.03200000
0.50000000 0.64400000 0.93200000 0.03200000
0.57200000 0.64400000 0.93200000 0.03200000
0.64400000 0.64400000 0.93200000 0.03200000
0.71600000 0.64400000 0.93200000 0.03200000
0.78800000 0.64400000 0.93200000 0.03200000
0.86000000 0.64400000 0.93200000 0.03200000
0.93200000 0.64400000 0.93200000 0.03200000
0.06800000 0.71600000 0.93200000 0.03200000
0.14000000 0.71600000 0.93200000 0.03200000
0.21200000 0.71600000 0.93200000 0.03200000
0.28400000 0.71600000 0.93200000 0.03200000
0.35600000 0.71600000 0.93200000 0.03200000
0.42800000 0.71600000 0.93200000 0.03200000
0.50000000 0.71600000 0.93200000 0.03200000
0.57200000 0.71600000 0.93200000 0.03200000
0.64400000 0.71600000 0.93200000 0.03200000
0.71600000 0.71600000 0.93200000 0.03200000
0.78800000 0.71600000 0.93200000 0.03200000
0.86000000 0.71600000 0.93200000 0.03200000
0.93200000 0.71600000 0.93200000 0.03200000
0.06800000 0.78800000 0.93200000 0.03200000
0.14000000 0.78800000 0.93200000 0.03200000
0.21200000 0.78800000 0.93200000 0.03200000
0.28400000 0.78800000 0.93200000 0.03200000
0.35600000 0.78800000 0.93200000 0.03200000
0.42800000 0.78800000 0.93200000 0.03200000
0.50000000 0.78800000 0.93200000 0.03200000
0.57200000 0.78800000 0.93200000 0.03200000
0.64400000 0.78800000 0.93200000 0.03200000
0.71600000 0.78800000 0.93200000 0.03200000
0.78800000 0.78800000 0.93200000 0.03200000
0.86000000 0.78800000 0.93200000 0.03200000
0.93200000 0.78800000 0.93200000 0.03200000
0.06800000 0.86000000 0.93200000 0.03200000
0.14000000 0.86000000 0.93200000 0.03200000
0.21200000 0.86000000 0.93200000 0.03200000
0.28400000 0.86000000 0.93200000 0.03200000
0.35600000 0.86000000 0.93200000 0.03200000
0.42800000 0.86000000 0.93200000 0.03200000
0.50000000 0.86000000 0.93200000 0.03200000
0.57200000 0.86000000 0.93200000 0.03200000
0.64400000 0.86000000 0.93200000 0.03200000
0.71600000 0.86000000 0.93200000 0.03200000
0.78800000 0.86000000 0.93200000 0.03200000
0.86000000 0.86000000 0.93200000 0.03200000
0.93200000 0.86000000 0.93200000 0.03200000
0.06800000 0.93200000 0.93200000 0.03200000
0.14000000 0.93200000 0.93200000 0.03200000
0.21200000 0.93200000 0.93200000 0.03200000
0.28400000 0.93200000 0.93200000 0.03200000
0.35600000 0.93200000 0.93200000 0.03200000
0.42800000 0.93200000 0.93200000 0.03200000
0.50000000 0.93200000 0.93200000 0.03200000
0.57200000 0.93200000 0.93200000 0.03200000
0.64400000 0.93200000 0.93200000 0.03200000
0.71600000 0.93200000 0.93200000 0.03200000
0.78800000 0.93200000 0.93200000 0.03200000
0.86000000 0.93200000 0.93200000 0.03200000
0.93200000 0.93200000 0.93200000 0.03200000
