0.66638178 0.12250289 0.35072809 0.09504051
0.16639920 0.24325790 0.37361800 0.06423017
0.52949685 0.43859588 0.64074838 0.09273149
0.80432574 0.11962050 0.63719984 0.07080756
0.81162386 0.37583547 0.62798897 0.13878488
0.80740551 0.17348183 0.43586558 0.06686067
0.52085321 0.62064585 0.38400246 0.15669941
0.45682973 0.83852182 0.32900910 0.05926776
0.20943484 0.12252431 0.64045240 0.08030639
0.31169469 0.49323184 0.14127531 0.07162561
0.24619083 0.56416189 0.64351714 0.11294941
0.75208425 0.41608722 0.22556497 0.06337750
0.81256913 0.44322491 0.86701114 0.07827178
0.58489234 0.23125499 0.81355414 0.12313233
0.78615247 0.64308468 0.24584030 0.13344189
0.09823686 0.10001380 0.28479231 0.04976634
0.31813442 0.57063182 0.88676173 0.06165576
0.15269813 0.71691015 0.30733767 0.11145744
0.16942636 0.26898878 0.67938214 0.05257891
0.14815358 0.19104284 0.83728900 0.11130774
0.56565284 0.87928410 0.77987459 0.06977896
0.49503713 0.59555344 0.76205716 0.07484264
0.10716644 0.14914544 0.48885784 0.06537422
0.87969716 0.77726132 0.08893268 0.04995383
0.36372833 0.20057315 0.75113558 0.06758637
0.86226351 0.58006783 0.75144148 0.09043016
0.45066512 0.83511189 0.62575545 0.11839881
0.47532199 0.38678590 0.18924766 0.11234981
0.48326562 0.24573160 0.58917059 0.10630770
0.51549563 0.72844569 0.11751463 0.07281360
0.78969412 0.76777783 0.52986148 0.08447732
0.62551431 0.66882725 0.59145012 0.05875675
0.22066742 0.81400658 0.53251843 0.08172831
0.15465374 0.10546288 0.14510140 0.06385023
0.30979986 0.40308963 0.82517321 0.09611813
0.27307251 0.34552786 0.22934653 0.05747297
0.39929150 0.11215749 0.18121987 0.06374709
0.25753988 0.44389442 0.42189851 0.06572104
0.69623170 0.66451730 0.86958446 0.09346713
0.10916977 0.84175754 0.78189283 0.07920170
0.87586299 0.33365903 0.17946574 0.06910889
0.10209091 0.67683761 0.55281758 0.06395196
0.73244683 0.44677163 0.38690307 0.07623177
0.91150037 0.12563505 0.24832894 0.05488036
0.82686193 0.13699686 0.85846044 0.07548913
0.32504653 0.17600435 0.43802738 0.09413635
0.15861627 0.41745358 0.74323110 0.06387120
0.13764483 0.47807845 0.37279679 0.05202907
0.24689499 0.74338266 0.08811412 0.05161179
0.77864215 0.89060551 0.83487857 0.06858806
0.13813776 0.33702130 0.52547987 0.10658410
0.65284981 0.18416772 0.09289408 0.05755351
0.24705330 0.86967434 0.69034781 0.07963034
0.77463994 0.88673402 0.15557924 0.07578471
0.62366140 0.86551796 0.10586278 0.07613716
0.20254793 0.85664014 0.11533883 0.05178456
0.34771913 0.79761239 0.20804584 0.08254149
0.41657784 0.31660458 0.43634640 0.05747189
0.64403556 0.81526961 0.53999288 0.04805541
0.91117248 0.59458080 0.39688071 0.04990308
0.12517809 0.31937257 0.24369902 0.07200732
0.10605844 0.67051707 0.89696563 0.05925964
0.30156241 0.66477344 0.80947129 0.05206203
0.49800777 0.49204251 0.88691772 0.08256510
0.76136577 0.90086322 0.70124666 0.05022503
0.11465781 0.46907764 0.87819577 0.06293040
0.81999862 0.57419071 0.46417609 0.05187617
0.44977894 0.07933442 0.59589470 0.04904248
0.71574970 0.85262548 0.35665579 0.06208666
0.59611163 0.27046425 0.25857333 0.05234731
0.65120935 0.89496189 0.67520126 0.05522587
0.50865787 0.10982281 0.45624853 0.07190760
0.51780787 0.90094731 0.41730134 0.05692342
0.09640655 0.48191742 0.23987059 0.06318934
0.74810260 0.67741061 0.66388512 0.06464826
0.33919246 0.11090624 0.88602001 0.07689647
0.28219468 0.62981394 0.42976085 0.07429922
0.18866287 0.56765789 0.16365660 0.06798169
0.85157327 0.47313065 0.12308305 0.07374641
0.38416616 0.61329865 0.55675970 0.05061641
0.33346189 0.10692248 0.57613554 0.05099018
0.57574795 0.75902009 0.91738282 0.04869980
0.86450289 0.87280312 0.36248313 0.07264152
0.42750452 0.79445570 0.85157073 0.10120180
0.67337810 0.45367949 0.89950705 0.04834005
0.40854189 0.44379653 0.52007491 0.05701039
0.37961920 0.38311962 0.67592472 0.05652232
0.13044790 0.91106191 0.32351364 0.05129185
0.21757219 0.78254278 0.89617846 0.05492779
0.66984285 0.29301249 0.45079296 0.06362152
0.61700809 0.50008725 0.75608027 0.05290107
0.19216448 0.57233979 0.82286415 0.06153090
0.46478145 0.13104446 0.32536360 0.05951311
0.88367968 0.44744203 0.37758797 0.04832157
0.21116379 0.25700668 0.10238369 0.06970457
0.91202229 0.84992055 0.19016350 0.05932968
0.67598122 0.12831175 0.54975272 0.07997886
0.24327641 0.86126458 0.28118763 0.04880179
0.83103379 0.30807466 0.34475352 0.06993639
0.27620633 0.32157576 0.63929807 0.05888381
