0.10212460 0.10212460 0.10212460 0.05894450
0.23474973 0.10212460 0.10212460 0.05894450
0.36737487 0.10212460 0.10212460 0.05894450
0.50000000 0.10212460 0.10212460 0.05894450
0.63262513 0.10212460 0.10212460 0.05894450
0.76525027 0.10212460 0.10212460 0.05894450
0.89787540 0.10212460 0.10212460 0.05894450
0.10212460 0.23474973 0.10212460 0.05894450
0.23474973 0.23474973 0.10212460 0.05894450
0.36737487 0.23474973 0.10212460 0.05894450
0.50000000 0.23474973 0.10212460 0.05894450
0.63262513 0.23474973 0.10212460 0.05894450
0.76525027 0.23474973 0.10212460 0.05894450
0.89787540 0.23474973 0.10212460 0.05894450
0.10212460 0.36737487 0.10212460 0.05894450
0.23474973 0.36737487 0.10212460 0.05894450
0.36737487 0.36737487 0.10212460 0.05894450
0.50000000 0.36737487 0.10212460 0.05894450
0.63262513 0.36737487 0.10212460 0.05894450
0.76525027 0.36737487 0.10212460 0.05894450
0.89787540 0.36737487 0.10212460 0.05894450
0.10212460 0.50000000 0.10212460 0.05894450
0.23474973 0.50000000 0.10212460 0.05894450
0.36737487 0.50000000 0.10212460 0.05894450
0.50000000 0.50000000 0.10212460 0.05894450
0.63262513 0.50000000 0.10212460 0.05894450
0.76525027 0.50000000 0.10212460 0.05894450
0.89787540 0.50000000 0.10212460 0.05894450
0.10212460 0.63262513 0.10212460 0.05894450
0.23474973 0.63262513 0.10212460 0.05894450
0.36737487 0.63262513 0.10212460 0.05894450
0.50000000 0.63262513 0.10212460 0.05894450
0.63262513 0.63262513 0.10212460 0.05894450
0.76525027 0.63262513 0.10212460 0.05894450
0.89787540 0.63262513 0.10212460 0.05894450
0.10212460 0.76525027 0.10212460 0.05894450
0.23474973 0.76525027 0.10212460 0.05894450
0.36737487 0.76525027 0.10212460 0.05894450
0.50000000 0.76525027 0.10212460 0.05894450
0.63262513 0.76525027 0.10212460 0.05894450
0.76525027 0.76525027 0.10212460 0.05894450
0.89787540 0.76525027 0.10212460 0.05894450
0.10212460 0.89787540 0.10212460 0.05894450
0.23474973 0.89787540 0.10212460 0.05894450
0.36737487 0.89787540 0.10212460 0.05894450
0.50000000 0.89787540 0.10212460 0.05894450
0.63262513 0.89787540 0.10212460 0.05894450
0.76525027 0.89787540 0.10212460 0.05894450
0.89787540 0.89787540 0.10212460 0.05894450
0.10212460 0.10212460 0.23474973 0.05894450
0.23474973 0.10212460 0.23474973 0.05894450
0.36737487 0.10212460 0.23474973 0.05894450
0.50000000 0.10212460 0.23474973 0.05894450
0.63262513 0.10212460 0.23474973 0.05894450
0.76525027 0.10212460 0.23474973 0.05894450
0.89787540 0.10212460 0.23474973 0.05894450
0.10212460 0.23474973 0.23474973 0.05894450
0.23474973 0.23474973 0.23474973 0.05894450
0.36737487 0.23474973 0.23474973 0.05894450
0.50000000 0.23474973 0.23474973 0.05894450
0.63262513 0.23474973 0.23474973 0.05894450
0.76525027 0.23474973 0.23474973 0.05894450
0.89787540 0.23474973 0.23474973 0.05894450
0.10212460 0.36737487 0.23474973 0.05894450
0.23474973 0.36737487 0.23474973 0.05894450
0.36737487 0.36737487 0.23474973 0.05894450
0.50000000 0.36737487 0.23474973 0.05894450
0.63262513 0.36737487 0.23474973 0.05894450
0.76525027 0.36737487 0.23474973 0.05894450
0.89787540 0.36737487 0.23474973 0.05894450
0.10212460 0.50000000 0.23474973 0.05894450
0.23474973 0.50000000 0.23474973 0.05894450
0.36737487 0.50000000 0.23474973 0.05894450
0.50000000 0.50000000 0.23474973 0.05894450
0.63262513 0.50000000 0.23474973 0.05894450
0.76525027 0.50000000 0.23474973 0.05894450
0.89787540 0.50000000 0.23474973 0.05894450
0.10212460 0.63262513 0.23474973 0.05894450
0.23474973 0.63262513 0.23474973 0.05894450
0.36737487 0.63262513 0.23474973 0.05894450
0.50000000 0.63262513 0.23474973 0.05894450
0.63262513 0.63262513 0.23474973 0.05894450
0.76525027 0.63262513 0.23474973 0.05894450
0.89787540 0.63262513 0.23474973 0.05894450
0.10212460 0.76525027 0.23474973 0.05894450
0.23474973 0.76525027 0.23474973 0.05894450
0.36737487 0.76525027 0.23474973 0.05894450
0.50000000 0.76525027 0.23474973 0.05894450
0.63262513 0.76525027 0.23474973 0.05894450
0.76525027 0.76525027 0.23474973 0.05894450
0.89787540 0.76525027 0.23474973 0.05894450
0.10212460 0.89787540 0.23474973 0.05894450
0.23474973 0.89787540 0.23474973 0.05894450
0.36737487 0.89787540 0.23474973 0.05894450
0.50000000 0.89787540 0.23474973 0.05894450
0.63262513 0.89787540 0.23474973 0.05894450
0.76525027 0.89787540 0.23474973 0.05894450
0.89787540 0.89787540 0.23474973 0.05894450
0.10212460 0.10212460 0.36737487 0.05894450
0.23474973 0.10212460 0.36737487 0.05894450
0.36737487 0.10212460 0.36737487 0.05894450
0.50000000 0.10212460 0.36737487 0.05894450
0.63262513 0.10212460 0.36737487 0.05894450
0.76525027 0.10212460 0.36737487 0.05894450
0.89787540 0.10212460 0.36737487 0.05894450
0.10212460 0.23474973 0.36737487 0.05894450
0.23474973 0.23474973 0.36737487 0.05894450
0.36737487 0.23474973 0.36737487 0.05894450
0.50000000 0.23474973 0.36737487 0.05894450
0.63262513 0.23474973 0.36737487 0.05894450
0.76525027 0.23474973 0.36737487 0.05894450
0.89787540 0.23474973 0.36737487 0.05894450
0.10212460 0.36737487 0.36737487 0.05894450
0.23474973 0.36737487 0.36737487 0.05894450
0.36737487 0.36737487 0.36737487 0.05894450
0.50000000 0.36737487 0.36737487 0.05894450
0.63262513 0.36737487 0.36737487 0.05894450
0.76525027 0.36737487 0.36737487 0.05894450
0.89787540 0.36737487 0.36737487 0.05894450
0.10212460 0.50000000 0.36737487 0.05894450
0.23474973 0.50000000 0.36737487 0.05894450
0.36737487 0.50000000 0.36737487 0.05894450
0.50000000 0.50000000 0.36737487 0.05894450
0.63262513 0.50000000 0.36737487 0.05894450
0.76525027 0.50000000 0.36737487 0.05894450
0.89787540 0.50000000 0.36737487 0.05894450
0.10212460 0.63262513 0.36737487 0.05894450
0.23474973 0.63262513 0.36737487 0.05894450
0.36737487 0.63262513 0.36737487 0.05894450
0.50000000 0.63262513 0.36737487 0.05894450
0.63262513 0.63262513 0.36737487 0.05894450
0.76525027 0.63262513 0.36737487 0.05894450
0.89787540 0.63262513 0.36737487 0.05894450
0.10212460 0.76525027 0.36737487 0.05894450
0.23474973 0.76525027 0.36737487 0.05894450
0.36737487 0.76525027 0.36737487 0.05894450
0.50000000 0.76525027 0.36737487 0.05894450
0.63262513 0.76525027 0.36737487 0.05894450
0.76525027 0.76525027 0.36737487 0.05894450
0.89787540 0.76525027 0.36737487 0.05894450
0.10212460 0.89787540 0.36737487 0.05894450
0.23474973 0.89787540 0.36737487 0.05894450
0.36737487 0.89787540 0.36737487 0.05894450
0.50000000 0.89787540 0.36737487 0.05894450
0.63262513 0.89787540 0.36737487 0.05894450
0.76525027 0.89787540 0.36737487 0.05894450
0.89787540 0.89787540 0.36737487 0.05894450
0.10212460 0.10212460 0.50000000 0.05894450
0.23474973 0.10212460 0.50000000 0.05894450
0.36737487 0.10212460 0.50000000 0.05894450
0.50000000 0.10212460 0.50000000 0.05894450
0.63262513 0.10212460 0.50000000 0.05894450
0.76525027 0.10212460 0.50000000 0.05894450
0.89787540 0.10212460 0.50000000 0.05894450
0.10212460 0.23474973 0.50000000 0.05894450
0.23474973 0.23474973 0.50000000 0.05894450
0.36737487 0.23474973 0.50000000 0.05894450
0.50000000 0.23474973 0.50000000 0.05894450
0.63262513 0.23474973 0.50000000 0.05894450
0.76525027 0.23474973 0.50000000 0.05894450
0.89787540 0.23474973 0.50000000 0.05894450
0.10212460 0.36737487 0.50000000 0.05894450
0.23474973 0.36737487 0.50000000 0.05894450
0.36737487 0.36737487 0.50000000 0.05894450
0.50000000 0.36737487 0.50000000 0.05894450
0.63262513 0.36737487 0.50000000 0.05894450
0.76525027 0.36737487 0.50000000 0.05894450
0.89787540 0.36737487 0.50000000 0.05894450
0.10212460 0.50000000 0.50000000 0.05894450
0.23474973 0.50000000 0.50000000 0.05894450
0.36737487 0.50000000 0.50000000 0.05894450
0.50000000 0.50000000 0.50000000 0.05894450
0.63262513 0.50000000 0.50000000 0.05894450
0.76525027 0.50000000 0.50000000 0.05894450
0.89787540 0.50000000 0.50000000 0.05894450
0.10212460 0.63262513 0.50000000 0.05894450
0.23474973 0.63262513 0.50000000 0.05894450
0.36737487 0.63262513 0.50000000 0.05894450
0.50000000 0.63262513 0.50000000 0.05894450
0.63262513 0.63262513 0.50000000 0.05894450
0.76525027 0.63262513 0.50000000 0.05894450
0.89787540 0.63262513 0.50000000 0.05894450
0.10212460 0.76525027 0.50000000 0.05894450
0.23474973 0.76525027 0.50000000 0.05894450
0.36737487 0.76525027 0.50000000 0.05894450
0.50000000 0.76525027 0.50000000 0.05894450
0.63262513 0.76525027 0.50000000 0.05894450
0.76525027 0.76525027 0.50000000 0.05894450
0.89787540 0.76525027 0.50000000 0.05894450
0.10212460 0.89787540 0.50000000 0.05894450
0.23474973 0.89787540 0.50000000 0.05894450
0.36737487 0.89787540 0.50000000 0.05894450
0.50000000 0.89787540 0.50000000 0.05894450
0.63262513 0.89787540 0.50000000 0.05894450
0.76525027 0.89787540 0.50000000 0.05894450
0.89787540 0.89787540 0.50000000 0.05894450
0.10212460 0.10212460 0.63262513 0.05894450
0.23474973 0.10212460 0.63262513 0.05894450
0.36737487 0.10212460 0.63262513 0.05894450
0.50000000 0.10212460 0.63262513 0.05894450
0.63262513 0.10212460 0.63262513 0.05894450
0.76525027 0.10212460 0.63262513 0.05894450
0.89787540 0.10212460 0.63262513 0.05894450
0.10212460 0.23474973 0.63262513 0.05894450
0.23474973 0.23474973 0.63262513 0.05894450
0.36737487 0.23474973 0.63262513 0.05894450
0.50000000 0.23474973 0.63262513 0.05894450
0.63262513 0.23474973 0.63262513 0.05894450
0.76525027 0.23474973 0.63262513 0.05894450
0.89787540 0.23474973 0.63262513 0.05894450
0.10212460 0.36737487 0.63262513 0.05894450
0.23474973 0.36737487 0.63262513 0.05894450
0.36737487 0.36737487 0.63262513 0.05894450
0.50000000 0.36737487 0.63262513 0.05894450
0.63262513 0.36737487 0.63262513 0.05894450
0.76525027 0.36737487 0.63262513 0.05894450
0.89787540 0.36737487 0.63262513 0.05894450
0.10212460 0.50000000 0.63262513 0.05894450
0.23474973 0.50000000 0.63262513 0.05894450
0.36737487 0.50000000 0.63262513 0.05894450
0.50000000 0.50000000 0.63262513 0.05894450
0.63262513 0.50000000 0.63262513 0.05894450
0.76525027 0.50000000 0.63262513 0.05894450
0.89787540 0.50000000 0.63262513 0.05894450
0.10212460 0.63262513 0.63262513 0.05894450
0.23474973 0.63262513 0.63262513 0.05894450
0.36737487 0.63262513 0.63262513 0.05894450
0.50000000 0.63262513 0.63262513 0.05894450
0.63262513 0.63262513 0.63262513 0.05894450
0.76525027 0.63262513 0.63262513 0.05894450
0.89787540 0.63262513 0.63262513 0.05894450
0.10212460 0.76525027 0.63262513 0.05894450
0.23474973 0.76525027 0.63262513 0.05894450
0.36737487 0.76525027 0.63262513 0.05894450
0.50000000 0.76525027 0.63262513 0.05894450
0.63262513 0.76525027 0.63262513 0.05894450
0.76525027 0.76525027 0.63262513 0.05894450
0.89787540 0.76525027 0.63262513 0.05894450
0.10212460 0.89787540 0.63262513 0.05894450
0.23474973 0.89787540 0.63262513 0.05894450
0.36737487 0.89787540 0.63262513 0.05894450
0.50000000 0.89787540 0.63262513 0.05894450
0.63262513 0.89787540 0.63262513 0.05894450
0.76525027 0.89787540 0.63262513 0.05894450
0.89787540 0.89787540 0.63262513 0.05894450
0.10212460 0.10212460 0.76525027 0.05894450
0.23474973 0.10212460 0.76525027 0.05894450
0.36737487 0.10212460 0.76525027 0.05894450
0.50000000 0.10212460 0.76525027 0.05894450
0.63262513 0.10212460 0.76525027 0.05894450
0.76525027 0.10212460 0.76525027 0.05894450
0.89787540 0.10212460 0.76525027 0.05894450
0.10212460 0.23474973 0.76525027 0.05894450
0.23474973 0.23474973 0.76525027 0.05894450
0.36737487 0.23474973 0.76525027 0.05894450
0.50000000 0.23474973 0.76525027 0.05894450
0.63262513 0.23474973 0.76525027 0.05894450
0.76525027 0.23474973 0.76525027 0.05894450
0.89787540 0.23474973 0.76525027 0.05894450
0.10212460 0.36737487 0.76525027 0.05894450
0.23474973 0.36737487 0.76525027 0.05894450
0.36737487 0.36737487 0.76525027 0.05894450
0.50000000 0.36737487 0.76525027 0.05894450
0.63262513 0.36737487 0.76525027 0.05894450
0.76525027 0.36737487 0.76525027 0.05894450
0.89787540 0.36737487 0.76525027 0.05894450
0.10212460 0.50000000 0.76525027 0.05894450
0.23474973 0.50000000 0.76525027 0.05894450
0.36737487 0.50000000 0.76525027 0.05894450
0.50000000 0.50000000 0.76525027 0.05894450
0.63262513 0.50000000 0.76525027 0.05894450
0.76525027 0.50000000 0.76525027 0.05894450
0.89787540 0.50000000 0.76525027 0.05894450
0.10212460 0.63262513 0.76525027 0.05894450
0.23474973 0.63262513 0.76525027 0.05894450
0.36737487 0.63262513 0.76525027 0.05894450
0.50000000 0.63262513 0.76525027 0.05894450
0.63262513 0.63262513 0.76525027 0.05894450
0.76525027 0.63262513 0.76525027 0.05894450
0.89787540 0.63262513 0.76525027 0.05894450
0.10212460 0.76525027 0.76525027 0.05894450
0.23474973 0.76525027 0.76525027 0.05894450
0.36737487 0.76525027 0.76525027 0.05894450
0.50000000 0.76525027 0.76525027 0.05894450
0.63262513 0.76525027 0.76525027 0.05894450
0.76525027 0.76525027 0.76525027 0.05894450
0.89787540 0.76525027 0.76525027 0.05894450
0.10212460 0.89787540 0.76525027 0.05894450
0.23474973 0.89787540 0.76525027 0.05894450
0.36737487 0.89787540 0.76525027 0.05894450
0.50000000 0.89787540 0.76525027 0.05894450
0.63262513 0.89787540 0.76525027 0.05894450
0.76525027 0.89787540 0.76525027 0.05894450
0.89787540 0.89787540 0.76525027 0.05894450
0.10212460 0.10212460 0.89787540 0.05894450
0.23474973 0.10212460 0.89787540 0.05894450
0.36737487 0.10212460 0.89787540 0.05894450
0.50000000 0.10212460 0.89787540 0.05894450
0.63262513 0.10212460 0.89787540 0.05894450
0.76525027 0.10212460 0.89787540 0.05894450
0.89787540 0.10212460 0.89787540 0.05894450
0.10212460 0.23474973 0.89787540 0.05894450
0.23474973 0.23474973 0.89787540 0.05894450
0.36737487 0.23474973 0.89787540 0.05894450
0.50000000 0.23474973 0.89787540 0.05894450
0.63262513 0.23474973 0.89787540 0.05894450
0.76525027 0.23474973 0.89787540 0.05894450
0.89787540 0.23474973 0.89787540 0.05894450
0.10212460 0.36737487 0.89787540 0.05894450
0.23474973 0.36737487 0.89787540 0.05894450
0.36737487 0.36737487 0.89787540 0.05894450
0.50000000 0.36737487 0.89787540 0.05894450
0.63262513 0.36737487 0.89787540 0.05894450
0.76525027 0.36737487 0.89787540 0.05894450
0.89787540 0.36737487 0.89787540 0.05894450
0.10212460 0.50000000 0.89787540 0.05894450
0.23474973 0.50000000 0.89787540 0.05894450
0.36737487 0.50000000 0.89787540 0.05894450
0.50000000 0.50000000 0.89787540 0.05894450
0.63262513 0.50000000 0.89787540 0.05894450
0.76525027 0.50000000 0.89787540 0.05894450
0.89787540 0.50000000 0.89787540 0.05894450
0.10212460 0.63262513 0.89787540 0.05894450
0.23474973 0.63262513 0.89787540 0.05894450
0.36737487 0.63262513 0.89787540 0.05894450
0.50000000 0.63262513 0.89787540 0.05894450
0.63262513 0.63262513 0.89787540 0.05894450
0.76525027 0.63262513 0.89787540 0.05894450
0.89787540 0.63262513 0.89787540 0.05894450
0.10212460 0.76525027 0.89787540 0.05894450
0.23474973 0.76525027 0.89787540 0.05894450
0.36737487 0.76525027 0.89787540 0.05894450
0.50000000 0.76525027 0.89787540 0.05894450
0.63262513 0.76525027 0.89787540 0.05894450
0.76525027 0.76525027 0.89787540 0.05894450
0.89787540 0.76525027 0.89787540 0.05894450
0.10212460 0.89787540 0.89787540 0.05894450
0.23474973 0.89787540 0.89787540 0.05894450
0.36737487 0.89787540 0.89787540 0.05894450
0.50000000 0.89787540 0.89787540 0.05894450
0.63262513 0.89787540 0.89787540 0.05894450
0.76525027 0.89787540 0.89787540 0.05894450
0.89787540 0.89787540 0.89787540 0.05894450
