0.68927835 0.07055377 0.33018609 0.04434684
0.14119978 0.22386421 0.36407140 0.03407672
0.53340827 0.43045340 0.65941228 0.04357716
0.83109784 0.08615781 0.64926956 0.03626919
0.55041849 0.19106830 0.24064897 0.04435758
0.88828109 0.34529189 0.65947334 0.05892829
0.82488136 0.15836512 0.12050183 0.06180279
0.83213966 0.14720987 0.43070526 0.03495356
0.52709456 0.65675505 0.34928450 0.06489980
0.70214153 0.32116225 0.73563037 0.06607672
0.45396217 0.86100789 0.31765115 0.03242259
0.17843663 0.08225428 0.65543621 0.03943546
0.29483242 0.49262576 0.10915240 0.03654187
0.20083166 0.57562850 0.66916561 0.05031647
0.42405960 0.67177259 0.42416853 0.03238871
0.53186465 0.64539782 0.51321682 0.03039823
0.57080125 0.82997916 0.20345755 0.06439460
0.77072731 0.40988139 0.20526895 0.03379250
0.37527121 0.70549589 0.68516514 0.06374533
0.84463780 0.43739996 0.90466540 0.03875726
0.60221137 0.17642788 0.87752284 0.05371078
0.56714281 0.42131671 0.27475655 0.04559666
0.56050572 0.09175625 0.59619961 0.06282842
0.52343582 0.83427578 0.37637715 0.04091251
0.91663427 0.22550191 0.19600898 0.05475408
0.66117947 0.14458634 0.70920529 0.06393863
0.85231516 0.67616798 0.18707481 0.05714730
0.07831530 0.08018035 0.27412117 0.02925545
0.53201927 0.54355589 0.78203143 0.06118106
0.30526167 0.57563126 0.91413738 0.03321859
0.09187512 0.75489765 0.27359670 0.04981915
0.19162537 0.12670287 0.17880690 0.04963713
0.15141381 0.25640125 0.68915645 0.03019297
0.08666061 0.13704573 0.89623773 0.04976925
0.24859443 0.29014066 0.70659852 0.05008782
0.57129898 0.91190251 0.80394378 0.03592632
0.07665471 0.12189426 0.48799242 0.03445807
0.55813416 0.34579142 0.91255911 0.05154052
0.39854995 0.54312323 0.70765421 0.05053032
0.30266366 0.13596335 0.39094325 0.05393085
0.25581581 0.71295161 0.13479831 0.05242927
0.76553157 0.23289038 0.62151177 0.03839197
0.86138549 0.29863581 0.13076172 0.04843747
0.72708177 0.84024621 0.86040007 0.05643251
0.54631717 0.83978158 0.61573834 0.06460669
0.17190840 0.17959080 0.50497152 0.03511032
0.89864789 0.79109947 0.06841626 0.02931794
0.35257712 0.17607083 0.77168619 0.03519546
0.88056975 0.57091930 0.82758360 0.04159999
0.83476089 0.46687032 0.53827182 0.06059991
0.32228298 0.49191662 0.58219850 0.05884694
0.58323257 0.44094775 0.77366304 0.02909026
0.84064136 0.56750356 0.22603134 0.04047930
0.59300776 0.12965757 0.43374517 0.05844131
0.85107107 0.08099940 0.89984624 0.05430462
0.60845556 0.31842493 0.57353090 0.05033904
0.79852857 0.71252129 0.66501106 0.05700083
0.42313640 0.41509420 0.34261981 0.04301990
0.44118956 0.89947555 0.64990882 0.05213294
0.43578228 0.36275464 0.76076326 0.03604566
0.83237127 0.63392217 0.31087608 0.06193993
0.80944106 0.52416483 0.76345897 0.03808993
0.69746662 0.51610243 0.72943275 0.05025456
0.47094732 0.36671645 0.13416064 0.05011660
0.13758105 0.91625339 0.22550739 0.04286112
0.81059243 0.65606858 0.55756439 0.05935063
0.47088637 0.36390076 0.25830041 0.03461691
0.34128948 0.85195234 0.84631338 0.05101545
0.60025352 0.27117117 0.15801808 0.04430225
0.48053807 0.20428820 0.60370458 0.04810257
0.51691886 0.74942786 0.08238430 0.03693787
0.82306533 0.79862440 0.53330136 0.04082577
0.87066992 0.76898098 0.79181457 0.06143111
0.63373531 0.67988518 0.59743997 0.03225225
0.11402691 0.72410492 0.69216905 0.05888538
0.28832367 0.61528177 0.36520079 0.03836854
0.45532718 0.73454650 0.90685652 0.05877037
0.19006278 0.84841023 0.53608126 0.03990944
0.18990722 0.37726766 0.09701742 0.04850419
0.65884317 0.65741236 0.24331273 0.06126916
0.29254914 0.71821954 0.46247058 0.03791385
0.50755510 0.24446828 0.76490383 0.03066332
0.08976697 0.58113794 0.79859546 0.03979859
0.71535134 0.50960277 0.53529611 0.04297861
0.88281161 0.26172710 0.30076473 0.04617006
0.66315237 0.72069567 0.36939066 0.05901260
0.12881084 0.07593893 0.11854367 0.03395008
0.71256864 0.45902931 0.45703387 0.04350432
0.47779069 0.75900249 0.41661069 0.04666676
0.08704475 0.53257797 0.08084893 0.05200352
0.19872168 0.22504215 0.60782530 0.03403121
0.77580672 0.18837576 0.29204691 0.03303937
0.34321020 0.89932970 0.30683100 0.05962539
0.51054465 0.87647601 0.09764892 0.04497651
0.82678633 0.10493968 0.51842889 0.05574139
0.81138260 0.55068589 0.66477165 0.04088761
0.34036005 0.51461954 0.85254823 0.05041673
0.28317673 0.38952466 0.87068912 0.04470604
0.78186607 0.84397809 0.27726109 0.06410100
0.25873453 0.33576783 0.21224581 0.03182432
0.42704253 0.76709000 0.23416115 0.05156958
0.25942045 0.64558153 0.49756045 0.03066465
0.48059316 0.09128736 0.37660144 0.05391185
0.27202124 0.36856454 0.51947276 0.06590657
0.65676752 0.45740840 0.84808635 0.05405385
0.24843460 0.70401641 0.32644205 0.06102148
0.39177457 0.08320872 0.15742596 0.03391570
0.48162157 0.18729725 0.89824545 0.05532997
0.23855040 0.43950023 0.41578160 0.03457368
0.58176737 0.32782517 0.69497971 0.05275231
0.18620280 0.24958085 0.13845373 0.04727642
0.70417425 0.20228378 0.54344715 0.04856035
0.72256483 0.68659454 0.91918049 0.04382238
0.06834407 0.87745716 0.81133905 0.03906723
0.51393175 0.67276656 0.73418538 0.05619633
0.28578421 0.18836765 0.27014500 0.06256383
0.65128833 0.25918083 0.47167926 0.04163656
0.60999075 0.82719219 0.45464350 0.04046110
0.46426149 0.62974311 0.19425653 0.05830938
0.15604623 0.35512353 0.86339354 0.06609492
0.78751327 0.82179573 0.44639656 0.02883969
0.07223949 0.69010409 0.55677999 0.03398399
0.21631019 0.42083368 0.27593799 0.04072916
0.90863218 0.34549694 0.91488228 0.04396304
0.39482579 0.80100436 0.60069284 0.05267963
0.75535306 0.44152629 0.37575806 0.03807726
0.67463723 0.59568368 0.62493418 0.05250257
0.19209629 0.51245046 0.82966848 0.03495775
0.46740080 0.43765624 0.49762195 0.03549023
0.36150638 0.29069447 0.80283688 0.03463741
0.93559428 0.10371547 0.23359326 0.03096012
0.16299041 0.60618868 0.11188717 0.04456460
0.48996236 0.52129591 0.10882609 0.05872144
0.37434398 0.27215600 0.44437018 0.05298082
0.47396478 0.91320954 0.38312363 0.04303376
0.39512746 0.91991868 0.12538955 0.04964346
0.10081189 0.56059358 0.22797531 0.04813484
0.90514130 0.81582664 0.45942574 0.05247645
0.38509428 0.18521592 0.69962768 0.03422981
0.13305660 0.41127327 0.76144201 0.03395707
0.73474512 0.31616611 0.25181477 0.03578368
0.40977891 0.39413008 0.64186047 0.02913519
0.41815382 0.34951881 0.54869244 0.05326799
0.11824980 0.47690511 0.36598824 0.03000969
0.87150143 0.75734370 0.32196501 0.06171679
0.67227619 0.65138733 0.43821139 0.02991028
0.35595803 0.10759878 0.59213568 0.03584982
0.08508665 0.81942237 0.63374036 0.04575424
0.43053871 0.82258567 0.12905086 0.03090705
0.17994436 0.73324067 0.79182020 0.04647825
0.13075431 0.19401991 0.78358491 0.05945553
0.52638832 0.28770693 0.32716807 0.05199714
0.80313158 0.58981607 0.90746020 0.03465021
0.72202261 0.89754618 0.53075911 0.03074873
0.08458096 0.93178930 0.57119746 0.04002714
0.30051238 0.33531677 0.39144803 0.05083912
0.57377024 0.67088212 0.12651004 0.03778902
0.14858138 0.27393710 0.46723438 0.04716218
0.79741009 0.43804281 0.81575893 0.04105489
0.65852045 0.84567748 0.13260437 0.04103409
0.24551968 0.78790633 0.63756099 0.06188634
0.19852668 0.61706217 0.80075005 0.04158489
0.43808214 0.35696275 0.93102442 0.03601765
0.92468577 0.51620841 0.21751999 0.04294899
0.92185885 0.86947404 0.19857777 0.04422895
0.49386738 0.28846597 0.83162115 0.04320559
0.32556633 0.68750566 0.23361683 0.04306401
0.57967108 0.43792383 0.39721568 0.03814777
0.80197277 0.92331079 0.86291785 0.03552935
0.66266978 0.41735581 0.18673293 0.04346759
0.40183086 0.53355832 0.35795312 0.03248824
0.65709513 0.55157402 0.38096861 0.05428233
0.07892501 0.31035254 0.52964923 0.04819470
0.86283507 0.14236085 0.31230038 0.05318416
0.22125424 0.52375430 0.42666531 0.03188193
0.85921294 0.23288429 0.79856867 0.05892507
0.89190495 0.48008925 0.30843320 0.04202863
0.23392743 0.66785509 0.56485034 0.03478210
0.80923764 0.91216749 0.08272392 0.04811554
0.25923042 0.10550769 0.07292982 0.03810798
0.18117839 0.87991651 0.76496767 0.03940767
0.30404744 0.54471908 0.22636312 0.03927469
0.40537276 0.27353900 0.66250056 0.03825312
0.17960906 0.88600635 0.84465965 0.03070308
0.61103913 0.20757826 0.08508340 0.04628588
0.23582453 0.14199958 0.82143670 0.03960792
0.29800518 0.71910691 0.86301006 0.06188912
0.34690346 0.59318438 0.63081599 0.04034133
0.50745152 0.75640484 0.66903770 0.03487399
0.61488801 0.68394858 0.71156961 0.03762362
0.74538514 0.09388714 0.27212533 0.03330437
0.89841790 0.33239504 0.76554472 0.03015116
0.87861279 0.60381099 0.92305803 0.03829993
0.34910339 0.28168590 0.25537514 0.03835029
0.50198613 0.15434712 0.72969784 0.05888711
0.09404000 0.10070271 0.19025468 0.03115187
0.89198932 0.16498159 0.62701025 0.04352332
0.84059367 0.73015841 0.43262046 0.04886810
0.38472872 0.57246221 0.52884038 0.04604838
0.63582437 0.90146920 0.06709664 0.03804572
0.63400991 0.76653190 0.76161328 0.04841905
0.18675408 0.87557670 0.09491443 0.02992819
0.69087271 0.42707517 0.65569064 0.05135447
0.24641120 0.15929707 0.73812462 0.02905361
0.94121972 0.40227923 0.85870503 0.03158623
0.51082278 0.56321445 0.44893873 0.04606201
0.31700887 0.17887745 0.64306551 0.04872290
0.65704998 0.11168790 0.18326076 0.04063331
0.63679894 0.21382869 0.35998218 0.03344920
0.26352333 0.91228836 0.50811691 0.03018384
0.13741884 0.81745001 0.45457982 0.03816083
0.75361741 0.51440963 0.27451983 0.05284974
0.33484390 0.10355421 0.83986975 0.05236255
0.21003737 0.34262187 0.27712249 0.03125559
0.18687211 0.81224630 0.14872708 0.03000996
0.09155828 0.65416269 0.26546748 0.03699851
0.43331016 0.29911918 0.32471055 0.03371383
0.51492650 0.23992309 0.47409782 0.05405199
0.27945514 0.85697366 0.73578696 0.05438224
0.33078234 0.83071306 0.17557448 0.04018050
0.24333941 0.48451761 0.75333326 0.05636791
0.45769708 0.84828964 0.82353376 0.03914732
0.43935466 0.08110955 0.24149889 0.05063271
0.11634753 0.39308171 0.67192032 0.03553165
0.23124964 0.45931415 0.60704324 0.03240710
0.17485451 0.60382895 0.40615551 0.05700472
0.73364194 0.40903991 0.91592459 0.04888984
0.48196940 0.71238524 0.56188970 0.04807816
0.71789527 0.86001137 0.44972292 0.04523674
0.13093649 0.40710834 0.47213815 0.04856269
0.65075266 0.82997221 0.54185794 0.02868514
0.32115145 0.42552694 0.25383877 0.04250592
0.07697167 0.29890055 0.75751308 0.04010191
0.73099388 0.31580456 0.89632033 0.04058813
0.43590000 0.16499128 0.29991558 0.03803654
0.93165799 0.59929302 0.39174308 0.02930103
0.40201064 0.45780050 0.88338098 0.02950808
0.08346611 0.31081319 0.35452935 0.02907339
0.76521555 0.09938529 0.37774435 0.04226421
0.68755528 0.13604562 0.82349322 0.03235399
0.75608618 0.74654940 0.20347711 0.04350951
0.36765915 0.66185034 0.12438010 0.04927401
0.36842777 0.31204295 0.13978932 0.03903721
0.78306694 0.77078786 0.09644542 0.06045450
0.93527812 0.16883063 0.49137021 0.03864753
0.24436887 0.83278375 0.40359581 0.06087428
0.09133729 0.30306462 0.22055888 0.03666911
0.82297724 0.69506269 0.89184643 0.04270701
0.26121183 0.68955784 0.71711240 0.03529871
0.78206866 0.50293914 0.10250521 0.02984375
0.07989696 0.68184104 0.92332794 0.03241988
0.71983145 0.64569348 0.74538859 0.05833628
0.07378268 0.56559122 0.33291142 0.03935975
0.91462189 0.20525196 0.69991539 0.03425753
0.88401323 0.84459381 0.58497869 0.02919778
0.21172012 0.56796026 0.28069938 0.03265597
0.78552837 0.39508864 0.61537769 0.03621016
0.42407783 0.25655405 0.05667462 0.02993556
0.52876887 0.89896833 0.72311112 0.04329107
0.49778609 0.49115709 0.92996965 0.04018837
0.10310958 0.90981439 0.34787859 0.05466510
0.77453350 0.92105890 0.71138556 0.02940834
0.42998572 0.62674470 0.59121916 0.04003196
0.40222776 0.17596410 0.52908008 0.04449508
0.72255827 0.65273821 0.12610574 0.03734846
0.72843534 0.27831111 0.11778473 0.06609206
0.12845313 0.52227730 0.62996490 0.04157946
0.48406669 0.56543197 0.27337951 0.04043140
0.41088340 0.50558225 0.24215434 0.04971489
0.63244485 0.77518799 0.86953262 0.03658484
0.37094286 0.53218371 0.07969598 0.04776335
0.08647819 0.46681633 0.90585278 0.03364347
0.69375966 0.74057371 0.63099424 0.05062417
0.06515110 0.26960055 0.65118841 0.03850339
0.49024305 0.12350342 0.14908693 0.05543100
0.21975865 0.17637935 0.66195366 0.03313968
0.59149008 0.23899764 0.77800692 0.03663237
0.61730610 0.65708025 0.79982079 0.03979517
0.13582363 0.76936993 0.89639858 0.06403174
0.63748518 0.89799825 0.72617843 0.03181613
0.07683950 0.35429449 0.93494800 0.03294189
0.24825215 0.91420830 0.12539438 0.04247055
0.83704090 0.57814190 0.46226821 0.02995872
0.44735154 0.05900192 0.60052968 0.02901416
0.12899862 0.38178050 0.31162038 0.03653576
0.69445165 0.56430657 0.13513640 0.03266475
0.33526015 0.26114570 0.87536163 0.02989611
0.18354207 0.25599240 0.24254809 0.03696131
0.09710470 0.58196620 0.55475272 0.04454465
0.60130959 0.25805039 0.24551638 0.03011577
0.81888089 0.09341224 0.77309726 0.06252211
0.19462339 0.73975353 0.45070238 0.03148472
0.38743137 0.57368687 0.17614302 0.03148365
0.11100670 0.75652466 0.12630310 0.03555022
0.92247598 0.55186054 0.55272828 0.04921148
0.44422429 0.85896442 0.52285320 0.03061187
0.22125434 0.86062389 0.23264430 0.04325740
0.87125286 0.32665653 0.45043308 0.05944482
0.83325825 0.36193757 0.85795812 0.03253019
0.54222954 0.68617529 0.83206221 0.03784360
0.08734873 0.45572578 0.24161425 0.04409983
0.76278016 0.75853858 0.76185046 0.03634745
0.51150615 0.05834196 0.68418980 0.03168445
0.86901989 0.56827110 0.11334070 0.04511071
0.36949695 0.92954875 0.59053410 0.03985956
0.92074153 0.49628727 0.40154288 0.04901027
0.72158627 0.10767851 0.90448085 0.05429271
0.60089474 0.18986448 0.51839369 0.03197026
0.60656202 0.57202553 0.54045693 0.03059275
0.80547907 0.07818893 0.20028019 0.03809041
0.79486961 0.37732033 0.09491111 0.03654216
0.16008510 0.21616178 0.90979935 0.05405704
0.28291584 0.06567346 0.66775463 0.03916499
0.66397950 0.53083291 0.22826856 0.03414611
0.59884680 0.10395699 0.24587937 0.03062623
0.46989244 0.92087600 0.89538650 0.04615148
0.91282223 0.87816515 0.72368441 0.04853396
0.62223944 0.46602159 0.54908735 0.05040683
0.16587446 0.91104040 0.65992329 0.05755968
0.08639326 0.24935947 0.10383452 0.03261334
0.88450278 0.47061398 0.08777977 0.03724880
0.71448404 0.89349025 0.17520797 0.03593023
0.89093712 0.45870569 0.81980965 0.03800407
0.37397152 0.08184276 0.51590025 0.02883040
0.11422699 0.80987767 0.76195988 0.03062243
0.37169065 0.67290139 0.49979958 0.04953948
0.93218913 0.08767446 0.40573907 0.03509340
0.18133374 0.53601857 0.91985061 0.03841894
0.21816419 0.49758271 0.07708410 0.03357821
0.57936441 0.77138657 0.93731006 0.02889993
0.89785983 0.90691963 0.34989848 0.03688051
0.16975781 0.73298672 0.08002051 0.03725569
0.39793209 0.72634434 0.35255890 0.04026462
0.68600162 0.11491760 0.08012797 0.04329041
0.16149780 0.45037280 0.70451390 0.02925668
0.76877145 0.51690924 0.87914776 0.04267631
0.07741596 0.81743095 0.18413656 0.03216915
0.72130789 0.40537550 0.30362062 0.02928908
0.27683230 0.93700027 0.43033321 0.03460105
0.61339726 0.50357630 0.70002929 0.03054192
0.91189315 0.45507411 0.70221807 0.03435013
0.51582869 0.33728836 0.60115769 0.03723947
0.24718049 0.36365184 0.63164575 0.02998137
0.65556980 0.69679967 0.85830831 0.03047717
0.62344994 0.50009205 0.77017870 0.03030036
0.13022132 0.42260962 0.58506089 0.03678779
0.13288887 0.83580782 0.27303919 0.03447694
0.15663812 0.67319394 0.29843647 0.03301897
0.50093169 0.25405811 0.15370541 0.03842669
0.13603940 0.07717922 0.32926457 0.02866871
0.71424206 0.77112790 0.52046270 0.03236356
0.61270190 0.37910580 0.45337423 0.03780255
0.78653891 0.22916272 0.93730081 0.03294494
0.27782849 0.57929648 0.83806952 0.03195049
0.29057354 0.61748220 0.14925333 0.03439182
0.64038956 0.61701957 0.49717049 0.03210285
0.42765921 0.74407203 0.06630621 0.03231408
0.22161395 0.62101371 0.90732605 0.04637736
0.25070737 0.82250695 0.85719990 0.03276041
0.57077770 0.54403909 0.61212303 0.04596575
0.72407505 0.32259610 0.49878639 0.04774749
0.86377768 0.40679790 0.34611423 0.03385542
0.32340883 0.32735717 0.63162766 0.04393452
0.54003148 0.75152942 0.86915511 0.02893640
0.42563730 0.84342458 0.73197066 0.03170621
0.30293878 0.93177205 0.79342544 0.03453358
0.93710643 0.53734026 0.06998168 0.03587549
0.06622006 0.92485667 0.10145699 0.03361123
0.61939547 0.86817765 0.91559181 0.04161951
0.72371754 0.42295767 0.76808493 0.03336210
0.55614520 0.82537102 0.76866261 0.03743919
0.11665949 0.59450839 0.70231215 0.03357328
0.67090609 0.18574001 0.25734109 0.05702486
0.52321512 0.63712117 0.62265990 0.04919009
0.55666091 0.09894658 0.91891979 0.03693631
0.81368490 0.88262529 0.63109240 0.03323859
0.56096608 0.52599366 0.88657953 0.03438769
0.31440564 0.07230265 0.30110364 0.04151530
0.55678753 0.55839316 0.33254391 0.03210860
0.69463908 0.08890467 0.55502759 0.03932629
0.19307623 0.64843920 0.22073746 0.04347138
0.37587687 0.45084306 0.71818797 0.03658146
0.25005171 0.07350968 0.73389328 0.02981613
0.62152104 0.84399760 0.36137155 0.03623726
0.26546466 0.22690720 0.49640911 0.06222208
0.90903235 0.64495300 0.68937617 0.05670343
0.40886152 0.27977645 0.93308224 0.03952976
0.34129597 0.17690253 0.08898655 0.03222077
0.92390753 0.55758743 0.30901166 0.03032295
0.67811010 0.26976089 0.37493826 0.02867102
0.47072699 0.48982771 0.43214924 0.02955914
0.09228328 0.70373926 0.43337109 0.05353113
0.53180998 0.44615271 0.83237878 0.03073632
0.60732358 0.08571892 0.07493781 0.03037297
0.93101955 0.35763114 0.32578485 0.03472909
0.69221036 0.58067293 0.84553897 0.03616332
0.11828544 0.60656113 0.88761827 0.03749438
0.70362607 0.71957736 0.46058554 0.03547661
0.27222434 0.88907436 0.64516071 0.03520515
0.86273097 0.90790331 0.82748905 0.03167617
0.07870900 0.68557036 0.08419731 0.03080916
0.39602930 0.17939602 0.86928956 0.02880757
0.91701356 0.36385580 0.22086459 0.02855207
0.86752526 0.79166941 0.66655085 0.03891584
0.44392124 0.50786230 0.59852056 0.04063915
0.58059308 0.75899768 0.27457209 0.03142846
0.17902159 0.36405557 0.38824118 0.03936171
0.37925498 0.08680987 0.71826306 0.04379140
0.22183756 0.13433214 0.59533152 0.03121977
0.86851232 0.85586172 0.90838408 0.04676200
0.18568486 0.10561839 0.27505106 0.03414623
0.46444222 0.61612337 0.06845407 0.04235452
0.69735771 0.34017083 0.60533261 0.03984626
0.73372741 0.76802998 0.32380270 0.03002564
0.70075126 0.94284417 0.58711456 0.03090023
0.27607323 0.64404165 0.78469891 0.03452558
0.46041745 0.89059124 0.21888580 0.04059863
0.06426579 0.79390386 0.52774083 0.02948930
0.28308627 0.59794086 0.55818457 0.04024262
0.73161032 0.61902660 0.39579243 0.03151713
0.27418338 0.40152069 0.13025225 0.03680034
0.90486081 0.66833531 0.79606634 0.03968095
0.51471254 0.09134927 0.06087687 0.03057921
0.57910932 0.14972326 0.33279072 0.03823845
0.58732523 0.63740142 0.91254156 0.04401491
0.78812072 0.63404946 0.10042029 0.02869184
0.07652739 0.44882164 0.71143083 0.03431344
0.70421809 0.46533820 0.11716348 0.03339350
0.37822003 0.07630979 0.35474056 0.03666126
0.72441285 0.20077649 0.78333568 0.04160074
0.63700187 0.89112360 0.29251564 0.03004218
0.57593105 0.49507357 0.20921566 0.03722706
0.57668220 0.33462819 0.07812397 0.03317811
0.71269032 0.93534349 0.08847281 0.03453135
0.23150075 0.73451210 0.94248825 0.02974023
0.47133176 0.37910731 0.84662733 0.03552276
0.06499467 0.12090945 0.11860903 0.03409906
0.89668614 0.65388920 0.38460897 0.02904411
0.16580771 0.80789320 0.70149426 0.03166572
0.70564359 0.65379837 0.52430903 0.04247942
0.61078584 0.37095760 0.83271681 0.03356632
0.09700805 0.37735652 0.16957089 0.04051266
0.52901518 0.49587300 0.54477404 0.03619657
0.88589044 0.20958070 0.41337728 0.04380008
0.80582864 0.89258883 0.47976232 0.03727249
0.27670477 0.37968696 0.74195231 0.04390710
0.53116547 0.87522576 0.49852791 0.03207890
0.92451170 0.20992593 0.93061539 0.04224389
0.51590474 0.41423163 0.74101279 0.03302914
0.67111365 0.75986691 0.10199318 0.04223939
0.06215747 0.71643047 0.34832312 0.02907377
0.47897884 0.37056853 0.40036079 0.03132557
0.08355234 0.42025457 0.09056017 0.03096969
0.28179612 0.94306248 0.86680653 0.02925035
0.62256173 0.54624913 0.14658808 0.03328076
0.40381057 0.84164533 0.45059729 0.02985493
0.36946834 0.45251611 0.47381481 0.03818300
0.80278454 0.28646691 0.55278737 0.03976701
0.16420091 0.44643065 0.21058789 0.03395214
0.65466383 0.28683302 0.84266721 0.03936541
0.14822641 0.13209200 0.57048827 0.04017012
0.49140003 0.47715443 0.28849686 0.03428460
0.20038515 0.53284674 0.56628530 0.05005693
0.90613232 0.62301476 0.51026842 0.03019565
0.58904734 0.45541052 0.10091313 0.05559037
0.09476981 0.19460573 0.58579306 0.03616962
0.14267768 0.65523241 0.62341887 0.03444615
0.26486212 0.30258806 0.10455038 0.04562115
0.22980279 0.07327517 0.37050505 0.03121560
0.45621949 0.19132698 0.22352187 0.03708803
0.39024602 0.92598457 0.75838157 0.03168746
0.15363885 0.65838939 0.51419497 0.04121200
0.88986350 0.76093970 0.92457642 0.04257575
0.65343062 0.36310035 0.29023815 0.03350983
0.90614543 0.06075776 0.63743677 0.03292014
0.21388528 0.10269449 0.93353893 0.03430747
0.93849216 0.94352395 0.42810789 0.02951269
0.91913444 0.06945508 0.78594952 0.03267842
0.73056296 0.72695951 0.83969942 0.03060728
0.56319607 0.34247133 0.39763696 0.03472771
0.29928642 0.11559124 0.18835682 0.04136595
0.87467576 0.40638526 0.14228091 0.03606478
0.19296348 0.73058548 0.20706521 0.02927555
0.38151953 0.61305252 0.76371182 0.03036284
0.22077377 0.27629979 0.33960247 0.03527779
0.31258832 0.52089560 0.43973006 0.04696676
0.57627561 0.07678451 0.81894531 0.03770331
0.06298636 0.06547427 0.66719747 0.03463273
0.46235815 0.61524929 0.90090397 0.03307276
0.46422672 0.11853978 0.48050059 0.04727847
0.66992916 0.41651000 0.36533844 0.04619399
0.13304509 0.07471983 0.74913144 0.04424505
0.14537068 0.07552295 0.43231880 0.04068683
0.07607546 0.18161738 0.17659594 0.03897850
0.91397100 0.36326084 0.06211617 0.03452374
0.34236700 0.18746464 0.92608071 0.03253977
0.64227486 0.60054473 0.06796006 0.02899543
0.40758172 0.34022737 0.86743265 0.03031147
0.09472763 0.58087563 0.47101188 0.03182863
0.08592050 0.68708036 0.81008575 0.05366717
0.31455086 0.68234558 0.59025495 0.03627134
0.06190961 0.40680086 0.52921385 0.03571006
0.90559560 0.92629653 0.57602438 0.04269351
0.10078026 0.67247500 0.16475047 0.04540223
0.81116721 0.51738847 0.42337533 0.02978401
0.78903479 0.05848189 0.07017757 0.03127438
0.33580546 0.40444040 0.80622676 0.02944291
0.12233111 0.91044416 0.91585206 0.03057919
0.56860299 0.57325673 0.21549346 0.03156865
0.41119326 0.40566545 0.23010949 0.02926250
0.49034727 0.23624721 0.07758692 0.03137073
0.58333995 0.81114376 0.05972696 0.02946501
0.34621092 0.76476383 0.10260938 0.03148920
0.64130860 0.63755303 0.13015600 0.03104059
0.66995807 0.68348231 0.05878256 0.03225496
0.91659098 0.90576519 0.07867022 0.05137846
0.33136260 0.35315155 0.28492400 0.03032893
0.48276026 0.76984859 0.81577131 0.03191820
0.46971371 0.26433284 0.23238737 0.03037600
0.78860562 0.46353980 0.72817567 0.02980166
0.25189525 0.79480271 0.51639502 0.03237212
0.73841508 0.33690129 0.33168957 0.03345776
0.63515193 0.92973810 0.39542450 0.03616263
0.19664298 0.53726176 0.20419594 0.04135133
0.80408839 0.93696730 0.55731443 0.03331551
0.89964552 0.53812392 0.64226070 0.03462441
0.06153082 0.85203838 0.09021367 0.03037064
0.68441491 0.45046005 0.26361479 0.03073063
0.68366440 0.53810303 0.46749543 0.03062657
0.36578061 0.65108764 0.30886401 0.02917331
0.46042764 0.77810119 0.32727733 0.03566449
0.73151979 0.84250774 0.68466885 0.04500617
0.49469426 0.55106879 0.65104408 0.03166666
0.38915437 0.93500295 0.85814501 0.03306854
0.80342195 0.27622217 0.70462827 0.03490320
0.77752510 0.18060750 0.21212729 0.02979317
0.74972628 0.24641852 0.42311409 0.04708043
0.25724313 0.65382609 0.05632902 0.02975479
0.40465508 0.17982887 0.13623842 0.03152938
0.32223138 0.93068675 0.67496815 0.02995813
0.25434729 0.83248106 0.06662266 0.03188299
0.85279613 0.24567135 0.50861889 0.03359213
0.55348753 0.90781405 0.31663013 0.04626213
0.92175421 0.12146420 0.15866757 0.04143466
0.22318708 0.81156840 0.30646606 0.03377963
0.83142019 0.27353832 0.20644995 0.03177084
0.61083625 0.36424061 0.14935470 0.03103041
0.59297999 0.67393061 0.53664946 0.03368273
0.75883247 0.09179394 0.61385738 0.03254856
0.90242119 0.71027589 0.05506964 0.02906574
0.24849515 0.93294905 0.58481747 0.02898560
0.80687385 0.17810673 0.69803627 0.04610913
0.94169731 0.87434835 0.83033979 0.03019182
0.28403428 0.07549536 0.46729285 0.02952612
0.10351484 0.19087674 0.67223751 0.04604499
0.92101102 0.42133597 0.54820295 0.02987839
0.79076729 0.37560045 0.69997948 0.03749849
0.70025375 0.16449604 0.38168147 0.04480950
0.64765337 0.91808412 0.63539198 0.03411693
0.12692221 0.74208221 0.53962146 0.03394269
0.55652364 0.81542176 0.89511148 0.03118344
0.53430644 0.24625991 0.67725723 0.02869844
0.64759374 0.75608330 0.19435586 0.03457931
0.28204144 0.28971507 0.82787148 0.04215028
0.62861067 0.42241809 0.93995833 0.03075050
0.74917651 0.06904572 0.46224506 0.04032261
0.48646107 0.07246482 0.84284978 0.04196692
0.68892398 0.23998697 0.64620486 0.03281487
0.58063920 0.36563517 0.21408472 0.02929611
0.25901134 0.47103180 0.92966025 0.03257320
0.36746696 0.43639982 0.07714925 0.03908202
0.83297851 0.85381960 0.17448403 0.04196499
0.36176675 0.25426380 0.57601039 0.03342990
0.92072213 0.24234203 0.61561505 0.03115176
0.87227174 0.26163879 0.57280290 0.03054319
0.79258002 0.42475213 0.27658383 0.03709514
0.06337226 0.41254240 0.78273771 0.03202932
0.34059214 0.33518477 0.89488713 0.03279497
0.37986513 0.35187560 0.32747438 0.02933459
0.40814141 0.43486820 0.80060044 0.02889981
0.92648424 0.14065077 0.84327772 0.02889700
0.91905917 0.77886199 0.15859876 0.04340032
0.42710070 0.21748906 0.79486307 0.04716244
0.09375998 0.19138147 0.06355086 0.03241771
0.12703859 0.50954776 0.30706168 0.03197793
0.58262665 0.71596562 0.45043339 0.03592999
0.11018522 0.50397081 0.16374519 0.02983504
0.06720068 0.07772526 0.36192448 0.03839048
0.86318778 0.74881070 0.59824917 0.03091474
0.22881785 0.30573456 0.43958706 0.02903944
0.27991851 0.13166982 0.55486416 0.03451442
0.80761775 0.29668867 0.93959027 0.02887072
0.42422677 0.68437984 0.27978391 0.03153339
0.24032864 0.86733608 0.92646284 0.03594422
0.46862999 0.20106649 0.38058801 0.04070532
0.31638480 0.84880316 0.48293214 0.03300697
0.25330175 0.31735630 0.92204748 0.04091059
0.38928330 0.70334771 0.82759197 0.03148773
0.19804444 0.93346323 0.49999534 0.03321470
0.35269084 0.07376432 0.09193260 0.03389967
0.92874824 0.77446617 0.55290838 0.04330643
0.61241909 0.92421330 0.14328300 0.03301939
0.49105066 0.41790992 0.58054391 0.03543385
0.37699565 0.81244817 0.94428921 0.02891404
0.06765934 0.48139040 0.52282723 0.02920577
0.93064869 0.72499429 0.62726821 0.04092103
0.85345704 0.64242094 0.07143696 0.03557399
0.54751867 0.46648588 0.47804008 0.03298024
0.60949965 0.21228034 0.60190297 0.04299522
0.44120361 0.53140743 0.82094790 0.03008437
0.46736202 0.22818720 0.68182671 0.02890592
0.90466953 0.08103125 0.09136398 0.03287167
0.16719472 0.09849228 0.84744181 0.03516512
0.52398154 0.35046760 0.50575177 0.03794579
0.36023121 0.46929328 0.37276907 0.03634409
0.35086713 0.63456560 0.85682697 0.03103830
0.56732837 0.90959761 0.88028699 0.02863713
0.06718477 0.92255555 0.71229527 0.03200061
0.55474575 0.69731285 0.21589105 0.02928259
0.16304783 0.31915555 0.54734287 0.02947320
0.64438401 0.57919737 0.74682389 0.02915075
0.84706524 0.52654772 0.36011203 0.02912941
0.07553634 0.20840607 0.28783287 0.04366881
0.26715031 0.06812027 0.58676493 0.03079643
0.46960280 0.67096158 0.47519184 0.02940762
0.80860103 0.65982967 0.79885411 0.03932780
0.80216990 0.16545457 0.89391348 0.03306636
0.46345190 0.60457332 0.80574778 0.02862837
0.58748801 0.06527522 0.32005366 0.03099945
0.72628530 0.40428049 0.56418927 0.03686402
0.81426828 0.85195709 0.76250257 0.02893520
0.27235682 0.75779150 0.05880708 0.03067111
0.31938340 0.55966232 0.31487329 0.03106273
0.42288414 0.10803659 0.80361353 0.02955062
0.49769180 0.40579240 0.20446641 0.02932189
0.29304800 0.23769191 0.94238905 0.02927586
0.66276056 0.36369012 0.06933713 0.02992453
0.34852768 0.34830830 0.70972316 0.03057592
0.80729920 0.35794474 0.36246933 0.03455690
0.36134345 0.24041754 0.34555353 0.04181969
0.38495316 0.57684767 0.91838496 0.03500677
0.12831146 0.85826782 0.57561059 0.02902111
0.82888033 0.93587190 0.16488443 0.03201032
0.56782331 0.58789075 0.08256852 0.03895903
0.64991672 0.31797545 0.23133092 0.02904026
0.39768612 0.91664409 0.44897874 0.03405658
0.74758326 0.27714070 0.82389977 0.03760028
0.69144953 0.93614086 0.82256280 0.03486576
0.77855029 0.26945890 0.30715424 0.02961662
0.22800414 0.56152852 0.05781495 0.02889445
0.65284339 0.52991753 0.91472637 0.02851160
0.39032589 0.18464063 0.41283020 0.03626603
0.18890845 0.14316022 0.38366342 0.03059559
0.54525436 0.07312327 0.75048343 0.02869145
0.84369355 0.47217484 0.16525416 0.03010210
0.06213126 0.86060695 0.46994251 0.02878355
0.37733099 0.50488778 0.16248999 0.03111502
0.13270116 0.33687089 0.71741155 0.02853066
0.75204643 0.60262140 0.45877325 0.03119456
0.40489553 0.78547720 0.80008233 0.03886816
0.28503287 0.77418498 0.24447698 0.04445231
0.06763505 0.33599374 0.08874157 0.03002739
0.62902619 0.13064868 0.52187818 0.02880200
0.14542551 0.31734490 0.63454318 0.03962456
0.69357822 0.84866256 0.32784090 0.03130642
0.61561572 0.33560104 0.34921319 0.03033211
0.90063760 0.24488292 0.06436112 0.03810507
0.71742631 0.82672277 0.57797850 0.03440336
0.83255666 0.37120282 0.77314381 0.03939236
0.91400427 0.40447893 0.76182045 0.03748047
0.20634615 0.49925137 0.32539436 0.04330756
0.44851368 0.83232909 0.90063203 0.03121591
0.63635321 0.30107598 0.94034588 0.03195823
0.08673373 0.05792782 0.58281649 0.03034210
0.73254983 0.54532845 0.94481953 0.02902001
0.44604215 0.16468938 0.06946493 0.03166765
0.16200544 0.47523639 0.88371678 0.02869026
0.88491116 0.93863856 0.93852576 0.02989270
0.20396074 0.93200458 0.93389294 0.03329604
0.75538401 0.93392225 0.78244523 0.03133525
0.70102149 0.93606092 0.28099863 0.03255846
0.73269513 0.23256432 0.88329972 0.03145514
0.38260332 0.61910550 0.37975992 0.04145911
0.22212398 0.92271047 0.36974196 0.02942178
0.41330671 0.29022253 0.75033612 0.02960101
0.30562258 0.22951010 0.11252002 0.02908316
0.31133614 0.91295284 0.07699058 0.02868001
0.85680796 0.26032253 0.90488106 0.03593600
0.63700565 0.94335425 0.90348768 0.03062150
0.85324855 0.92998295 0.26638215 0.03672511
0.32046522 0.68477314 0.38902997 0.02886719
0.52125230 0.16256819 0.53452598 0.02982736
0.52227363 0.06443633 0.28840761 0.03121352
0.32390816 0.91134498 0.92973913 0.04094986
0.38075502 0.38710953 0.15403744 0.03154407
0.93074305 0.66406171 0.32315335 0.03252505
0.15852831 0.48395597 0.42969692 0.03646710
0.25639358 0.18076827 0.14577093 0.03264091
0.27139647 0.17668382 0.88964131 0.03107314
0.75004736 0.92623800 0.92764452 0.03897288
