0.08160441 0.08160441 0.08160441 0.04648840
0.18620330 0.08160441 0.08160441 0.04648840
0.29080220 0.08160441 0.08160441 0.04648840
0.39540110 0.08160441 0.08160441 0.04648840
0.50000000 0.08160441 0.08160441 0.04648840
0.60459890 0.08160441 0.08160441 0.04648840
0.70919780 0.08160441 0.08160441 0.04648840
0.81379670 0.08160441 0.08160441 0.04648840
0.91839559 0.08160441 0.08160441 0.04648840
0.08160441 0.18620330 0.08160441 0.04648840
0.18620330 0.18620330 0.08160441 0.04648840
0.29080220 0.18620330 0.08160441 0.04648840
0.39540110 0.18620330 0.08160441 0.04648840
0.50000000 0.18620330 0.08160441 0.04648840
0.60459890 0.18620330 0.08160441 0.04648840
0.70919780 0.18620330 0.08160441 0.04648840
0.81379670 0.18620330 0.08160441 0.04648840
0.91839559 0.18620330 0.08160441 0.04648840
0.08160441 0.29080220 0.08160441 0.04648840
0.18620330 0.29080220 0.08160441 0.04648840
0.29080220 0.29080220 0.08160441 0.04648840
0.39540110 0.29080220 0.08160441 0.04648840
0.50000000 0.29080220 0.08160441 0.04648840
0.60459890 0.29080220 0.08160441 0.04648840
0.70919780 0.29080220 0.08160441 0.04648840
0.81379670 0.29080220 0.08160441 0.04648840
0.91839559 0.29080220 0.08160441 0.04648840
0.08160441 0.39540110 0.08160441 0.04648840
0.18620330 0.39540110 0.08160441 0.04648840
0.29080220 0.39540110 0.08160441 0.04648840
0.39540110 0.39540110 0.08160441 0.04648840
0.50000000 0.39540110 0.08160441 0.04648840
0.60459890 0.39540110 0.08160441 0.04648840
0.70919780 0.39540110 0.08160441 0.04648840
0.81379670 0.39540110 0.08160441 0.04648840
0.91839559 0.39540110 0.08160441 0.04648840
0.08160441 0.50000000 0.08160441 0.04648840
0.18620330 0.50000000 0.08160441 0.04648840
0.29080220 0.50000000 0.08160441 0.04648840
0.39540110 0.50000000 0.08160441 0.04648840
0.50000000 0.50000000 0.08160441 0.04648840
0.60459890 0.50000000 0.08160441 0.04648840
0.70919780 0.50000000 0.08160441 0.04648840
0.81379670 0.50000000 0.08160441 0.04648840
0.91839559 0.50000000 0.08160441 0.04648840
0.08160441 0.60459890 0.08160441 0.04648840
0.18620330 0.60459890 0.08160441 0.04648840
0.29080220 0.60459890 0.08160441 0.04648840
0.39540110 0.60459890 0.08160441 0.04648840
0.50000000 0.60459890 0.08160441 0.04648840
0.60459890 0.60459890 0.08160441 0.04648840
0.70919780 0.60459890 0.08160441 0.04648840
0.81379670 0.60459890 0.08160441 0.04648840
0.91839559 0.60459890 0.08160441 0.04648840
0.08160441 0.70919780 0.08160441 0.04648840
0.18620330 0.70919780 0.08160441 0.04648840
0.29080220 0.70919780 0.08160441 0.04648840
0.39540110 0.70919780 0.08160441 0.04648840
0.50000000 0.70919780 0.08160441 0.04648840
0.60459890 0.70919780 0.08160441 0.04648840
0.70919780 0.70919780 0.08160441 0.04648840
0.81379670 0.70919780 0.08160441 0.04648840
0.91839559 0.70919780 0.08160441 0.04648840
0.08160441 0.81379670 0.08160441 0.04648840
0.18620330 0.81379670 0.08160441 0.04648840
0.29080220 0.81379670 0.08160441 0.04648840
0.39540110 0.81379670 0.08160441 0.04648840
0.50000000 0.81379670 0.08160441 0.04648840
0.60459890 0.81379670 0.08160441 0.04648840
0.70919780 0.81379670 0.08160441 0.04648840
0.81379670 0.81379670 0.08160441 0.04648840
0.91839559 0.81379670 0.08160441 0.04648840
0.08160441 0.91839559 0.08160441 0.04648840
0.18620330 0.91839559 0.08160441 0.04648840
0.29080220 0.91839559 0.08160441 0.04648840
0.39540110 0.91839559 0.08160441 0.04648840
0.50000000 0.91839559 0.08160441 0.04648840
0.60459890 0.91839559 0.08160441 0.04648840
0.70919780 0.91839559 0.08160441 0.04648840
0.81379670 0.91839559 0.08160441 0.04648840
0.91839559 0.91839559 0.08160441 0.04648840
0.08160441 0.08160441 0.18620330 0.04648840
0.18620330 0.08160441 0.18620330 0.04648840
0.29080220 0.08160441 0.18620330 0.04648840
0.39540110 0.08160441 0.18620330 0.04648840
0.50000000 0.08160441 0.18620330 0.04648840
0.60459890 0.08160441 0.18620330 0.04648840
0.70919780 0.08160441 0.18620330 0.04648840
0.81379670 0.08160441 0.18620330 0.04648840
0.91839559 0.08160441 0.18620330 0.04648840
0.08160441 0.18620330 0.18620330 0.04648840
0.18620330 0.18620330 0.18620330 0.04648840
0.29080220 0.18620330 0.18620330 0.04648840
0.39540110 0.18620330 0.18620330 0.04648840
0.50000000 0.18620330 0.18620330 0.04648840
0.60459890 0.18620330 0.18620330 0.04648840
0.70919780 0.18620330 0.18620330 0.04648840
0.81379670 0.18620330 0.18620330 0.04648840
0.91839559 0.18620330 0.18620330 0.04648840
0.08160441 0.29080220 0.18620330 0.04648840
0.18620330 0.29080220 0.18620330 0.04648840
0.29080220 0.29080220 0.18620330 0.04648840
0.39540110 0.29080220 0.18620330 0.04648840
0.50000000 0.29080220 0.18620330 0.04648840
0.60459890 0.29080220 0.18620330 0.04648840
0.70919780 0.29080220 0.18620330 0.04648840
0.81379670 0.29080220 0.18620330 0.04648840
0.91839559 0.29080220 0.18620330 0.04648840
0.08160441 0.39540110 0.18620330 0.04648840
0.18620330 0.39540110 0.18620330 0.04648840
0.29080220 0.39540110 0.18620330 0.04648840
0.39540110 0.39540110 0.18620330 0.04648840
0.50000000 0.39540110 0.18620330 0.04648840
0.60459890 0.39540110 0.18620330 0.04648840
0.70919780 0.39540110 0.18620330 0.04648840
0.81379670 0.39540110 0.18620330 0.04648840
0.91839559 0.39540110 0.18620330 0.04648840
0.08160441 0.50000000 0.18620330 0.04648840
0.18620330 0.50000000 0.18620330 0.04648840
0.29080220 0.50000000 0.18620330 0.04648840
0.39540110 0.50000000 0.18620330 0.04648840
0.50000000 0.50000000 0.18620330 0.04648840
0.60459890 0.50000000 0.18620330 0.04648840
0.70919780 0.50000000 0.18620330 0.04648840
0.81379670 0.50000000 0.18620330 0.04648840
0.91839559 0.50000000 0.18620330 0.04648840
0.08160441 0.60459890 0.18620330 0.04648840
0.18620330 0.60459890 0.18620330 0.04648840
0.29080220 0.60459890 0.18620330 0.04648840
0.39540110 0.60459890 0.18620330 0.04648840
0.50000000 0.60459890 0.18620330 0.04648840
0.60459890 0.60459890 0.18620330 0.04648840
0.70919780 0.60459890 0.18620330 0.04648840
0.81379670 0.60459890 0.18620330 0.04648840
0.91839559 0.60459890 0.18620330 0.04648840
0.08160441 0.70919780 0.18620330 0.04648840
0.18620330 0.70919780 0.18620330 0.04648840
0.29080220 0.70919780 0.18620330 0.04648840
0.39540110 0.70919780 0.18620330 0.04648840
0.50000000 0.70919780 0.18620330 0.04648840
0.60459890 0.70919780 0.18620330 0.04648840
0.70919780 0.70919780 0.18620330 0.04648840
0.81379670 0.70919780 0.18620330 0.04648840
0.91839559 0.70919780 0.18620330 0.04648840
0.08160441 0.81379670 0.18620330 0.04648840
0.18620330 0.81379670 0.18620330 0.04648840
0.29080220 0.81379670 0.18620330 0.04648840
0.39540110 0.81379670 0.18620330 0.04648840
0.50000000 0.81379670 0.18620330 0.04648840
0.60459890 0.81379670 0.18620330 0.04648840
0.70919780 0.81379670 0.18620330 0.04648840
0.81379670 0.81379670 0.18620330 0.04648840
0.91839559 0.81379670 0.18620330 0.04648840
0.08160441 0.91839559 0.18620330 0.04648840
0.18620330 0.91839559 0.18620330 0.04648840
0.29080220 0.91839559 0.18620330 0.04648840
0.39540110 0.91839559 0.18620330 0.04648840
0.50000000 0.91839559 0.18620330 0.04648840
0.60459890 0.91839559 0.18620330 0.04648840
0.70919780 0.91839559 0.18620330 0.04648840
0.81379670 0.91839559 0.18620330 0.04648840
0.91839559 0.91839559 0.18620330 0.04648840
0.08160441 0.08160441 0.29080220 0.04648840
0.18620330 0.08160441 0.29080220 0.04648840
0.29080220 0.08160441 0.29080220 0.04648840
0.39540110 0.08160441 0.29080220 0.04648840
0.50000000 0.08160441 0.29080220 0.04648840
0.60459890 0.08160441 0.29080220 0.04648840
0.70919780 0.08160441 0.29080220 0.04648840
0.81379670 0.08160441 0.29080220 0.04648840
0.91839559 0.08160441 0.29080220 0.04648840
0.08160441 0.18620330 0.29080220 0.04648840
0.18620330 0.18620330 0.29080220 0.04648840
0.29080220 0.18620330 0.29080220 0.04648840
0.39540110 0.18620330 0.29080220 0.04648840
0.50000000 0.18620330 0.29080220 0.04648840
0.60459890 0.18620330 0.29080220 0.04648840
0.70919780 0.18620330 0.29080220 0.04648840
0.81379670 0.18620330 0.29080220 0.04648840
0.91839559 0.18620330 0.29080220 0.04648840
0.08160441 0.29080220 0.29080220 0.04648840
0.18620330 0.29080220 0.29080220 0.04648840
0.29080220 0.29080220 0.29080220 0.04648840
0.39540110 0.29080220 0.29080220 0.04648840
0.50000000 0.29080220 0.29080220 0.04648840
0.60459890 0.29080220 0.29080220 0.04648840
0.70919780 0.29080220 0.29080220 0.04648840
0.81379670 0.29080220 0.29080220 0.04648840
0.91839559 0.29080220 0.29080220 0.04648840
0.08160441 0.39540110 0.29080220 0.04648840
0.18620330 0.39540110 0.29080220 0.04648840
0.29080220 0.39540110 0.29080220 0.04648840
0.39540110 0.39540110 0.29080220 0.04648840
0.50000000 0.39540110 0.29080220 0.04648840
0.60459890 0.39540110 0.29080220 0.04648840
0.70919780 0.39540110 0.29080220 0.04648840
0.81379670 0.39540110 0.29080220 0.04648840
0.91839559 0.39540110 0.29080220 0.04648840
0.08160441 0.50000000 0.29080220 0.04648840
0.18620330 0.50000000 0.29080220 0.04648840
0.29080220 0.50000000 0.29080220 0.04648840
0.39540110 0.50000000 0.29080220 0.04648840
0.50000000 0.50000000 0.29080220 0.04648840
0.60459890 0.50000000 0.29080220 0.04648840
0.70919780 0.50000000 0.29080220 0.04648840
0.81379670 0.50000000 0.29080220 0.04648840
0.91839559 0.50000000 0.29080220 0.04648840
0.08160441 0.60459890 0.29080220 0.04648840
0.18620330 0.60459890 0.29080220 0.04648840
0.29080220 0.60459890 0.29080220 0.04648840
0.39540110 0.60459890 0.29080220 0.04648840
0.50000000 0.60459890 0.29080220 0.04648840
0.60459890 0.60459890 0.29080220 0.04648840
0.70919780 0.60459890 0.29080220 0.04648840
0.81379670 0.60459890 0.29080220 0.04648840
0.91839559 0.60459890 0.29080220 0.04648840
0.08160441 0.70919780 0.29080220 0.04648840
0.18620330 0.70919780 0.29080220 0.04648840
0.29080220 0.70919780 0.29080220 0.04648840
0.39540110 0.70919780 0.29080220 0.04648840
0.50000000 0.70919780 0.29080220 0.04648840
0.60459890 0.70919780 0.29080220 0.04648840
0.70919780 0.70919780 0.29080220 0.04648840
0.81379670 0.70919780 0.29080220 0.04648840
0.91839559 0.70919780 0.29080220 0.04648840
0.08160441 0.81379670 0.29080220 0.04648840
0.18620330 0.81379670 0.29080220 0.04648840
0.29080220 0.81379670 0.29080220 0.04648840
0.39540110 0.81379670 0.29080220 0.04648840
0.50000000 0.81379670 0.29080220 0.04648840
0.60459890 0.81379670 0.29080220 0.04648840
0.70919780 0.81379670 0.29080220 0.04648840
0.81379670 0.81379670 0.29080220 0.04648840
0.91839559 0.81379670 0.29080220 0.04648840
0.08160441 0.91839559 0.29080220 0.04648840
0.18620330 0.91839559 0.29080220 0.04648840
0.29080220 0.91839559 0.29080220 0.04648840
0.39540110 0.91839559 0.29080220 0.04648840
0.50000000 0.91839559 0.29080220 0.04648840
0.60459890 0.91839559 0.29080220 0.04648840
0.70919780 0.91839559 0.29080220 0.04648840
0.81379670 0.91839559 0.29080220 0.04648840
0.91839559 0.91839559 0.29080220 0.04648840
0.08160441 0.08160441 0.39540110 0.04648840
0.18620330 0.08160441 0.39540110 0.04648840
0.29080220 0.08160441 0.39540110 0.04648840
0.39540110 0.08160441 0.39540110 0.04648840
0.50000000 0.08160441 0.39540110 0.04648840
0.60459890 0.08160441 0.39540110 0.04648840
0.70919780 0.08160441 0.39540110 0.04648840
0.81379670 0.08160441 0.39540110 0.04648840
0.91839559 0.08160441 0.39540110 0.04648840
0.08160441 0.18620330 0.39540110 0.04648840
0.18620330 0.18620330 0.39540110 0.04648840
0.29080220 0.18620330 0.39540110 0.04648840
0.39540110 0.18620330 0.39540110 0.04648840
0.50000000 0.18620330 0.39540110 0.04648840
0.60459890 0.18620330 0.39540110 0.04648840
0.70919780 0.18620330 0.39540110 0.04648840
0.81379670 0.18620330 0.39540110 0.04648840
0.91839559 0.18620330 0.39540110 0.04648840
0.08160441 0.29080220 0.39540110 0.04648840
0.18620330 0.29080220 0.39540110 0.04648840
0.29080220 0.29080220 0.39540110 0.04648840
0.39540110 0.29080220 0.39540110 0.04648840
0.50000000 0.29080220 0.39540110 0.04648840
0.60459890 0.29080220 0.39540110 0.04648840
0.70919780 0.29080220 0.39540110 0.04648840
0.81379670 0.29080220 0.39540110 0.04648840
0.91839559 0.29080220 0.39540110 0.04648840
0.08160441 0.39540110 0.39540110 0.04648840
0.18620330 0.39540110 0.39540110 0.04648840
0.29080220 0.39540110 0.39540110 0.04648840
0.39540110 0.39540110 0.39540110 0.04648840
0.50000000 0.39540110 0.39540110 0.04648840
0.60459890 0.39540110 0.39540110 0.04648840
0.70919780 0.39540110 0.39540110 0.04648840
0.81379670 0.39540110 0.39540110 0.04648840
0.91839559 0.39540110 0.39540110 0.04648840
0.08160441 0.50000000 0.39540110 0.04648840
0.18620330 0.50000000 0.39540110 0.04648840
0.29080220 0.50000000 0.39540110 0.04648840
0.39540110 0.50000000 0.39540110 0.04648840
0.50000000 0.50000000 0.39540110 0.04648840
0.60459890 0.50000000 0.39540110 0.04648840
0.70919780 0.50000000 0.39540110 0.04648840
0.81379670 0.50000000 0.39540110 0.04648840
0.91839559 0.50000000 0.39540110 0.04648840
0.08160441 0.60459890 0.39540110 0.04648840
0.18620330 0.60459890 0.39540110 0.04648840
0.29080220 0.60459890 0.39540110 0.04648840
0.39540110 0.60459890 0.39540110 0.04648840
0.50000000 0.60459890 0.39540110 0.04648840
0.60459890 0.60459890 0.39540110 0.04648840
0.70919780 0.60459890 0.39540110 0.04648840
0.81379670 0.60459890 0.39540110 0.04648840
0.91839559 0.60459890 0.39540110 0.04648840
0.08160441 0.70919780 0.39540110 0.04648840
0.18620330 0.70919780 0.39540110 0.04648840
0.29080220 0.70919780 0.39540110 0.04648840
0.39540110 0.70919780 0.39540110 0.04648840
0.50000000 0.70919780 0.39540110 0.04648840
0.60459890 0.70919780 0.39540110 0.04648840
0.70919780 0.70919780 0.39540110 0.04648840
0.81379670 0.70919780 0.39540110 0.04648840
0.91839559 0.70919780 0.39540110 0.04648840
0.08160441 0.81379670 0.39540110 0.04648840
0.18620330 0.81379670 0.39540110 0.04648840
0.29080220 0.81379670 0.39540110 0.04648840
0.39540110 0.81379670 0.39540110 0.04648840
0.50000000 0.81379670 0.39540110 0.04648840
0.60459890 0.81379670 0.39540110 0.04648840
0.70919780 0.81379670 0.39540110 0.04648840
0.81379670 0.81379670 0.39540110 0.04648840
0.91839559 0.81379670 0.39540110 0.04648840
0.08160441 0.91839559 0.39540110 0.04648840
0.18620330 0.91839559 0.39540110 0.04648840
0.29080220 0.91839559 0.39540110 0.04648840
0.39540110 0.91839559 0.39540110 0.04648840
0.50000000 0.91839559 0.39540110 0.04648840
0.60459890 0.91839559 0.39540110 0.04648840
0.70919780 0.91839559 0.39540110 0.04648840
0.81379670 0.91839559 0.39540110 0.04648840
0.91839559 0.91839559 0.39540110 0.04648840
0.08160441 0.08160441 0.50000000 0.04648840
0.18620330 0.08160441 0.50000000 0.04648840
0.29080220 0.08160441 0.50000000 0.04648840
0.39540110 0.08160441 0.50000000 0.04648840
0.50000000 0.08160441 0.50000000 0.04648840
0.60459890 0.08160441 0.50000000 0.04648840
0.70919780 0.08160441 0.50000000 0.04648840
0.81379670 0.08160441 0.50000000 0.04648840
0.91839559 0.08160441 0.50000000 0.04648840
0.08160441 0.18620330 0.50000000 0.04648840
0.18620330 0.18620330 0.50000000 0.04648840
0.29080220 0.18620330 0.50000000 0.04648840
0.39540110 0.18620330 0.50000000 0.04648840
0.50000000 0.18620330 0.50000000 0.04648840
0.60459890 0.18620330 0.50000000 0.04648840
0.70919780 0.18620330 0.50000000 0.04648840
0.81379670 0.18620330 0.50000000 0.04648840
0.91839559 0.18620330 0.50000000 0.04648840
0.08160441 0.29080220 0.50000000 0.04648840
0.18620330 0.29080220 0.50000000 0.04648840
0.29080220 0.29080220 0.50000000 0.04648840
0.39540110 0.29080220 0.50000000 0.04648840
0.50000000 0.29080220 0.50000000 0.04648840
0.60459890 0.29080220 0.50000000 0.04648840
0.70919780 0.29080220 0.50000000 0.04648840
0.81379670 0.29080220 0.50000000 0.04648840
0.91839559 0.29080220 0.50000000 0.04648840
0.08160441 0.39540110 0.50000000 0.04648840
0.18620330 0.39540110 0.50000000 0.04648840
0.29080220 0.39540110 0.50000000 0.04648840
0.39540110 0.39540110 0.50000000 0.04648840
0.50000000 0.39540110 0.50000000 0.04648840
0.60459890 0.39540110 0.50000000 0.04648840
0.70919780 0.39540110 0.50000000 0.04648840
0.81379670 0.39540110 0.50000000 0.04648840
0.91839559 0.39540110 0.50000000 0.04648840
0.08160441 0.50000000 0.50000000 0.04648840
0.18620330 0.50000000 0.50000000 0.04648840
0.29080220 0.50000000 0.50000000 0.04648840
0.39540110 0.50000000 0.50000000 0.04648840
0.50000000 0.50000000 0.50000000 0.04648840
0.60459890 0.50000000 0.50000000 0.04648840
0.70919780 0.50000000 0.50000000 0.04648840
0.81379670 0.50000000 0.50000000 0.04648840
0.91839559 0.50000000 0.50000000 0.04648840
0.08160441 0.60459890 0.50000000 0.04648840
0.18620330 0.60459890 0.50000000 0.04648840
0.29080220 0.60459890 0.50000000 0.04648840
0.39540110 0.60459890 0.50000000 0.04648840
0.50000000 0.60459890 0.50000000 0.04648840
0.60459890 0.60459890 0.50000000 0.04648840
0.70919780 0.60459890 0.50000000 0.04648840
0.81379670 0.60459890 0.50000000 0.04648840
0.91839559 0.60459890 0.50000000 0.04648840
0.08160441 0.70919780 0.50000000 0.04648840
0.18620330 0.70919780 0.50000000 0.04648840
0.29080220 0.70919780 0.50000000 0.04648840
0.39540110 0.70919780 0.50000000 0.04648840
0.50000000 0.70919780 0.50000000 0.04648840
0.60459890 0.70919780 0.50000000 0.04648840
0.70919780 0.70919780 0.50000000 0.04648840
0.81379670 0.70919780 0.50000000 0.04648840
0.91839559 0.70919780 0.50000000 0.04648840
0.08160441 0.81379670 0.50000000 0.04648840
0.18620330 0.81379670 0.50000000 0.04648840
0.29080220 0.81379670 0.50000000 0.04648840
0.39540110 0.81379670 0.50000000 0.04648840
0.50000000 0.81379670 0.50000000 0.04648840
0.60459890 0.81379670 0.50000000 0.04648840
0.70919780 0.81379670 0.50000000 0.04648840
0.81379670 0.81379670 0.50000000 0.04648840
0.91839559 0.81379670 0.50000000 0.04648840
0.08160441 0.91839559 0.50000000 0.04648840
0.18620330 0.91839559 0.50000000 0.04648840
0.29080220 0.91839559 0.50000000 0.04648840
0.39540110 0.91839559 0.50000000 0.04648840
0.50000000 0.91839559 0.50000000 0.04648840
0.60459890 0.91839559 0.50000000 0.04648840
0.70919780 0.91839559 0.50000000 0.04648840
0.81379670 0.91839559 0.50000000 0.04648840
0.91839559 0.91839559 0.50000000 0.04648840
0.08160441 0.08160441 0.60459890 0.04648840
0.18620330 0.08160441 0.60459890 0.04648840
0.29080220 0.08160441 0.60459890 0.04648840
0.39540110 0.08160441 0.60459890 0.04648840
0.50000000 0.08160441 0.60459890 0.04648840
0.60459890 0.08160441 0.60459890 0.04648840
0.70919780 0.08160441 0.60459890 0.04648840
0.81379670 0.08160441 0.60459890 0.04648840
0.91839559 0.08160441 0.60459890 0.04648840
0.08160441 0.18620330 0.60459890 0.04648840
0.18620330 0.18620330 0.60459890 0.04648840
0.29080220 0.18620330 0.60459890 0.04648840
0.39540110 0.18620330 0.60459890 0.04648840
0.50000000 0.18620330 0.60459890 0.04648840
0.60459890 0.18620330 0.60459890 0.04648840
0.70919780 0.18620330 0.60459890 0.04648840
0.81379670 0.18620330 0.60459890 0.04648840
0.91839559 0.18620330 0.60459890 0.04648840
0.08160441 0.29080220 0.60459890 0.04648840
0.18620330 0.29080220 0.60459890 0.04648840
0.29080220 0.29080220 0.60459890 0.04648840
0.39540110 0.29080220 0.60459890 0.04648840
0.50000000 0.29080220 0.60459890 0.04648840
0.60459890 0.29080220 0.60459890 0.04648840
0.70919780 0.29080220 0.60459890 0.04648840
0.81379670 0.29080220 0.60459890 0.04648840
0.91839559 0.29080220 0.60459890 0.04648840
0.08160441 0.39540110 0.60459890 0.04648840
0.18620330 0.39540110 0.60459890 0.04648840
0.29080220 0.39540110 0.60459890 0.04648840
0.39540110 0.39540110 0.60459890 0.04648840
0.50000000 0.39540110 0.60459890 0.04648840
0.60459890 0.39540110 0.60459890 0.04648840
0.70919780 0.39540110 0.60459890 0.04648840
0.81379670 0.39540110 0.60459890 0.04648840
0.91839559 0.39540110 0.60459890 0.04648840
0.08160441 0.50000000 0.60459890 0.04648840
0.18620330 0.50000000 0.60459890 0.04648840
0.29080220 0.50000000 0.60459890 0.04648840
0.39540110 0.50000000 0.60459890 0.04648840
0.50000000 0.50000000 0.60459890 0.04648840
0.60459890 0.50000000 0.60459890 0.04648840
0.70919780 0.50000000 0.60459890 0.04648840
0.81379670 0.50000000 0.60459890 0.04648840
0.91839559 0.50000000 0.60459890 0.04648840
0.08160441 0.60459890 0.60459890 0.04648840
0.18620330 0.60459890 0.60459890 0.04648840
0.29080220 0.60459890 0.60459890 0.04648840
0.39540110 0.60459890 0.60459890 0.04648840
0.50000000 0.60459890 0.60459890 0.04648840
0.60459890 0.60459890 0.60459890 0.04648840
0.70919780 0.60459890 0.60459890 0.04648840
0.81379670 0.60459890 0.60459890 0.04648840
0.91839559 0.60459890 0.60459890 0.04648840
0.08160441 0.70919780 0.60459890 0.04648840
0.18620330 0.70919780 0.60459890 0.04648840
0.29080220 0.70919780 0.60459890 0.04648840
0.39540110 0.70919780 0.60459890 0.04648840
0.50000000 0.70919780 0.60459890 0.04648840
0.60459890 0.70919780 0.60459890 0.04648840
0.70919780 0.70919780 0.60459890 0.04648840
0.81379670 0.70919780 0.60459890 0.04648840
0.91839559 0.70919780 0.60459890 0.04648840
0.08160441 0.81379670 0.60459890 0.04648840
0.18620330 0.81379670 0.60459890 0.04648840
0.29080220 0.81379670 0.60459890 0.04648840
0.39540110 0.81379670 0.60459890 0.04648840
0.50000000 0.81379670 0.60459890 0.04648840
0.60459890 0.81379670 0.60459890 0.04648840
0.70919780 0.81379670 0.60459890 0.04648840
0.81379670 0.81379670 0.60459890 0.04648840
0.91839559 0.81379670 0.60459890 0.04648840
0.08160441 0.91839559 0.60459890 0.04648840
0.18620330 0.91839559 0.60459890 0.04648840
0.29080220 0.91839559 0.60459890 0.04648840
0.39540110 0.91839559 0.60459890 0.04648840
0.50000000 0.91839559 0.60459890 0.04648840
0.60459890 0.91839559 0.60459890 0.04648840
0.70919780 0.91839559 0.60459890 0.04648840
0.81379670 0.91839559 0.60459890 0.04648840
0.91839559 0.91839559 0.60459890 0.04648840
0.08160441 0.08160441 0.70919780 0.04648840
0.18620330 0.08160441 0.70919780 0.04648840
0.29080220 0.08160441 0.70919780 0.04648840
0.39540110 0.08160441 0.70919780 0.04648840
0.50000000 0.08160441 0.70919780 0.04648840
0.60459890 0.08160441 0.70919780 0.04648840
0.70919780 0.08160441 0.70919780 0.04648840
0.81379670 0.08160441 0.70919780 0.04648840
0.91839559 0.08160441 0.70919780 0.04648840
0.08160441 0.18620330 0.70919780 0.04648840
0.18620330 0.18620330 0.70919780 0.04648840
0.29080220 0.18620330 0.70919780 0.04648840
0.39540110 0.18620330 0.70919780 0.04648840
0.50000000 0.18620330 0.70919780 0.04648840
0.60459890 0.18620330 0.70919780 0.04648840
0.70919780 0.18620330 0.70919780 0.04648840
0.81379670 0.18620330 0.70919780 0.04648840
0.91839559 0.18620330 0.70919780 0.04648840
0.08160441 0.29080220 0.70919780 0.04648840
0.18620330 0.29080220 0.70919780 0.04648840
0.29080220 0.29080220 0.70919780 0.04648840
0.39540110 0.29080220 0.70919780 0.04648840
0.50000000 0.29080220 0.70919780 0.04648840
0.60459890 0.29080220 0.70919780 0.04648840
0.70919780 0.29080220 0.70919780 0.04648840
0.81379670 0.29080220 0.70919780 0.04648840
0.91839559 0.29080220 0.70919780 0.04648840
0.08160441 0.39540110 0.70919780 0.04648840
0.18620330 0.39540110 0.70919780 0.04648840
0.29080220 0.39540110 0.70919780 0.04648840
0.39540110 0.39540110 0.70919780 0.04648840
0.50000000 0.39540110 0.70919780 0.04648840
0.60459890 0.39540110 0.70919780 0.04648840
0.70919780 0.39540110 0.70919780 0.04648840
0.81379670 0.39540110 0.70919780 0.04648840
0.91839559 0.39540110 0.70919780 0.04648840
0.08160441 0.50000000 0.70919780 0.04648840
0.18620330 0.50000000 0.70919780 0.04648840
0.29080220 0.50000000 0.70919780 0.04648840
0.39540110 0.50000000 0.70919780 0.04648840
0.50000000 0.50000000 0.70919780 0.04648840
0.60459890 0.50000000 0.70919780 0.04648840
0.70919780 0.50000000 0.70919780 0.04648840
0.81379670 0.50000000 0.70919780 0.04648840
0.91839559 0.50000000 0.70919780 0.04648840
0.08160441 0.60459890 0.70919780 0.04648840
0.18620330 0.60459890 0.70919780 0.04648840
0.29080220 0.60459890 0.70919780 0.04648840
0.39540110 0.60459890 0.70919780 0.04648840
0.50000000 0.60459890 0.70919780 0.04648840
0.60459890 0.60459890 0.70919780 0.04648840
0.70919780 0.60459890 0.70919780 0.04648840
0.81379670 0.60459890 0.70919780 0.04648840
0.91839559 0.60459890 0.70919780 0.04648840
0.08160441 0.70919780 0.70919780 0.04648840
0.18620330 0.70919780 0.70919780 0.04648840
0.29080220 0.70919780 0.70919780 0.04648840
0.39540110 0.70919780 0.70919780 0.04648840
0.50000000 0.70919780 0.70919780 0.04648840
0.60459890 0.70919780 0.70919780 0.04648840
0.70919780 0.70919780 0.70919780 0.04648840
0.81379670 0.70919780 0.70919780 0.04648840
0.91839559 0.70919780 0.70919780 0.04648840
0.08160441 0.81379670 0.70919780 0.04648840
0.18620330 0.81379670 0.70919780 0.04648840
0.29080220 0.81379670 0.70919780 0.04648840
0.39540110 0.81379670 0.70919780 0.04648840
0.50000000 0.81379670 0.70919780 0.04648840
0.60459890 0.81379670 0.70919780 0.04648840
0.70919780 0.81379670 0.70919780 0.04648840
0.81379670 0.81379670 0.70919780 0.04648840
0.91839559 0.81379670 0.70919780 0.04648840
0.08160441 0.91839559 0.70919780 0.04648840
0.18620330 0.91839559 0.70919780 0.04648840
0.29080220 0.91839559 0.70919780 0.04648840
0.39540110 0.91839559 0.70919780 0.04648840
0.50000000 0.91839559 0.70919780 0.04648840
0.60459890 0.91839559 0.70919780 0.04648840
0.70919780 0.91839559 0.70919780 0.04648840
0.81379670 0.91839559 0.70919780 0.04648840
0.91839559 0.91839559 0.70919780 0.04648840
0.08160441 0.08160441 0.81379670 0.04648840
0.18620330 0.08160441 0.81379670 0.04648840
0.29080220 0.08160441 0.81379670 0.04648840
0.39540110 0.08160441 0.81379670 0.04648840
0.50000000 0.08160441 0.81379670 0.04648840
0.60459890 0.08160441 0.81379670 0.04648840
0.70919780 0.08160441 0.81379670 0.04648840
0.81379670 0.08160441 0.81379670 0.04648840
0.91839559 0.08160441 0.81379670 0.04648840
0.08160441 0.18620330 0.81379670 0.04648840
0.18620330 0.18620330 0.81379670 0.04648840
0.29080220 0.18620330 0.81379670 0.04648840
0.39540110 0.18620330 0.81379670 0.04648840
0.50000000 0.18620330 0.81379670 0.04648840
0.60459890 0.18620330 0.81379670 0.04648840
0.70919780 0.18620330 0.81379670 0.04648840
0.81379670 0.18620330 0.81379670 0.04648840
0.91839559 0.18620330 0.81379670 0.04648840
0.08160441 0.29080220 0.81379670 0.04648840
0.18620330 0.29080220 0.81379670 0.04648840
0.29080220 0.29080220 0.81379670 0.04648840
0.39540110 0.29080220 0.81379670 0.04648840
0.50000000 0.29080220 0.81379670 0.04648840
0.60459890 0.29080220 0.81379670 0.04648840
0.70919780 0.29080220 0.81379670 0.04648840
0.81379670 0.29080220 0.81379670 0.04648840
0.91839559 0.29080220 0.81379670 0.04648840
0.08160441 0.39540110 0.81379670 0.04648840
0.18620330 0.39540110 0.81379670 0.04648840
0.29080220 0.39540110 0.81379670 0.04648840
0.39540110 0.39540110 0.81379670 0.04648840
0.50000000 0.39540110 0.81379670 0.04648840
0.60459890 0.39540110 0.81379670 0.04648840
0.70919780 0.39540110 0.81379670 0.04648840
0.81379670 0.39540110 0.81379670 0.04648840
0.91839559 0.39540110 0.81379670 0.04648840
0.08160441 0.50000000 0.81379670 0.04648840
0.18620330 0.50000000 0.81379670 0.04648840
0.29080220 0.50000000 0.81379670 0.04648840
0.39540110 0.50000000 0.81379670 0.04648840
0.50000000 0.50000000 0.81379670 0.04648840
0.60459890 0.50000000 0.81379670 0.04648840
0.70919780 0.50000000 0.81379670 0.04648840
0.81379670 0.50000000 0.81379670 0.04648840
0.91839559 0.50000000 0.81379670 0.04648840
0.08160441 0.60459890 0.81379670 0.04648840
0.18620330 0.60459890 0.81379670 0.04648840
0.29080220 0.60459890 0.81379670 0.04648840
0.39540110 0.60459890 0.81379670 0.04648840
0.50000000 0.60459890 0.81379670 0.04648840
0.60459890 0.60459890 0.81379670 0.04648840
0.70919780 0.60459890 0.81379670 0.04648840
0.81379670 0.60459890 0.81379670 0.04648840
0.91839559 0.60459890 0.81379670 0.04648840
0.08160441 0.70919780 0.81379670 0.04648840
0.18620330 0.70919780 0.81379670 0.04648840
0.29080220 0.70919780 0.81379670 0.04648840
0.39540110 0.70919780 0.81379670 0.04648840
0.50000000 0.70919780 0.81379670 0.04648840
0.60459890 0.70919780 0.81379670 0.04648840
0.70919780 0.70919780 0.81379670 0.04648840
0.81379670 0.70919780 0.81379670 0.04648840
0.91839559 0.70919780 0.81379670 0.04648840
0.08160441 0.81379670 0.81379670 0.04648840
0.18620330 0.81379670 0.81379670 0.04648840
0.29080220 0.81379670 0.81379670 0.04648840
0.39540110 0.81379670 0.81379670 0.04648840
0.50000000 0.81379670 0.81379670 0.04648840
0.60459890 0.81379670 0.81379670 0.04648840
0.70919780 0.81379670 0.81379670 0.04648840
0.81379670 0.81379670 0.81379670 0.04648840
0.91839559 0.81379670 0.81379670 0.04648840
0.08160441 0.91839559 0.81379670 0.04648840
0.18620330 0.91839559 0.81379670 0.04648840
0.29080220 0.91839559 0.81379670 0.04648840
0.39540110 0.91839559 0.81379670 0.04648840
0.50000000 0.91839559 0.81379670 0.04648840
0.60459890 0.91839559 0.81379670 0.04648840
0.70919780 0.91839559 0.81379670 0.04648840
0.81379670 0.91839559 0.81379670 0.04648840
0.91839559 0.91839559 0.81379670 0.04648840
0.08160441 0.08160441 0.91839559 0.04648840
0.18620330 0.08160441 0.91839559 0.04648840
0.29080220 0.08160441 0.91839559 0.04648840
0.39540110 0.08160441 0.91839559 0.04648840
0.50000000 0.08160441 0.91839559 0.04648840
0.60459890 0.08160441 0.91839559 0.04648840
0.70919780 0.08160441 0.91839559 0.04648840
0.81379670 0.08160441 0.91839559 0.04648840
0.91839559 0.08160441 0.91839559 0.04648840
0.08160441 0.18620330 0.91839559 0.04648840
0.18620330 0.18620330 0.91839559 0.04648840
0.29080220 0.18620330 0.91839559 0.04648840
0.39540110 0.18620330 0.91839559 0.04648840
0.50000000 0.18620330 0.91839559 0.04648840
0.60459890 0.18620330 0.91839559 0.04648840
0.70919780 0.18620330 0.91839559 0.04648840
0.81379670 0.18620330 0.91839559 0.04648840
0.91839559 0.18620330 0.91839559 0.04648840
0.08160441 0.29080220 0.91839559 0.04648840
0.18620330 0.29080220 0.91839559 0.04648840
0.29080220 0.29080220 0.91839559 0.04648840
0.39540110 0.29080220 0.91839559 0.04648840
0.50000000 0.29080220 0.91839559 0.04648840
0.60459890 0.29080220 0.91839559 0.04648840
0.70919780 0.29080220 0.91839559 0.04648840
0.81379670 0.29080220 0.91839559 0.04648840
0.91839559 0.29080220 0.91839559 0.04648840
0.08160441 0.39540110 0.91839559 0.04648840
0.18620330 0.39540110 0.91839559 0.04648840
0.29080220 0.39540110 0.91839559 0.04648840
0.39540110 0.39540110 0.91839559 0.04648840
0.50000000 0.39540110 0.91839559 0.04648840
0.60459890 0.39540110 0.91839559 0.04648840
0.70919780 0.39540110 0.91839559 0.04648840
0.81379670 0.39540110 0.91839559 0.04648840
0.91839559 0.39540110 0.91839559 0.04648840
0.08160441 0.50000000 0.91839559 0.04648840
0.18620330 0.50000000 0.91839559 0.04648840
0.29080220 0.50000000 0.91839559 0.04648840
0.39540110 0.50000000 0.91839559 0.04648840
0.50000000 0.50000000 0.91839559 0.04648840
0.60459890 0.50000000 0.91839559 0.04648840
0.70919780 0.50000000 0.91839559 0.04648840
0.81379670 0.50000000 0.91839559 0.04648840
0.91839559 0.50000000 0.91839559 0.04648840
0.08160441 0.60459890 0.91839559 0.04648840
0.18620330 0.60459890 0.91839559 0.04648840
0.29080220 0.60459890 0.91839559 0.04648840
0.39540110 0.60459890 0.91839559 0.04648840
0.50000000 0.60459890 0.91839559 0.04648840
0.60459890 0.60459890 0.91839559 0.04648840
0.70919780 0.60459890 0.91839559 0.04648840
0.81379670 0.60459890 0.91839559 0.04648840
0.91839559 0.60459890 0.91839559 0.04648840
0.08160441 0.70919780 0.91839559 0.04648840
0.18620330 0.70919780 0.91839559 0.04648840
0.29080220 0.70919780 0.91839559 0.04648840
0.39540110 0.70919780 0.91839559 0.04648840
0.50000000 0.70919780 0.91839559 0.04648840
0.60459890 0.70919780 0.91839559 0.04648840
0.70919780 0.70919780 0.91839559 0.04648840
0.81379670 0.70919780 0.91839559 0.04648840
0.91839559 0.70919780 0.91839559 0.04648840
0.08160441 0.81379670 0.91839559 0.04648840
0.18620330 0.81379670 0.91839559 0.04648840
0.29080220 0.81379670 0.91839559 0.04648840
0.39540110 0.81379670 0.91839559 0.04648840
0.50000000 0.81379670 0.91839559 0.04648840
0.60459890 0.81379670 0.91839559 0.04648840
0.70919780 0.81379670 0.91839559 0.04648840
0.81379670 0.81379670 0.91839559 0.04648840
0.91839559 0.81379670 0.91839559 0.04648840
0.08160441 0.91839559 0.91839559 0.04648840
0.18620330 0.91839559 0.91839559 0.04648840
0.29080220 0.91839559 0.91839559 0.04648840
0.39540110 0.91839559 0.91839559 0.04648840
0.50000000 0.91839559 0.91839559 0.04648840
0.60459890 0.91839559 0.91839559 0.04648840
0.70919780 0.91839559 0.91839559 0.04648840
0.81379670 0.91839559 0.91839559 0.04648840
0.91839559 0.91839559 0.91839559 0.04648840
