0.87413745 0.09875372 0.72267748 0.03034721
0.79864271 0.16339303 0.41882395 0.07064109
0.74305547 0.44444520 0.83262455 0.03903465
0.30868036 0.21288657 0.20521553 0.03461073
0.56456072 0.54038676 0.21241339 0.07358887
0.59886466 0.37927143 0.51073213 0.07266686
0.15653302 0.28933208 0.19488834 0.04708252
0.28936155 0.43298633 0.13522009 0.03472757
0.86027762 0.49259991 0.49129464 0.07548400
0.82404362 0.39408989 0.18507423 0.04344869
0.41068846 0.29076994 0.42216884 0.06854029
0.20189837 0.85806098 0.86946898 0.02976897
0.14342143 0.28517173 0.38105844 0.05691433
0.10747678 0.12984928 0.23188192 0.02551021
0.68769513 0.61967423 0.46024820 0.06110485
0.33501985 0.69820117 0.24805356 0.05531540
0.24364404 0.39347252 0.60175103 0.06324017
0.16071187 0.84780264 0.72332727 0.06853890
0.44804546 0.45689484 0.34314307 0.05190109
0.50872497 0.75727844 0.73881345 0.05313244
0.40167360 0.75238017 0.52658873 0.06083284
0.85559127 0.80451368 0.54062664 0.04418623
0.57050621 0.26327126 0.33900953 0.05959434
0.23327352 0.27940808 0.44791593 0.03710976
0.42606308 0.57686582 0.30739152 0.03893227
