0.68823633 0.07257462 0.33092169 0.02100640
0.14717169 0.22844165 0.36628368 0.01614161
0.53310917 0.43075799 0.65837432 0.02064181
0.82625315 0.09201996 0.64703825 0.01718014
0.55006449 0.19248860 0.24182446 0.02101149
0.89319369 0.34313932 0.66140877 0.02791340
0.83016258 0.15251126 0.11401540 0.02927500
0.82678456 0.15272719 0.43172244 0.01655695
0.52750298 0.65985351 0.34600391 0.03074201
0.78243111 0.09310976 0.71109443 0.02585702
0.70649255 0.31701788 0.74072816 0.03129950
0.45474793 0.85416740 0.32099077 0.01535807
0.18179107 0.08664000 0.65367620 0.01867996
0.29763063 0.49264290 0.11456136 0.01730931
0.20003936 0.57567950 0.66942707 0.02383412
0.42540857 0.66847108 0.42551546 0.01534202
0.53112348 0.64227240 0.51286726 0.01439916
0.57207067 0.83645378 0.19734943 0.03050271
0.76599326 0.41135057 0.21025558 0.01600697
0.37272127 0.70929730 0.68857552 0.03019515
0.60334080 0.70983939 0.37341249 0.02939951
0.84057970 0.43802861 0.89991645 0.01835870
0.60274216 0.17421763 0.87982598 0.02544195
0.56680251 0.42148094 0.27542786 0.02159842
0.56144829 0.08424372 0.59778601 0.02976083
0.52312799 0.83117027 0.37739291 0.01937961
0.60295693 0.09516701 0.85878068 0.02985363
0.91972881 0.22324796 0.19352679 0.02593614
0.66416881 0.13750925 0.71313047 0.03028672
0.85596670 0.67792619 0.18357595 0.02706977
0.08763684 0.08946036 0.27908215 0.01385784
0.53238357 0.54410364 0.78637161 0.02898050
0.30865696 0.57420339 0.90667084 0.01573512
0.09108690 0.75519825 0.27310690 0.02359854
0.40569195 0.80514051 0.70737780 0.02802789
0.19106987 0.12605518 0.17823320 0.02351232
0.15874243 0.26150110 0.68506934 0.01430193
0.08588912 0.13635391 0.89674643 0.02357491
0.24798044 0.28960853 0.70688696 0.02372581
0.57016118 0.90573575 0.79937102 0.01701773
0.49454232 0.60327590 0.78339142 0.01781726
0.08353149 0.12802746 0.48810818 0.01632225
0.55823022 0.34509074 0.91398503 0.02441393
0.39817545 0.54311187 0.70805612 0.02393541
0.30121150 0.13339238 0.39008358 0.02554619
0.25450771 0.71385992 0.13290347 0.02483492
0.76227252 0.23598640 0.61997106 0.01818567
0.86125679 0.29852888 0.13066129 0.02294407
0.72918394 0.84346260 0.86381488 0.02673119
0.26871069 0.60157922 0.89077080 0.01375113
0.54710725 0.84654712 0.61794197 0.03060317
0.48790707 0.58917483 0.54230456 0.02052014
0.17697478 0.18453659 0.50481033 0.01663120
0.88972825 0.78456747 0.07792821 0.01388745
0.35479334 0.18104028 0.76736494 0.01667153
0.87735248 0.57023960 0.82480055 0.01970526
0.83969028 0.46622475 0.53870826 0.02870522
0.31984967 0.49167291 0.58312013 0.02787486
0.58129488 0.44220473 0.76744967 0.01377960
0.83730714 0.56676596 0.22853998 0.01917441
0.59402179 0.12493030 0.43278580 0.02768273
0.85346223 0.07786345 0.90258747 0.02572324
0.90564747 0.58957762 0.78152260 0.02027845
0.60858336 0.31789215 0.57357916 0.02384481
0.80154703 0.71463123 0.66661913 0.02700039
0.35134655 0.64289366 0.45871065 0.02906063
0.42353589 0.41554615 0.34354451 0.02037785
0.44080247 0.90114269 0.65045730 0.02469455
0.43663632 0.36467695 0.75686333 0.01707426
0.83783633 0.63603661 0.30753621 0.02933997
0.80555088 0.52377787 0.76013345 0.01804260
0.69777694 0.51601842 0.72981257 0.02380479
0.47077035 0.36633045 0.13330823 0.02373944
0.13991156 0.91335860 0.22724786 0.02030264
0.81466076 0.65804292 0.55820389 0.02811346
0.47127766 0.36603126 0.26214758 0.01639749
0.34067559 0.85292493 0.84726845 0.02416521
0.16487723 0.23554274 0.49955132 0.01812813
0.25393941 0.28751497 0.79624851 0.02661454
0.59964700 0.27221114 0.15962419 0.02098528
0.48043279 0.20430571 0.60354456 0.02278543
0.63088823 0.19777504 0.71366252 0.02329218
0.51660117 0.74594659 0.08797902 0.01749688
0.82002814 0.79580968 0.53290156 0.01933852
0.87653880 0.77319989 0.79640397 0.02909895
0.63112771 0.67640411 0.59551933 0.01527738
0.10888645 0.72686915 0.69451949 0.02789307
0.29076409 0.61381232 0.36672189 0.01817457
0.45461572 0.73741188 0.91192921 0.02783860
0.19312061 0.84477205 0.53561975 0.01890447
0.61367074 0.91139906 0.53823339 0.03104533
0.18977925 0.37714761 0.09688554 0.02297567
0.71233718 0.09382288 0.38450884 0.01638711
0.66124217 0.65978845 0.23905639 0.02902223
0.56954950 0.91807864 0.24706616 0.02145428
0.29504901 0.71540565 0.46284928 0.01795919
0.50732605 0.24968648 0.75934633 0.01452473
0.09389809 0.58020797 0.79542568 0.01885196
0.71383431 0.50943787 0.53496236 0.02035829
0.88164070 0.26227850 0.30120787 0.02187003
0.43797902 0.16062307 0.61602826 0.01496653
0.66515303 0.72345126 0.36753740 0.02795334
0.44014747 0.77145458 0.60589058 0.02872533
0.13504527 0.08307285 0.12495278 0.01608161
0.16998380 0.09698285 0.71734613 0.02175451
0.71120082 0.45917005 0.45718648 0.02060731
0.47772851 0.75832822 0.41668167 0.02210531
0.11285094 0.72880007 0.18690088 0.02978435
0.08513650 0.53259563 0.07891390 0.02463324
0.83801859 0.74673180 0.84625370 0.03062149
0.20373889 0.22961400 0.60592024 0.01612005
0.90941439 0.67633250 0.69361762 0.02980457
0.41700238 0.29077953 0.22690838 0.02986728
0.77075256 0.19391961 0.29572040 0.01565023
0.34088916 0.90474029 0.30400419 0.02824361
0.34212157 0.84917390 0.38641457 0.02310576
0.51039383 0.87478810 0.09923247 0.02130466
0.82958760 0.10126154 0.51846229 0.02640382
0.80847412 0.55013138 0.66318700 0.01936782
0.60939704 0.32074999 0.08114550 0.02165136
0.33986187 0.51453482 0.85326531 0.02388161
0.28405150 0.38991844 0.86890667 0.02117655
0.78726665 0.85060220 0.27272160 0.03036363
0.26334143 0.33887974 0.21775494 0.01507468
0.42664404 0.76797959 0.23303203 0.02442769
0.28077819 0.56249632 0.37244320 0.02613378
0.26432870 0.64249483 0.49753834 0.01452536
0.22310872 0.56005713 0.92256785 0.02284229
0.10341150 0.15526277 0.13134672 0.02422094
0.39357636 0.90559974 0.21651793 0.02163120
0.72273928 0.77004146 0.61035744 0.03101018
0.48033569 0.08842626 0.37564849 0.02553719
0.07652219 0.72349803 0.34406274 0.01597793
0.26683277 0.36550715 0.51974650 0.03121890
0.46944146 0.18405492 0.34203559 0.02708805
0.64791085 0.72990630 0.18513645 0.02258135
0.65771567 0.45698800 0.85034785 0.02560446
0.08128850 0.48670038 0.80387111 0.02509850
0.24434128 0.70707432 0.32357320 0.02890491
0.43908786 0.75864613 0.37668143 0.02742839
0.26523586 0.25910106 0.24633031 0.02690052
0.39353964 0.09023526 0.16318699 0.01606533
0.75314380 0.14547403 0.27319529 0.02564215
0.86004759 0.68226554 0.54641299 0.01723726
0.78760839 0.44432061 0.86373450 0.01898132
0.48133505 0.18452081 0.90148348 0.02620893
0.24273157 0.44040482 0.41707293 0.01637701
0.69834797 0.23059173 0.62443158 0.01614153
0.25636395 0.58484622 0.70940838 0.02707751
0.58207156 0.32679664 0.69587804 0.02498794
0.43773647 0.73529755 0.12949525 0.03051555
0.24176281 0.41188032 0.33219530 0.02853489
0.85109442 0.38723535 0.52656683 0.01494187
0.18654350 0.24983013 0.13886332 0.02239409
0.29688953 0.37820070 0.16622558 0.02264259
0.70408177 0.20213592 0.54333694 0.02300227
0.72349342 0.69219785 0.22090682 0.01739911
0.09761043 0.80159552 0.54919375 0.02901540
0.72122067 0.68545085 0.91674058 0.02075797
0.07306428 0.87315618 0.80777525 0.01850553
0.51393168 0.67428310 0.73628837 0.02661932
0.73142116 0.71455030 0.59686046 0.02024777
0.66867811 0.07484775 0.73504919 0.02073359
0.28184580 0.18270561 0.26592989 0.02963550
0.82903553 0.53699753 0.31663008 0.01893774
0.64995642 0.26104539 0.47181152 0.01972258
0.60884695 0.82397892 0.45497982 0.01916578
0.46368656 0.63119085 0.19038135 0.02762023
0.84953545 0.58999566 0.72777735 0.02129367
0.49823155 0.79184678 0.13189928 0.02258461
0.87569307 0.51504032 0.24054673 0.02381890
0.29169011 0.66809667 0.53360129 0.02876291
0.60357562 0.78180692 0.08933763 0.03057905
0.14821164 0.35173292 0.87134900 0.03130812
0.78090982 0.81441304 0.44754665 0.01366090
0.76054867 0.48084695 0.18504663 0.01810341
0.83051054 0.49278863 0.79771956 0.03020128
0.65671623 0.41269967 0.50480297 0.02103440
0.90149817 0.32219201 0.15744751 0.01691193
0.07941984 0.68679676 0.55573571 0.01609768
0.50580972 0.74505627 0.66434694 0.02780241
0.21882787 0.42146671 0.27790621 0.01929276
0.90631891 0.34622809 0.91253522 0.02082460
0.75212337 0.44215503 0.37719540 0.01803660
0.53783034 0.48952387 0.80535158 0.01881520
0.23581032 0.57125459 0.83298867 0.02949096
0.86004565 0.31121460 0.59280264 0.02153011
0.27032341 0.08921660 0.42953913 0.02578417
0.36883055 0.73333822 0.22836483 0.03039267
0.19505847 0.68583503 0.67085613 0.01965515
0.29165537 0.66228599 0.26961963 0.02589295
0.39044647 0.37624895 0.12189214 0.02114368
0.67537543 0.59603192 0.62542689 0.02486964
0.19689962 0.51217009 0.82435417 0.01655893
0.46781429 0.43852371 0.49757419 0.01681116
0.36367252 0.29401011 0.79783886 0.01640719
0.32703724 0.80604058 0.64596027 0.02267304
0.18224264 0.47497932 0.91173967 0.02490253
0.62088859 0.20928963 0.61591732 0.03056939
0.47327626 0.43877937 0.58416994 0.02368192
0.71031582 0.56636658 0.85579258 0.02879946
0.92664616 0.11171604 0.23894770 0.01466532
0.16446586 0.60558498 0.11360236 0.02110955
0.12241596 0.67492538 0.64477246 0.01862323
0.48969533 0.52142831 0.10370042 0.02781542
0.37352347 0.27077027 0.44393700 0.02509618
0.47403225 0.91041902 0.38378217 0.02038441
0.39486014 0.92040068 0.12473708 0.02351532
0.10085971 0.56045502 0.22797158 0.02280071
0.90700496 0.81725205 0.45910236 0.02485727
0.38693163 0.19039035 0.69621371 0.01621412
0.45630803 0.82895847 0.52343498 0.02208623
0.31823863 0.50298338 0.90528186 0.01396356
0.64990458 0.49986404 0.74009530 0.01546889
0.13921588 0.41270160 0.75691588 0.01608493
0.73115616 0.31882559 0.25543487 0.01695016
0.41173113 0.39643288 0.63861337 0.01380088
0.19830632 0.08020257 0.16461235 0.01477653
0.41754580 0.34850671 0.54885295 0.02523221
0.77831250 0.66603499 0.84805511 0.03138229
0.12636071 0.47732902 0.36878942 0.01421512
0.82176287 0.28952745 0.30679586 0.02153943
0.54072581 0.25969851 0.64703502 0.01941051
0.14863418 0.82030169 0.27219296 0.01607028
0.56114041 0.52198519 0.13695866 0.02044807
0.87752035 0.76146817 0.31886433 0.02923427
0.36330132 0.54638213 0.90338760 0.02300124
0.64488589 0.35042558 0.73565629 0.01911065
0.83451777 0.71596057 0.72533768 0.01936458
0.25322843 0.10885737 0.34794475 0.02195062
0.66849395 0.64805511 0.43947168 0.01416803
0.53015596 0.11276524 0.19262889 0.02732020
0.35801246 0.11334189 0.59068236 0.01698150
0.08633559 0.81826908 0.63319449 0.02167306
0.87895461 0.12301788 0.27755067 0.02831405
0.43188482 0.81592100 0.13655735 0.01464018
0.18060342 0.73257008 0.79100884 0.02201602
0.48814155 0.27339872 0.89326390 0.01427924
0.59491936 0.89494738 0.37039266 0.03049007
0.44515817 0.27893245 0.86848446 0.02966131
0.13244060 0.81269314 0.66993573 0.02581592
0.69683073 0.29090178 0.58504891 0.02438868
0.12556024 0.18969165 0.78732506 0.02816315
0.52637903 0.28666777 0.32629918 0.02463023
0.43427252 0.13519408 0.83221067 0.02920835
0.78148254 0.82942201 0.48847871 0.01716085
0.82995841 0.55812460 0.16887409 0.01857851
0.79813316 0.58827731 0.90076972 0.01641326
0.58190921 0.58479090 0.59912906 0.01972223
0.71737392 0.88927997 0.53005235 0.01456519
0.81829874 0.34964075 0.18346427 0.02830641
0.23921387 0.75062996 0.07565877 0.01414923
0.08865442 0.92736198 0.57038827 0.01896022
0.86864021 0.50602610 0.46095857 0.01878077
0.29981539 0.33472038 0.39101388 0.02408169
0.57274923 0.66863485 0.13113667 0.01790006
0.71075269 0.75499967 0.70956072 0.03097950
0.48403993 0.45277612 0.64961028 0.01494110
0.67429584 0.65494618 0.66817985 0.02157727
0.20424524 0.72078567 0.73793252 0.02463481
0.27728543 0.22955914 0.40881150 0.02977385
0.77076241 0.59737348 0.72313313 0.01927016
0.15764627 0.17097055 0.39172998 0.02119797
0.77687102 0.58594807 0.66297785 0.01698926
0.14902502 0.27418265 0.46717446 0.02233998
0.79468559 0.43849290 0.81287234 0.01944705
0.56839279 0.24682452 0.52485640 0.02532718
0.65701907 0.84251823 0.13576163 0.01943720
0.24109412 0.79260079 0.63972745 0.02931458
0.20090409 0.61600229 0.79818160 0.01969811
0.43890457 0.35897443 0.92462011 0.01706099
0.92177825 0.51599960 0.21928455 0.02034426
0.38733959 0.17301985 0.61670000 0.01484233
0.91960666 0.86748852 0.20000738 0.02095056
0.46702099 0.55205039 0.73980208 0.02060788
0.77934286 0.22886277 0.66156001 0.01390089
0.90640906 0.17653009 0.23207657 0.01989377
0.19419074 0.24422246 0.84160823 0.01759676
0.38360938 0.30874962 0.86167637 0.02242488
0.49380371 0.28969705 0.82942844 0.02046581
0.32659308 0.68619035 0.23523856 0.02039874
0.79189706 0.71144146 0.57834895 0.01562747
0.60609731 0.61911414 0.35134877 0.01787205
0.83037213 0.46515433 0.72906377 0.01471481
0.57860768 0.43859164 0.39838068 0.01807000
0.59674016 0.64508262 0.08579106 0.02685069
0.50255824 0.27256394 0.22524944 0.02571079
0.79729321 0.91678471 0.85731083 0.01682969
0.74020273 0.53973753 0.77126066 0.01975265
0.57655039 0.74471061 0.15918703 0.02220709
0.66159187 0.41774819 0.18850755 0.02058991
0.35856308 0.25916852 0.86330568 0.02161158
0.58330352 0.70811987 0.53530601 0.02591351
0.86320354 0.80586876 0.21923548 0.02610960
0.13115458 0.91194631 0.27299049 0.01823650
0.40358593 0.53285511 0.36052702 0.01538917
0.65808973 0.55181419 0.37998902 0.02571268
0.86905381 0.58196589 0.90620892 0.02453602
0.07895103 0.31030152 0.52952521 0.02282907
0.12390037 0.54112983 0.75307651 0.02732333
0.12959070 0.07860486 0.90958158 0.01476976
0.79631489 0.66052590 0.48913221 0.01520580
0.10027354 0.46743374 0.31552765 0.02656157
0.83454698 0.73566499 0.35182427 0.01402139
0.51947011 0.87638265 0.82311097 0.03108449
0.91552340 0.73203664 0.35941846 0.02439383
0.22657039 0.52321932 0.42800829 0.01510197
0.86374584 0.22927022 0.80231274 0.02791187
0.88300982 0.11445894 0.13090468 0.03073311
0.33682397 0.11305609 0.32043761 0.01360435
0.88879111 0.48014285 0.30980708 0.01990830
0.78833882 0.82710239 0.40083920 0.02883502
0.15972293 0.26578658 0.90230585 0.02148849
0.85025129 0.83576625 0.86324387 0.01862323
0.82835228 0.61408510 0.24963149 0.01631069
0.20824133 0.45217336 0.14293893 0.01971209
0.23812049 0.66507550 0.56372590 0.01647573
0.28606731 0.60835875 0.11009028 0.02921982
0.80899110 0.91187682 0.08278887 0.02279157
0.26209183 0.11025363 0.07807514 0.01805115
0.11263715 0.31102297 0.61914734 0.02232352
0.49659871 0.61226957 0.37616528 0.02614541
0.18451379 0.87573740 0.76202477 0.01866679
0.23724360 0.86139163 0.86355964 0.03038451
0.30609202 0.54413823 0.22925515 0.01860380
0.23119625 0.88189166 0.49461980 0.02145782
0.62067947 0.48677026 0.88974989 0.03085052
0.61444233 0.64002324 0.44266238 0.01607742
0.49360544 0.46963979 0.76639133 0.01456843
0.40642636 0.27618670 0.66044505 0.01811990
0.23124979 0.76750135 0.27584659 0.03131790
0.18615587 0.87795843 0.83746598 0.01454356
0.61063702 0.20823890 0.08606671 0.02192489
0.23851030 0.14567255 0.81796082 0.01876165
0.65930469 0.17059875 0.07542556 0.01508740
0.84568433 0.80605738 0.36266154 0.02353083
0.76165482 0.76611368 0.82048669 0.01398886
0.50509000 0.66295096 0.65524104 0.02354086
0.22339096 0.90402759 0.70799148 0.01857321
0.56984634 0.89185398 0.13897133 0.01817625
0.60330331 0.26085634 0.73003630 0.01500362
0.64097298 0.16692027 0.14694287 0.02372675
0.42343822 0.15036877 0.39069540 0.02475218
0.69168008 0.42171280 0.70307481 0.03080831
0.34033696 0.59095944 0.58145898 0.01868376
0.29446141 0.72264531 0.86896866 0.02931590
0.47910758 0.63670433 0.79894462 0.01351859
0.80758921 0.38274615 0.83878740 0.01680731
0.13925983 0.91871020 0.59518601 0.01399881
0.21713502 0.62803231 0.10409535 0.02101738
0.34828799 0.59218797 0.62945577 0.01910905
0.89910446 0.20394588 0.83791104 0.02067688
0.54155367 0.65628828 0.27354807 0.01909824
0.84711312 0.48236701 0.88690939 0.01564152
0.14714812 0.24710805 0.80082808 0.02346181
0.57962560 0.27274408 0.43797913 0.02520717
0.79761360 0.91912102 0.12656592 0.01796601
0.35659688 0.60565367 0.29588786 0.02635070
0.59460521 0.26157095 0.86654285 0.03046498
0.71126562 0.25715380 0.77783445 0.02700816
0.61332629 0.68150166 0.70876865 0.01782171
0.72227459 0.84475883 0.57471770 0.02052476
0.17806988 0.15749902 0.21602324 0.01512737
0.74095255 0.10101367 0.27608949 0.01577576
0.88986995 0.33588951 0.75982371 0.01428213
0.69575964 0.55694285 0.49334067 0.01408759
0.35082022 0.28421035 0.25821477 0.01816593
0.50187240 0.14972831 0.73253504 0.02789390
0.70344136 0.51297408 0.41480621 0.02310568
0.10696077 0.86025266 0.85866288 0.03125244
0.25552309 0.60192559 0.22429109 0.02053654
0.29319151 0.32416022 0.84918407 0.02795775
0.47060629 0.69517611 0.61709018 0.03131473
0.60943758 0.32931145 0.77315004 0.02063633
0.10215030 0.10867869 0.19642531 0.01475615
0.88956272 0.16686433 0.62615431 0.02061631
0.37505945 0.24318654 0.26223462 0.02299719
0.39742854 0.42933283 0.48478486 0.02536264
0.79283637 0.75811741 0.19059739 0.02911729
0.84064277 0.73015407 0.43247211 0.02314805
0.83601630 0.08975238 0.39890059 0.02805688
0.38495613 0.57214164 0.52864714 0.02181239
0.59800007 0.41121867 0.73075333 0.02341043
0.63405939 0.89642852 0.07234472 0.01802166
0.17025767 0.53677942 0.60685518 0.02652050
0.16802723 0.54631712 0.15915203 0.02736238
0.29028608 0.62670144 0.68300742 0.02395771
0.63388705 0.76640096 0.76148264 0.02293534
0.45846084 0.42191099 0.81728545 0.02465428
0.79884124 0.77693996 0.49934890 0.01621242
0.19342532 0.86742213 0.10356237 0.01417651
0.53423854 0.60199103 0.26724124 0.01630755
0.64227251 0.46012692 0.52181934 0.02191590
0.23032762 0.74341579 0.58684468 0.02535422
0.26857944 0.47174302 0.82942818 0.03114599
0.25204643 0.16689178 0.73269961 0.01376224
0.93246439 0.40412697 0.85157308 0.01496190
0.51068227 0.56292187 0.44897785 0.02181885
0.16658059 0.19875588 0.11349807 0.01698406
0.79522053 0.38022463 0.13917072 0.02355618
