0.65225859 0.15454644 0.36339892 0.12630965
0.19360386 0.26419484 0.38392426 0.09678308
0.52700098 0.44379159 0.62883896 0.12409685
0.77930509 0.15089404 0.62591972 0.10308641
0.46032906 0.81108163 0.34286942 0.09202744
0.23361627 0.15393863 0.62876366 0.11218946
0.32719248 0.49378886 0.17079883 0.10387037
0.26829574 0.55857387 0.63101785 0.14347235
0.43454990 0.64804416 0.43464379 0.09193004
0.73154858 0.42292305 0.24792142 0.09596594
0.78662510 0.44793739 0.83654827 0.11023962
0.18287869 0.69806064 0.32408004 0.14204255
0.56026204 0.84814081 0.75689388 0.10210067
0.84925628 0.75503288 0.12188855 0.08310158
0.43766732 0.43114548 0.37237223 0.12249473
0.51421840 0.70961607 0.14904097 0.10500887
0.76545266 0.74537032 0.52736269 0.11618660
0.44530665 0.20042416 0.60250947 0.08965103
0.18280313 0.13762184 0.17402940 0.09641897
0.40749928 0.14376678 0.20720056 0.09632013
0.81015868 0.40047028 0.52353027 0.08950132
0.69075491 0.66405407 0.26195679 0.10441543
0.14164878 0.81335660 0.75846680 0.11113079
0.38209988 0.32181745 0.75780612 0.09839505
0.87831872 0.15582226 0.26862264 0.08782284
0.33737268 0.50273284 0.86281960 0.08356357
0.17213929 0.12700115 0.86267098 0.08845672
0.79361749 0.78147783 0.80450634 0.11184517
0.64048542 0.20971617 0.12582588 0.09038461
0.48124834 0.62315592 0.76924476 0.08086285
0.67498861 0.55094557 0.49411234 0.08431634
0.29376705 0.85955954 0.50707882 0.08559105
0.74432242 0.15142604 0.83201954 0.10086594
0.87821012 0.58699857 0.40514745 0.08305295
0.14603202 0.47159531 0.84740341 0.09553747
0.13811769 0.34672909 0.64471168 0.09191211
0.21244001 0.32925074 0.15557680 0.09084808
0.86954870 0.53156907 0.13644390 0.10195453
0.56323547 0.34689268 0.21713207 0.08199181
0.68117047 0.87082734 0.14945948 0.09809012
0.26528984 0.70500010 0.88680364 0.08431567
0.38057236 0.87350353 0.13095513 0.08330384
0.52945949 0.18210655 0.82512895 0.09721822
0.81114379 0.88438021 0.34944226 0.08809232
0.54276738 0.37450852 0.87440105 0.08830627
0.43125482 0.13603886 0.40043252 0.08082807
0.86485273 0.56475367 0.61873033 0.10038557
0.36670351 0.77745092 0.72377219 0.08442431
0.64723919 0.61080450 0.68883065 0.08343638
0.53677619 0.82483445 0.54275481 0.08109981
