0.69410780 0.05959639 0.32585327 0.03365427
0.13548249 0.21946413 0.36190545 0.02723545
0.53423616 0.42872998 0.66336265 0.03317323
0.83703809 0.07873304 0.65194762 0.02860574
0.55170544 0.18318270 0.23402893 0.03366099
0.90379425 0.33911077 0.66584484 0.04276768
0.83882637 0.14370099 0.10421248 0.04456424
0.83769785 0.14130610 0.42954565 0.02778347
0.52834555 0.66399262 0.34232578 0.04649988
0.79041777 0.08192794 0.71709737 0.04005440
0.71172683 0.31268199 0.74680367 0.04723545
0.45329766 0.86621871 0.31501911 0.02620162
0.17172382 0.07353361 0.65868103 0.03058466
0.29110000 0.49249161 0.10204207 0.02877617
0.19146682 0.57799590 0.67446099 0.03738529
0.42296580 0.67424671 0.42307630 0.02618044
0.53226658 0.64723179 0.51338353 0.02493639
0.57403248 0.84503875 0.18992394 0.04618413
0.77497119 0.40846871 0.20064879 0.02705781
0.36966407 0.71473389 0.69348918 0.04577833
0.60614866 0.71538553 0.37030846 0.04472852
0.85161442 0.43613272 0.91285716 0.03016079
0.60575494 0.16520994 0.89061120 0.03950674
0.56893641 0.41921482 0.26873958 0.03443541
0.56316758 0.07379621 0.60043176 0.04520526
0.52395749 0.84171660 0.37362536 0.03150782
0.93151433 0.21569823 0.18515196 0.04015880
0.66845799 0.12853661 0.71865255 0.04589914
0.86575046 0.68288603 0.17514161 0.04165456
0.07342663 0.07531330 0.27150251 0.02422215
0.53337297 0.54539732 0.79395499 0.04417566
0.30231048 0.57677743 0.92041349 0.02669912
0.07929901 0.76275216 0.26662023 0.03707447
0.40333402 0.81337910 0.71302295 0.04291875
0.18217805 0.11526660 0.16896688 0.03696071
0.14708094 0.25337337 0.69150763 0.02480811
0.07394406 0.12587929 0.90842815 0.03704328
0.24078121 0.28361862 0.71301922 0.03724239
0.57255569 0.91916266 0.80930107 0.02839145
0.06976180 0.11573794 0.48779692 0.02747380
0.56002412 0.34077804 0.92597157 0.03815032
0.39535292 0.54448218 0.71419809 0.03751895
0.29577875 0.12326240 0.38713835 0.03964428
0.24766209 0.72006241 0.12260363 0.03870579
0.77081661 0.22757393 0.62393030 0.02993248
0.87203306 0.29270298 0.11988278 0.03621092
0.73557661 0.85297440 0.87388218 0.04120782
0.54844135 0.85536454 0.62104630 0.04631668
0.48763923 0.59203564 0.54371732 0.03301268
0.16637091 0.17418297 0.50505543 0.02788145
0.90329168 0.79449045 0.06338880 0.02426121
0.35007745 0.17057836 0.77629285 0.02793466
0.88928745 0.57254385 0.83508755 0.03193750
0.84871219 0.46548963 0.53986681 0.04381244
0.31519740 0.49159434 0.58547575 0.04271684
0.58418526 0.44027182 0.77679544 0.02411892
0.84808526 0.56897869 0.22004441 0.03123706
0.59667733 0.11504592 0.43113112 0.04246332
0.86345113 0.06622389 0.91394629 0.03987788
0.61185294 0.31273707 0.57583427 0.03739940
0.80986831 0.72059401 0.67127908 0.04156302
0.34764341 0.64674568 0.45778975 0.04428139
0.42127239 0.41303515 0.33880319 0.03282494
0.43924308 0.91269715 0.65487041 0.03852058
0.43464335 0.36032052 0.76538804 0.02846603
0.84668523 0.63968968 0.30273124 0.04464996
0.81551328 0.52463902 0.76862888 0.02974371
0.70363588 0.51660551 0.73660070 0.03734660
0.47004359 0.36257048 0.12278068 0.03726038
0.12884669 0.92628518 0.21889207 0.03272570
0.82313637 0.66237174 0.55988925 0.04303164
0.47040812 0.36166507 0.25433002 0.02757307
0.33621208 0.86321185 0.85739249 0.03782216
0.24734322 0.28183751 0.80449140 0.04105391
0.60280723 0.26534233 0.14930694 0.03362641
0.47997101 0.19567204 0.60672622 0.03600160
0.51723283 0.75405654 0.07463454 0.02902367
0.83023026 0.80524729 0.53403992 0.03145361
0.88643710 0.78042262 0.80422749 0.04433195
0.63564508 0.68245398 0.59883143 0.02609516
0.09862296 0.73304881 0.69983840 0.04274086
0.28411515 0.61757378 0.36252074 0.02991784
0.45354959 0.74387945 0.92304594 0.04266898
0.18345535 0.85583785 0.53685046 0.03088090
0.61664033 0.92173002 0.53933778 0.04690008
0.18075073 0.37364360 0.08511806 0.03625262
0.66557317 0.66408174 0.23243719 0.04423072
0.57177158 0.93088222 0.23949750 0.03424523
0.28851218 0.72246607 0.46174027 0.02963366
0.50765219 0.24118447 0.76830808 0.02510207
0.08106392 0.58285928 0.80493013 0.03081162
0.72056537 0.50983527 0.53615069 0.03279913
0.89324905 0.25523054 0.29533253 0.03479379
0.43873188 0.77869064 0.60880315 0.04383897
0.12293893 0.06923063 0.11250934 0.02715630
0.71782154 0.45801686 0.45597211 0.03312770
0.47717450 0.76618843 0.41429708 0.03510422
0.10313836 0.73478305 0.17907524 0.04523630
0.07343002 0.53365204 0.06702993 0.03843970
0.19393345 0.22067223 0.60953898 0.02720701
0.91999492 0.68097647 0.69870184 0.04526298
0.41504470 0.28561171 0.22011617 0.04534571
0.77994167 0.18370383 0.28892924 0.02658710
0.33683359 0.91557036 0.29897485 0.04320337
0.33759736 0.85956189 0.38319299 0.03642427
0.51082005 0.88630874 0.08714039 0.03404782
0.83878252 0.09043717 0.51910541 0.04077587
0.81830654 0.55181295 0.66843553 0.03149226
0.61281754 0.31543968 0.06858777 0.03450527
0.33534711 0.51507861 0.86361879 0.03744795
0.27756996 0.38666791 0.88027466 0.03387878
0.79464270 0.85957018 0.26716463 0.04600062
0.25538232 0.33348595 0.20824769 0.02582770
0.42466856 0.77578089 0.22551098 0.03816849
0.25632849 0.64745255 0.49752910 0.02510290
0.21504089 0.56195012 0.93517732 0.03607663
0.09212901 0.14547168 0.12086773 0.03789569
0.39046751 0.91798419 0.20805149 0.03447866
0.72841014 0.77688287 0.61324726 0.04685371
0.47991644 0.07703547 0.37229851 0.03963240
0.06243615 0.73105833 0.33892800 0.02701949
0.26125199 0.36235579 0.52039261 0.04712911
0.46875293 0.17563706 0.33789643 0.04167867
0.65242190 0.73685363 0.17589737 0.03573233
0.66225632 0.45591717 0.86027368 0.03972116
0.06958826 0.48645368 0.81258499 0.03905358
0.23784070 0.71260794 0.31913319 0.04407592
0.25898977 0.25268814 0.23957010 0.04143124
0.39006592 0.07662846 0.15201743 0.02713481
0.79684352 0.44264962 0.87538813 0.03098230
0.48095454 0.17594786 0.91269958 0.04051873
0.23426590 0.43850879 0.41440147 0.02754605
0.70504953 0.22168594 0.62866681 0.02723535
0.58452399 0.32202066 0.70155304 0.03890769
0.43633357 0.74134666 0.12037285 0.04620108
0.23513645 0.40971562 0.32794071 0.04358770
0.86312090 0.38347474 0.52754826 0.02565246
0.17731144 0.24248529 0.12820942 0.03548526
0.29097838 0.37470263 0.15643671 0.03581314
0.71021434 0.19347645 0.54473245 0.03628772
0.08732089 0.80956804 0.55061873 0.04422171
0.72813218 0.69126211 0.92966608 0.03332649
0.05948130 0.88520712 0.81773147 0.03035452
0.51444959 0.67918822 0.74288994 0.04106021
0.83959467 0.53827154 0.31089766 0.03092480
0.65475911 0.25365609 0.47102954 0.03196035
0.61239246 0.83433661 0.45365312 0.03122569
0.46285627 0.63484454 0.18223487 0.04238086
0.86028939 0.59284596 0.73482345 0.03403331
0.60632231 0.78901037 0.07922551 0.04628486
0.13972972 0.34825086 0.88063224 0.04724683
0.79074013 0.82540736 0.44579495 0.02396230
0.76904888 0.48032240 0.17497788 0.02982395
0.66162028 0.41013659 0.50505833 0.03369123
0.06545947 0.69311725 0.55767995 0.02717749
0.50610733 0.75173255 0.66887139 0.04262124
0.91890873 0.34161140 0.92531600 0.03341440
0.76036089 0.44037954 0.37332149 0.02973579
0.22918317 0.57323403 0.84168350 0.04484918
0.87107206 0.30560212 0.59572705 0.03434528
0.18558851 0.69176926 0.67632021 0.03187138
0.38720983 0.37257874 0.11045428 0.03383542
0.68048138 0.59888568 0.62911504 0.03875161
0.46683925 0.43658232 0.49758099 0.02811889
0.35922876 0.28725230 0.80781723 0.02758588
0.32202398 0.81523431 0.65040610 0.03585332
0.17335718 0.47439762 0.92354712 0.03879501
0.62406885 0.20217525 0.61897324 0.04627211
0.47262109 0.43712117 0.58673912 0.03718448
0.71594641 0.56824448 0.86521569 0.04393678
0.94130801 0.09851737 0.23009878 0.02528757
0.15432140 0.60892021 0.10190361 0.03379038
0.48956346 0.52214224 0.09328032 0.04263840
0.37007915 0.26442287 0.44248208 0.03905051
0.47333305 0.92323570 0.38028773 0.03283360
0.39191395 0.93278585 0.11391072 0.03696466
0.08916819 0.56236101 0.22004077 0.03602178
0.91868863 0.82638741 0.45806899 0.03873528
0.38324730 0.18015611 0.70283648 0.02733113
0.45511112 0.83894016 0.52425171 0.03507906
0.12724952 0.40986912 0.76557947 0.02716067
0.73885198 0.31294995 0.24747279 0.02830230
0.40874262 0.39291404 0.64348990 0.02414700
0.41535249 0.34436833 0.55035903 0.03923000
0.78529806 0.67026727 0.85675090 0.04734469
0.11356726 0.47662182 0.36434446 0.02469356
0.54210986 0.25222281 0.65177060 0.03154858
0.13697942 0.83108478 0.26466583 0.02714134
0.56313725 0.52277073 0.12583305 0.03291760
0.88741429 0.76836674 0.31433907 0.04451049
0.67437402 0.65323080 0.43745898 0.02463143
0.53110885 0.10247083 0.18448654 0.04198499
0.35342928 0.10070991 0.59375319 0.02834364
0.07394011 0.82800357 0.63733326 0.03453390
0.42963088 0.82680170 0.12420275 0.02525441
0.17112280 0.73966938 0.79986352 0.03498641
0.48780745 0.26567717 0.90686658 0.02477816
0.59745422 0.90500063 0.36730111 0.04616745
0.70259841 0.28503333 0.58761231 0.03811701
0.11580171 0.18162925 0.79506868 0.04309721
0.52725815 0.28070918 0.32147106 0.03843571
0.43272486 0.12592243 0.84094014 0.04447630
0.80812033 0.59129420 0.91416592 0.02759388
0.58457870 0.58755073 0.60233839 0.03195988
0.72489280 0.90268545 0.53115675 0.02515546
0.82683520 0.34582215 0.17526481 0.04328623
0.23029690 0.75934319 0.06110351 0.02460662
0.07567904 0.94104202 0.57272313 0.03095446
0.88049050 0.50631513 0.45981070 0.03071769
0.29416516 0.33007695 0.38799417 0.03771195
0.57519726 0.67418769 0.11928518 0.02955564
0.71613066 0.76147341 0.71490918 0.04681323
0.27176150 0.22281876 0.40663993 0.04522245
0.77941950 0.60055046 0.73028485 0.03136341
0.13866294 0.26755670 0.46630960 0.03541386
0.57044605 0.23983593 0.52568551 0.03935530
0.66206717 0.85341162 0.12438431 0.03158381
0.23457439 0.80028929 0.64347754 0.04461646
0.43698558 0.35442959 0.93865778 0.02844853
0.93495620 0.51660039 0.21068861 0.03278062
0.38357580 0.16195001 0.62075499 0.02552113
0.93257511 0.87885960 0.19092090 0.03358060
0.46610998 0.55376208 0.74730493 0.03312845
0.42978696 0.29113279 0.86052028 0.03532086
0.18432720 0.23598750 0.85281876 0.02915545
0.32132884 0.69206071 0.22714563 0.03285251
0.60962670 0.62306522 0.34662531 0.02951867
0.84173379 0.46404008 0.73696472 0.02535287
0.58123875 0.43670237 0.39519321 0.02977985
0.80718532 0.93061783 0.86918241 0.02814335
0.38271305 0.59128590 0.90152881 0.03650392
0.66668391 0.41531643 0.17900258 0.03310475
0.35439308 0.25198983 0.87441436 0.03445278
0.58575041 0.71403349 0.53641979 0.04012894
0.87338376 0.81446312 0.21160382 0.04038766
0.40040806 0.53404469 0.35589438 0.02624265
0.66263137 0.55339156 0.37677379 0.03986396
0.87972742 0.58443463 0.91794442 0.03831142
0.06661837 0.30480977 0.53051578 0.03605919
0.87522340 0.13014992 0.30589172 0.03917760
0.11702510 0.06429913 0.92363686 0.02542537
0.34874528 0.33429283 0.86925695 0.04266827
0.21736681 0.52408558 0.42564258 0.02586371
0.87356354 0.22221298 0.81049652 0.04276567
0.33122006 0.09967083 0.31426387 0.02388769
0.90104093 0.47962510 0.30396745 0.03220539
0.14950934 0.25879105 0.91462285 0.03429037
0.86154569 0.84659753 0.87495367 0.03050982
0.19919488 0.45077541 0.13184492 0.03194650
0.22951653 0.67063776 0.56592541 0.02767631
0.28069363 0.61130635 0.10017303 0.04449142
0.81825181 0.92418204 0.07056046 0.03600971
0.25450173 0.09775989 0.06454220 0.02975499
0.10118507 0.30549488 0.62282014 0.03539214
0.17453108 0.88783762 0.77049214 0.03056729
0.23079829 0.87062637 0.87284885 0.04602818
0.29998622 0.54564590 0.22069186 0.03048418
0.61834803 0.64478340 0.44083025 0.02715076
0.49346182 0.46867555 0.77558825 0.02515973
0.40350153 0.26906082 0.66571395 0.02984570
0.61407904 0.19957264 0.07372425 0.03486618
0.23026717 0.13446845 0.82819865 0.03069245
0.66479163 0.15949244 0.06108780 0.02584448
0.77077047 0.77538344 0.83163570 0.02439502
0.50535955 0.66782338 0.65988866 0.03699835
0.21463518 0.91705250 0.71474314 0.03044382
0.57219092 0.90457513 0.12743114 0.02992005
0.60689318 0.25280303 0.73793509 0.02573394
0.64519032 0.15736639 0.13680865 0.03724362
0.69660461 0.41992384 0.70828270 0.04658735
0.33533405 0.59396090 0.58415702 0.03058969
0.28931673 0.72853141 0.87862431 0.04461820
0.47845003 0.64153451 0.80942424 0.02377453
0.81782464 0.37896427 0.85005219 0.02811381
0.58199969 0.26646775 0.43636046 0.03919696
0.35278610 0.60869642 0.29040649 0.04070579
0.59713348 0.25574872 0.87588971 0.04613435
0.61709282 0.68747874 0.71562984 0.02945226
0.72924693 0.85551498 0.57713169 0.03301879
0.74912296 0.08770104 0.26865424 0.02675273
0.90335527 0.33031801 0.76883547 0.02478197
0.70258766 0.55898066 0.49318374 0.02452529
0.50206540 0.14055171 0.73886535 0.04274194
0.24807817 0.60517947 0.21588155 0.03303432
0.11121406 0.86380422 0.86969012 0.04092347
0.61291774 0.32415574 0.78167720 0.03316599
0.08864509 0.09539635 0.18613840 0.02540742
0.90168306 0.15669672 0.63015116 0.03313957
0.39467694 0.42747766 0.48448773 0.03940210
0.80056440 0.76494691 0.18273932 0.04435615
0.85077174 0.73703632 0.43060693 0.03648006
0.38159934 0.57442942 0.52962334 0.03471774
0.63848410 0.90933084 0.05861945 0.02971608
0.28434526 0.63048839 0.68842251 0.03754837
0.63795586 0.77438000 0.76931655 0.03619941
0.45740331 0.41981139 0.82645829 0.03846745
0.18293462 0.88015617 0.08997515 0.02464262
0.53546203 0.60546890 0.25958075 0.02745441
0.24351685 0.15540844 0.74084247 0.02409601
0.94725553 0.40094243 0.86361205 0.02567889
0.51111674 0.56493143 0.44755185 0.03472625
0.76325121 0.75727642 0.30193454 0.04527368
0.43658687 0.81116473 0.45580600 0.02895490
0.31156642 0.16932676 0.64732050 0.03638931
0.62618817 0.24592050 0.29456911 0.04338576
0.53682235 0.48012426 0.47133422 0.03368930
0.90534090 0.59306771 0.59079955 0.03731146
0.26058590 0.91740966 0.50821774 0.02480240
0.13027999 0.82370027 0.45368555 0.02978802
0.70687603 0.75911957 0.45412419 0.03709242
0.79334403 0.08148707 0.89863698 0.02812303
0.23943792 0.11876091 0.23461708 0.03383330
0.15007507 0.30928869 0.73840512 0.03085392
0.76219218 0.51489682 0.26689637 0.03896859
0.32934001 0.09034252 0.85119603 0.03866410
0.20615696 0.34051577 0.27413984 0.02547224
0.18303121 0.81607638 0.14441829 0.02469372
0.08395590 0.65703214 0.26110210 0.02906157
0.18216094 0.39180685 0.43341613 0.03357280
0.43226951 0.29598458 0.32197528 0.02700864
0.68093526 0.25765421 0.80523899 0.03181410
0.59054139 0.69320812 0.81473381 0.03372377
0.27166075 0.86958966 0.74412004 0.03992640
0.32713191 0.83784734 0.16857583 0.03105031
0.30650541 0.78481835 0.38207161 0.03879469
0.23375485 0.48393944 0.76279355 0.04116744
0.45682535 0.85546673 0.83020072 0.03040458
0.57880003 0.77513276 0.85337952 0.04054571
0.64034410 0.49669884 0.60565870 0.03557699
0.43743741 0.06786666 0.23332659 0.03758295
0.18732060 0.58738881 0.59875759 0.03135491
0.10972425 0.39123590 0.67488831 0.02814478
0.22737424 0.45872746 0.60858681 0.02619194
0.16250243 0.60777335 0.40259041 0.04156545
0.74062890 0.40631979 0.92836264 0.03649365
0.48144447 0.71856847 0.56369152 0.03598635
0.49049599 0.22530247 0.40596339 0.03235855
0.46628163 0.29705969 0.52404037 0.02446159
0.44835429 0.64123438 0.27399112 0.04115328
0.72364061 0.86950394 0.44839725 0.03421046
0.09007333 0.19204079 0.31168051 0.03815522
0.65242391 0.83363029 0.54232198 0.02386571
0.60124482 0.32693508 0.38340818 0.03665015
0.77004506 0.23939834 0.34937329 0.03740482
0.33466538 0.71724054 0.31346027 0.04518524
0.31690140 0.42375721 0.24798914 0.03250370
0.06787706 0.29457715 0.76304930 0.03100120
0.79570070 0.53493023 0.53775164 0.02574551
0.09697437 0.82547562 0.09925622 0.04334791
0.63572653 0.53767432 0.83951844 0.03217893
0.39173603 0.64428322 0.13518213 0.03321338
0.18821586 0.67376696 0.85817095 0.03287271
0.73606529 0.31176060 0.90502145 0.03130508
0.36919835 0.45501965 0.80109214 0.04525271
0.08206400 0.61081978 0.14665093 0.03508970
0.93667981 0.60044818 0.39048364 0.02425064
0.40085257 0.45730177 0.88791188 0.02438005
0.75117182 0.14632562 0.59295989 0.03576188
0.07870465 0.30865057 0.35286646 0.02410837
0.77145728 0.08995701 0.37486712 0.03235263
0.23854310 0.71989265 0.41348140 0.02648822
0.84007896 0.18177519 0.90759155 0.03525616
0.13980187 0.25112577 0.77569264 0.02476245
0.63472571 0.21369011 0.20700952 0.03457698
0.69025085 0.13081483 0.82814250 0.02615874
0.54602824 0.58608808 0.18166044 0.02536809
0.59155016 0.19136154 0.35620038 0.03910794
0.69320575 0.92049089 0.88379695 0.02756815
0.82394505 0.22114002 0.10278853 0.02822578
0.14934451 0.40271301 0.31264688 0.03025555
0.18159607 0.56451470 0.25488639 0.04419902
0.08338222 0.16131846 0.39352805 0.04437067
0.30356703 0.14383438 0.16382104 0.03329973
0.89932697 0.24081121 0.71904896 0.03130119
0.72488967 0.70108594 0.37027766 0.03472450
0.22964344 0.80472007 0.50296510 0.03518529
0.36573001 0.30818907 0.13240354 0.03033576
0.17310155 0.74895162 0.60467941 0.03786093
0.79482130 0.78203234 0.07968780 0.04372156
0.94404515 0.16216048 0.49119639 0.03009221
0.17402799 0.64013445 0.48971524 0.04251312
0.83768233 0.21593358 0.62401471 0.02836439
0.23364274 0.84674716 0.39955075 0.04398392
0.08385496 0.29945887 0.21544251 0.02885569
0.88655807 0.48152031 0.62584452 0.03208781
0.25714042 0.69278986 0.72081424 0.02799919
0.33773633 0.53986050 0.66007513 0.03549786
0.78548670 0.50297475 0.09768846 0.02458985
0.27138951 0.36559806 0.72504663 0.02557477
0.07383419 0.68446530 0.92943725 0.02619992
0.87340283 0.73664951 0.50913730 0.02702416
0.14641107 0.34057410 0.16644933 0.03452241
0.33015776 0.40021092 0.32009502 0.02993446
0.84120520 0.26615535 0.73030886 0.02827050
0.06491528 0.56695584 0.32943517 0.03053734
0.88844545 0.84857106 0.58595950 0.02418611
0.20826518 0.22476163 0.46756562 0.03087908
0.51014963 0.93573620 0.17534517 0.03585951
0.27262152 0.08742416 0.70544209 0.03923443
0.39088032 0.59971046 0.63915422 0.03151131
0.79063555 0.39321211 0.61744143 0.02856885
0.42315160 0.25358408 0.05126616 0.02464722
0.89235714 0.40552771 0.32667368 0.04003577
0.52947396 0.90874649 0.72857927 0.03299442
0.74410670 0.39638867 0.56420734 0.02426503
0.29519089 0.63298373 0.79776675 0.03857427
0.49773832 0.49096626 0.93924831 0.03105523
0.44613622 0.20465070 0.52591340 0.02883599
0.64515026 0.64261376 0.08201410 0.04636216
0.12382474 0.16047696 0.67363123 0.04367494
0.78125977 0.06580192 0.20362221 0.02985885
0.26093548 0.16071889 0.91622548 0.03954610
0.42754194 0.31894406 0.06847727 0.02793803
0.75854509 0.51541100 0.42396723 0.03415112
0.23495686 0.89698016 0.63032360 0.04713377
0.08897015 0.92441424 0.34245918 0.04010319
0.77775361 0.92599766 0.71386498 0.02431771
0.72677272 0.65563052 0.11902552 0.02928028
0.73927118 0.26779529 0.09965433 0.04724504
0.11994931 0.52278717 0.63293948 0.03192466
0.86377735 0.49601898 0.82952258 0.03211369
0.07224532 0.42642935 0.08351481 0.03799322
0.48371922 0.56685889 0.26843744 0.03120713
0.40814644 0.50575369 0.23423537 0.03700931
0.72745693 0.34805036 0.62886490 0.02747285
0.61782894 0.62196799 0.67151028 0.02861246
0.36722508 0.53311083 0.06758819 0.03578960
0.08005191 0.46630064 0.91215988 0.02696467
0.11044845 0.84070900 0.78819187 0.02597334
0.47227878 0.43754240 0.41478120 0.04322427
0.27387326 0.76323881 0.69736665 0.02412786
0.54881779 0.57611456 0.69688508 0.02959202
0.72069611 0.14670192 0.37731770 0.03433714
0.31404601 0.30278479 0.06961249 0.04183782
0.92832459 0.67067932 0.29368028 0.02959113
0.31473142 0.93440307 0.77416739 0.03817519
0.61715244 0.47485913 0.69214803 0.03280323
0.86425573 0.29704380 0.36968572 0.03377551
0.21553174 0.17149815 0.66439643 0.02664980
0.73240382 0.68913171 0.55135137 0.02810449
0.11934253 0.78156049 0.91433793 0.04595734
0.63939442 0.90352519 0.72931934 0.02582258
0.07053278 0.35212291 0.94143040 0.02652618
0.24227820 0.92403742 0.11650503 0.03248159
0.84115968 0.57909683 0.46180711 0.02466170
0.44675249 0.05398404 0.60167356 0.02407135
0.82801740 0.17542172 0.49908580 0.03539391
0.31691539 0.23712036 0.76521954 0.03256820
0.69730095 0.56524885 0.12979006 0.02635297
0.62214604 0.12729312 0.27692697 0.04006475
0.73472541 0.88363975 0.34404831 0.02678889
0.51691879 0.53385568 0.31666373 0.02866886
0.07825450 0.42944886 0.34372829 0.03105203
0.89606153 0.82555610 0.72009400 0.03947663
0.17766266 0.25145903 0.23776494 0.02903832
0.64244482 0.52395358 0.11240033 0.03723916
0.91329845 0.67276009 0.38489803 0.03237511
0.29597130 0.13299165 0.52437947 0.03970112
0.74675861 0.39691724 0.80538029 0.04070009
0.08674857 0.58407308 0.55616010 0.03377791
0.83395841 0.89783926 0.35239439 0.04430858
0.72068553 0.18343522 0.14972019 0.02883492
0.42454363 0.69976276 0.85056019 0.03034367
0.79173302 0.68814587 0.41154701 0.02733078
0.18208551 0.14514579 0.38984485 0.04387347
0.29702182 0.84676624 0.27214943 0.02592538
0.12230481 0.57060276 0.70676643 0.03149033
0.19047379 0.74301141 0.45003250 0.02561545
0.55818869 0.42638704 0.11931825 0.04267166
0.55159337 0.39494512 0.46091665 0.03259658
0.09661922 0.14162863 0.23395774 0.02976080
0.35005658 0.44205339 0.70311800 0.04072602
0.37786385 0.44650640 0.09340227 0.03161309
0.50961039 0.06689644 0.45143510 0.02883492
0.20838176 0.56793208 0.47909289 0.02471609
0.80298442 0.20248500 0.84684235 0.02857267
0.35891891 0.70848517 0.92709203 0.02790207
0.46454277 0.76184568 0.30572013 0.03294101
0.74560970 0.60272955 0.06231363 0.02985829
0.49054422 0.33277252 0.64085969 0.04717237
0.70664343 0.90459484 0.07950976 0.03484655
0.84549563 0.18930481 0.37515941 0.02681972
0.38590184 0.57468809 0.17174261 0.02561478
0.16234571 0.29950542 0.09557666 0.02594523
0.47767028 0.88987269 0.44104148 0.02719724
0.42500164 0.57842119 0.41760293 0.03749244
0.75691113 0.23516695 0.20837929 0.04146274
0.53568636 0.31879124 0.83165754 0.02437705
0.43270637 0.14661697 0.70033164 0.02543331
0.33526791 0.79275299 0.80714923 0.03865636
0.08485817 0.93115983 0.64148000 0.02745336
0.11390624 0.10045724 0.76911160 0.03294111
0.53800715 0.10863747 0.53395946 0.02814835
0.71937884 0.35965255 0.47379375 0.04006799
0.38492908 0.53207805 0.60250848 0.03427861
0.21443159 0.86945074 0.22610034 0.03297338
0.73591586 0.87309983 0.77500941 0.03174425
0.88628265 0.31963890 0.44842642 0.04309052
0.36594055 0.66979088 0.87679518 0.02859162
0.50472149 0.37766017 0.77462996 0.02933449
0.88861838 0.22027719 0.48483756 0.03370922
0.69238751 0.83873293 0.23243657 0.03616892
0.15826454 0.69937045 0.91858166 0.03337699
0.07691724 0.45460656 0.23508246 0.03349990
0.41237458 0.12265026 0.47130058 0.03421274
0.53607260 0.33542306 0.16134981 0.02910813
0.51166457 0.05226111 0.68672577 0.02574028
0.90957743 0.64119116 0.49499556 0.04130266
0.87870537 0.57006297 0.10319224 0.03413169
0.28028635 0.43009320 0.64793162 0.02674813
0.36672090 0.93868608 0.59245994 0.03084972
0.93337314 0.49617580 0.39858698 0.03656892
0.33680815 0.52804137 0.47518076 0.03698502
0.82213004 0.74412832 0.74678190 0.02719816
0.08754499 0.21268076 0.92511291 0.02409540
0.31962928 0.06357071 0.93298161 0.02987426
0.60792470 0.57294657 0.54097428 0.02505797
0.80023398 0.37508850 0.08754160 0.02877635
0.27987023 0.79852414 0.09966978 0.04290830
0.14244435 0.91215318 0.57273286 0.03647067
0.34086208 0.80590574 0.52636273 0.03694886
0.90056740 0.73314496 0.91446926 0.04037515
0.66660279 0.53132616 0.22392150 0.02727882
0.89407427 0.55270988 0.66697544 0.02658726
0.55456485 0.09416268 0.87643872 0.02948692
0.46907209 0.93234375 0.90615972 0.03478217
0.25702517 0.64481519 0.42164404 0.02933317
0.24209521 0.55660073 0.33194298 0.03480334
0.66063707 0.75237463 0.53683311 0.03891362
0.80075243 0.12906701 0.81830177 0.02761508
0.07857683 0.84893968 0.29582245 0.03598554
0.61967792 0.06267003 0.16069786 0.03546762
0.50886993 0.74646808 0.22661092 0.03726382
0.64939419 0.20160372 0.73728140 0.02616889
0.56431152 0.49079639 0.35963305 0.02497671
0.07325516 0.34674559 0.47157416 0.02933317
0.22290195 0.28229549 0.56871111 0.03816166
0.65060003 0.79931619 0.91482667 0.02805324
0.52086682 0.81384481 0.53366542 0.02676259
0.64911279 0.93500409 0.20398850 0.03707991
0.46609407 0.58437063 0.64286643 0.03421763
0.24494270 0.33323578 0.90402558 0.02685497
0.08035191 0.24569848 0.09804793 0.02632084
0.89174847 0.47006022 0.08001176 0.02921800
0.54987260 0.24043326 0.18431083 0.02563661
0.71826528 0.90042729 0.16948205 0.02839389
0.65451933 0.74965465 0.29089450 0.03645849
0.19474844 0.51061855 0.55345341 0.04407290
0.64380380 0.49878483 0.46977767 0.04581169
0.89082039 0.40494302 0.70528300 0.02663168
0.41599566 0.15209519 0.19009763 0.04722126
0.37255810 0.07715309 0.51607858 0.02395650
0.48263540 0.38970829 0.91223890 0.02383441
0.75716266 0.21650601 0.44638512 0.04199744
0.71698065 0.58449028 0.28790352 0.03398650
0.48533276 0.82251337 0.76504554 0.02926906
0.93947687 0.08072166 0.40414960 0.02787088
0.66897079 0.11342326 0.61526976 0.03502990
0.36518058 0.16247372 0.30984061 0.02774047
0.46722963 0.63372396 0.40558410 0.02681606
0.47020595 0.16186565 0.09366404 0.04687248
0.65181808 0.70278767 0.92126890 0.03616706
0.49719711 0.46755163 0.29588190 0.02947191
0.13648103 0.36382246 0.52696009 0.03952647
0.86828673 0.92421291 0.82778417 0.04095206
0.79048441 0.57226461 0.13030504 0.04404358
0.06381187 0.67802850 0.75770360 0.03421594
0.53404746 0.12694415 0.30915439 0.03138484
0.21380107 0.49754529 0.07053691 0.02692388
0.93546262 0.09960710 0.77377805 0.03666349
0.08678435 0.11604658 0.83672097 0.02393593
0.58025939 0.77444697 0.94224156 0.02399996
0.16353252 0.73737868 0.07210361 0.02922231
0.17674335 0.68725979 0.11736020 0.02987507
0.09230818 0.17208768 0.47261886 0.02526524
0.69283829 0.47693236 0.26196270 0.02951845
0.41424206 0.84832400 0.91588776 0.03493787
0.82089602 0.60551983 0.62370386 0.03221169
0.13026771 0.34532074 0.25908441 0.02542693
0.15757311 0.44979741 0.70688509 0.02422292
0.24986327 0.07856839 0.79955813 0.02502514
0.77520177 0.51731379 0.88821882 0.03261019
0.07141307 0.82194012 0.17964966 0.02604322
0.89769218 0.08376056 0.59887929 0.03581625
0.78779863 0.66303644 0.15457293 0.03355083
0.19414488 0.16057190 0.25873293 0.02707250
0.87179583 0.89184493 0.65494018 0.04399046
0.72388018 0.40427567 0.30133808 0.02424318
0.41347748 0.40849398 0.17989295 0.04298564
0.27316956 0.94417253 0.42918981 0.02756316
0.37047948 0.37424566 0.68928154 0.02562965
0.91814642 0.10222582 0.66287329 0.02674742
0.82721068 0.16527262 0.20620005 0.03155091
0.46147369 0.57451599 0.34045986 0.02815334
0.19708577 0.80303753 0.92491598 0.02529746
0.22293699 0.18559787 0.53437170 0.02503458
0.24408581 0.36198285 0.63325718 0.02467586
0.55934258 0.39087316 0.85155512 0.03846528
0.41229862 0.05627916 0.41126369 0.02795449
0.41050077 0.26415314 0.79771438 0.02462344
0.40656723 0.21795973 0.89868599 0.02558510
0.93432538 0.48372296 0.79609310 0.03585334
0.15636341 0.09308088 0.83508761 0.03413228
0.62499626 0.50009320 0.77356293 0.02487522
0.55650739 0.41800149 0.54648448 0.02540181
0.12341047 0.42118419 0.58662760 0.02892987
0.80022049 0.77358948 0.39560479 0.02976501
0.89813665 0.20380049 0.56051760 0.02679774
0.15149672 0.67578729 0.29541832 0.02657436
0.54959071 0.19749456 0.79701925 0.02670016
0.50095026 0.24915505 0.14680173 0.02995418
0.13200983 0.07249799 0.32737429 0.02385544
0.42305502 0.93016160 0.52952292 0.04045482
0.50376215 0.14702901 0.42839315 0.03060189
0.13491658 0.33350944 0.79830215 0.02582174
0.64547046 0.16291105 0.46282110 0.02593328
0.58095279 0.55004778 0.34274732 0.02998659
0.63110851 0.31425236 0.18464751 0.02398629
0.79081024 0.22512545 0.94381949 0.02652809
0.36236837 0.18169900 0.50732346 0.03746980
0.90657190 0.72952765 0.22680834 0.02944195
0.35507035 0.57080650 0.81460234 0.02601089
0.64237543 0.61867486 0.49713046 0.02600178
0.12966326 0.68615546 0.55541073 0.03052964
0.92208967 0.89446490 0.28841398 0.03754203
0.31897261 0.32302013 0.63493434 0.03339658
0.48518999 0.84555628 0.90998377 0.02594622
0.73398528 0.25025329 0.67607357 0.02697686
0.10334059 0.22536417 0.55799606 0.04178415
0.74565750 0.58840459 0.55249747 0.03850362
0.76921732 0.53146195 0.81541089 0.02407958
0.13515625 0.67161813 0.78039080 0.02919351
0.65334586 0.66174977 0.78217318 0.03513469
0.52327878 0.71131847 0.50501729 0.02439155
0.44678849 0.21106752 0.74544457 0.03792697
0.94479043 0.53799667 0.06242229 0.02835968
0.05949167 0.93144665 0.09527517 0.02694452
0.22018451 0.14575206 0.11553770 0.02848258
0.62213266 0.87661827 0.92511941 0.03194970
0.20703182 0.75240194 0.87822541 0.02440461
0.80901184 0.26036469 0.56392028 0.03093571
0.55295152 0.77803518 0.29069419 0.03289825
0.55721311 0.83155968 0.77377266 0.02933700
0.20934200 0.07150817 0.45100498 0.04421323
0.77389895 0.30458525 0.50322002 0.03606562
0.80457496 0.73784581 0.52874953 0.03186714
0.50673011 0.21265557 0.46934179 0.02785716
0.64154563 0.36495306 0.71189861 0.02508230
0.76051361 0.87328099 0.10655135 0.02406125
0.15784490 0.45630272 0.85550988 0.02513933
0.56880014 0.74601048 0.14986807 0.03708818
0.30627843 0.19393741 0.33521554 0.03292995
0.48493105 0.31253537 0.43238915 0.04712902
0.56195481 0.52641522 0.89284900 0.02742980
0.81708248 0.37745147 0.68742823 0.02530231
0.31967917 0.68451641 0.08022951 0.03548099
0.40716433 0.70310482 0.77637845 0.02842440
0.20672918 0.38633610 0.21652670 0.02787645
0.89809376 0.89674938 0.43745133 0.03173462
0.11233377 0.77400188 0.33805872 0.03310586
0.69868244 0.08036472 0.55617072 0.03051643
0.16373014 0.78831832 0.66332195 0.02472559
0.18550130 0.65210270 0.21384521 0.03310711
0.92684435 0.57011139 0.77706095 0.02777744
0.30800727 0.80118329 0.90979481 0.03081892
0.36363189 0.61344896 0.71024042 0.02670447
0.12415854 0.58150742 0.92524699 0.04710885
0.66902132 0.59256178 0.75600314 0.02977713
0.54225945 0.17999733 0.56647321 0.03263871
0.54591455 0.49512920 0.57785742 0.02866766
0.22053013 0.33307248 0.35133069 0.02550792
0.62805303 0.86912077 0.65203652 0.03070983
0.40695093 0.27515977 0.94216121 0.03064360
0.23488590 0.49870977 0.27230610 0.03325800
0.74534320 0.15155907 0.92063557 0.04545885
0.45319628 0.49686725 0.53570995 0.03816596
0.79979999 0.48632436 0.48064395 0.02478626
0.25808171 0.30712552 0.65057956 0.02612163
0.33903415 0.17229781 0.08312887 0.02607548
0.92922591 0.55830992 0.30661550 0.02488935
0.17991210 0.93484839 0.82814065 0.03163037
0.26886710 0.50081289 0.47051560 0.02828906
0.09771515 0.81400473 0.73482856 0.03005194
0.68008240 0.26721134 0.37355339 0.02385689
0.55137545 0.52580616 0.63935143 0.03325796
0.66260551 0.33585197 0.24947160 0.03554732
0.71452859 0.74464158 0.15072834 0.02658278
0.91761164 0.38535482 0.09918615 0.04213293
0.82678710 0.90771295 0.57893829 0.03927319
0.07822133 0.71076613 0.43107310 0.03939446
0.29209054 0.25382853 0.15001603 0.03944218
0.60867488 0.08050277 0.06958592 0.02492060
0.78334001 0.37753289 0.34546289 0.03172417
0.43388661 0.67372398 0.59117685 0.02910150
0.73515586 0.66982692 0.76375484 0.02729934
0.27958690 0.45431486 0.16985178 0.03239851
0.12816262 0.47578931 0.11914248 0.02449282
0.07323995 0.68797937 0.07879950 0.02519322
0.87002014 0.28914202 0.52356224 0.02983159
0.47534870 0.85916677 0.21506870 0.03987996
0.36562064 0.42973956 0.60922881 0.02983833
0.24629306 0.59522944 0.74240929 0.03203164
0.83209625 0.19774151 0.73192349 0.02633955
0.92158732 0.36236258 0.21780306 0.02378255
0.81251033 0.30017707 0.87433754 0.03122563
0.53518799 0.47375942 0.20695406 0.04173976
0.82919254 0.75449644 0.88109609 0.03061102
0.77366153 0.40399874 0.27369232 0.02414502
0.91027276 0.14566096 0.06095383 0.02638319
0.80884867 0.82850297 0.64692695 0.02892393
0.07140247 0.71094431 0.62053300 0.02441734
0.14181661 0.88411743 0.40878752 0.03833323
0.37623817 0.07648633 0.72371635 0.03330712
0.38769647 0.07974884 0.91222651 0.03562385
0.21812401 0.12945038 0.59660422 0.02544986
0.16032456 0.30045590 0.65679639 0.02432046
0.34902151 0.24523687 0.27888190 0.03675995
0.74346365 0.62337439 0.23231467 0.03225086
0.05683836 0.24644401 0.36965927 0.02969023
0.17227907 0.38260104 0.36695710 0.02393294
0.18065652 0.09930916 0.27145237 0.02727889
0.46360234 0.61886621 0.05826095 0.03240908
0.67241764 0.37587375 0.91357816 0.03135787
0.70337374 0.94862920 0.58825256 0.02525014
0.83478576 0.80914834 0.92329661 0.02429668
0.05822778 0.80043916 0.85649452 0.03207793
0.09532840 0.90327347 0.71120044 0.03346909
0.73476430 0.62064746 0.39437337 0.02563571
0.45136027 0.73332501 0.49082095 0.03741720
0.91340535 0.67188801 0.80231479 0.03073809
0.76683242 0.60369170 0.46582148 0.03595602
0.75721975 0.78199959 0.94210181 0.03098776
0.36287272 0.82379561 0.08452831 0.03745953
0.47124509 0.73156145 0.76642539 0.02386540
0.51490050 0.08612854 0.05526684 0.02504951
0.08001236 0.88745393 0.15356298 0.03478898
0.36045597 0.23298295 0.63535083 0.02628856
0.26501243 0.54119466 0.07474419 0.02458399
0.58952566 0.64086368 0.92293683 0.03344682
0.06432115 0.25187077 0.70475117 0.02922911
0.70568582 0.36804143 0.08062963 0.02711290
0.06968825 0.44799511 0.71484546 0.02738340
0.70734535 0.46480742 0.11130097 0.02680844
0.43762497 0.48676160 0.66956382 0.03087370
0.89941476 0.26819608 0.91473803 0.02515181
0.52558145 0.69099642 0.94022173 0.02617117
0.69936492 0.77437121 0.83480755 0.03774087
0.37599120 0.06855538 0.35208201 0.02885079
0.73516959 0.09705556 0.08673358 0.02720723
0.72955363 0.19392198 0.78982624 0.03193796
0.80432977 0.06310473 0.82769960 0.02511244
0.63868631 0.89593247 0.28996462 0.02471386
0.20669467 0.29495749 0.47512697 0.02426059
0.69624160 0.89321279 0.67251714 0.03956982
0.22827195 0.73733219 0.94780932 0.02452514
0.71414743 0.12553255 0.13696517 0.02578471
0.23592391 0.47786928 0.86142837 0.02425655
0.25102166 0.91806558 0.35812043 0.02948333
0.38826735 0.75305333 0.39785154 0.02648587
0.65542244 0.42039492 0.43963262 0.02553990
0.69995724 0.25911884 0.89911619 0.02716515
0.85980989 0.30384522 0.81922817 0.03142383
0.35738437 0.73776604 0.13344115 0.02670565
0.75665692 0.92778349 0.40668720 0.03121690
0.94330277 0.80675783 0.66135554 0.02697033
0.93243616 0.33715452 0.32915906 0.03209210
0.66799812 0.40612409 0.61519108 0.04224612
0.92194773 0.92477089 0.58993181 0.03588988
0.37839710 0.20678047 0.12098450 0.02553876
0.91655779 0.40085360 0.47495599 0.02556522
0.19538972 0.35568891 0.78330243 0.03363459
0.89572941 0.88958714 0.51935556 0.03634741
0.30133652 0.76870422 0.25546053 0.03247176
0.81159847 0.89999550 0.47938051 0.02923281
0.71773275 0.18746319 0.69521795 0.02792469
0.53160564 0.88052537 0.49850712 0.02598681
0.67089412 0.24598894 0.68735910 0.02986354
0.77980667 0.13197708 0.47446150 0.02451342
0.93449422 0.20310475 0.94074145 0.03233993
0.34346108 0.38858835 0.56420814 0.02751976
0.07795858 0.62715940 0.44291940 0.03187903
0.29655508 0.75221022 0.60308903 0.03777004
0.67949524 0.94243865 0.42832438 0.03054006
0.76267013 0.63174601 0.31138964 0.02913409
0.35974103 0.63261289 0.19843608 0.02430333
0.06650763 0.35986441 0.81133514 0.03148194
0.92432966 0.67030902 0.86785575 0.03021867
0.10328354 0.54178893 0.41724945 0.02746132
0.81630248 0.30308215 0.27919144 0.03142914
0.64474138 0.81773309 0.81971567 0.02532313
0.66800227 0.41175737 0.78435043 0.02913062
0.55266608 0.12012763 0.79957988 0.03306339
0.11610666 0.43593899 0.45630271 0.03924022
0.68176599 0.60456351 0.92993215 0.03188072
0.79210029 0.71290594 0.93272466 0.02467116
0.27926743 0.94819698 0.87105733 0.02421897
0.17695438 0.22259292 0.29767422 0.02851443
0.08781816 0.46744382 0.61731680 0.02910056
0.17936568 0.75555475 0.24985775 0.03169390
0.63772306 0.08407469 0.87621851 0.04213719
0.68255389 0.08089799 0.21805920 0.03946330
0.10587532 0.27936422 0.14112087 0.02605169
0.37973427 0.18361428 0.41317989 0.03176941
0.15888821 0.44558313 0.20600908 0.02715759
0.27219781 0.25289161 0.93071182 0.03596008
0.86920923 0.57859856 0.40872766 0.02675897
0.07186437 0.84372494 0.23032739 0.02418758
0.14064122 0.12415891 0.57200818 0.03104383
0.18769439 0.49942558 0.38539348 0.02395864
0.34769152 0.46824567 0.15039572 0.02813847
0.15199375 0.16929049 0.08001182 0.03222205
0.34528835 0.45665572 0.39730591 0.03890409
0.13686364 0.65775822 0.62542704 0.02746634
0.53491786 0.61311104 0.83622054 0.02871398
0.22619660 0.06757988 0.36877674 0.02544725
0.29368115 0.09198830 0.45626723 0.02813846
0.79647518 0.06303327 0.31901177 0.02642895
0.88147240 0.74264276 0.66232128 0.02495527
0.74434598 0.51076940 0.65976493 0.03592155
0.91717877 0.75626967 0.16175304 0.03473960
0.38873461 0.93185079 0.76193974 0.02574216
0.06269048 0.07645610 0.08182074 0.03508939
0.63294480 0.39791343 0.10831495 0.03314207
0.38175923 0.63326689 0.37462756 0.02937536
0.07912971 0.40506206 0.89043336 0.03111430
0.20991665 0.39699939 0.87574055 0.02501506
0.46466812 0.79141400 0.06354512 0.02903595
0.53659437 0.29890582 0.24529377 0.03512902
0.20926605 0.09628012 0.94053828 0.02737967
0.07849090 0.75054772 0.07690886 0.02985037
0.90926058 0.13879432 0.41350835 0.03264945
0.05619661 0.21812885 0.14612414 0.02481457
0.94367618 0.94876747 0.42725795 0.02438293
0.51878020 0.82399580 0.07611566 0.02492401
0.46466367 0.66657238 0.89695487 0.02913150
0.44325707 0.62780163 0.48901458 0.03162417
0.42790346 0.55245920 0.48173560 0.02437874
0.88838567 0.45676700 0.15293975 0.02590345
0.44813237 0.48582966 0.16669370 0.03603198
0.26357706 0.37792494 0.09488943 0.02416841
0.90806986 0.89973481 0.07465244 0.04655525
0.78955783 0.30357872 0.79813428 0.03564439
0.88173203 0.06526983 0.16859788 0.03255504
0.38002883 0.61447493 0.76702979 0.02491428
0.46838409 0.88738169 0.75531346 0.02651951
0.71441459 0.22657283 0.28376344 0.02865230
0.21601822 0.27248992 0.33687071 0.02798612
0.34944458 0.36601520 0.78927905 0.03552472
0.88832322 0.11152109 0.83473990 0.03117563
0.92421414 0.23495455 0.37895183 0.03551546
0.92700532 0.37986221 0.58187474 0.03327098
0.92004399 0.81212862 0.54856970 0.02637225
0.26926449 0.49746959 0.68077813 0.04116283
0.05580125 0.05833006 0.66994643 0.02758296
0.22510293 0.17849172 0.31336368 0.02931485
0.67456624 0.41423169 0.36166375 0.03480874
0.79349449 0.65728083 0.22126386 0.02394621
0.82807096 0.62683227 0.06247896 0.03022459
0.40333368 0.83137406 0.30903344 0.02432544
0.16720581 0.79225305 0.39288420 0.02967846
0.94188254 0.15238499 0.88977602 0.02497416
0.53982359 0.76191255 0.56430879 0.02445510
0.53823960 0.05737845 0.11399117 0.02767137
0.83158352 0.58217925 0.53061190 0.02401811
0.13256335 0.81871232 0.17004970 0.02675744
0.34007501 0.18292038 0.93227592 0.02627486
0.62290744 0.79655233 0.60447498 0.02603565
0.79518341 0.62014240 0.37281863 0.03220046
0.43363913 0.52708057 0.80583174 0.03291243
0.90081048 0.60144103 0.17130207 0.03136800
0.32885463 0.91453156 0.47931171 0.04284265
0.28883330 0.71431284 0.52536116 0.02821273
0.85406837 0.45974790 0.22504315 0.04524224
0.52674339 0.52099402 0.71958028 0.02456550
0.47929696 0.22676123 0.83620986 0.03572124
0.15519405 0.06196553 0.22268126 0.03362505
0.12359574 0.17464514 0.87181072 0.02855531
0.34285816 0.37557140 0.42950643 0.02772139
0.89387095 0.13838075 0.20437031 0.03274917
0.71585761 0.14746166 0.30226013 0.02680365
0.05427484 0.40517664 0.52972297 0.02825629
0.59263677 0.59215675 0.28425419 0.02845692
0.24981334 0.20981147 0.69466847 0.02485903
0.42231400 0.45874350 0.93652725 0.02391308
0.55203304 0.66352175 0.59396325 0.02773822
0.30504205 0.52218060 0.74701291 0.02755631
0.79290766 0.05256584 0.06441824 0.02548399
0.58104521 0.79703236 0.38665348 0.02995236
0.33290529 0.26974449 0.53523911 0.03029113
0.74468314 0.38856780 0.14683617 0.02840056
0.14523852 0.51173944 0.76401924 0.04172575
0.84873628 0.90748242 0.92254372 0.02937106
0.26027056 0.42656596 0.81548363 0.03171509
0.06138352 0.47303972 0.54712520 0.03061166
0.07261898 0.91469521 0.43763386 0.02931689
0.11750620 0.91568780 0.92116478 0.02504949
0.34825383 0.90032494 0.93555506 0.02916166
0.10522483 0.06427789 0.61776423 0.02496713
0.38245483 0.10623439 0.29176363 0.02458952
0.56308729 0.44977941 0.93588203 0.03768134
0.64821621 0.69783840 0.48446586 0.02560297
0.27515063 0.07037924 0.61789865 0.03167918
0.12165045 0.69693196 0.36213262 0.03175261
0.87668143 0.39106303 0.80238133 0.03418911
0.32924595 0.35130839 0.28222449 0.02489308
0.48251927 0.77362076 0.82018543 0.02588637
0.32990534 0.10284252 0.05619406 0.02938385
0.52956228 0.37350807 0.32826689 0.03849907
0.65156343 0.33856217 0.32882501 0.02646193
0.93989026 0.65091737 0.22695013 0.02843292
0.32347577 0.42302863 0.46250466 0.02437321
0.41266394 0.90265419 0.41786550 0.03028509
0.26786043 0.23270874 0.61654830 0.02606549
0.74906317 0.45668448 0.61803418 0.02441816
0.93942501 0.27938647 0.07602860 0.02994214
0.35754428 0.93954089 0.83563319 0.02594785
0.71731250 0.37018871 0.22065741 0.02465726
0.28335758 0.59348264 0.46008700 0.02396195
0.37280711 0.84722835 0.22157884 0.02934020
0.60092143 0.52000099 0.24937966 0.03604931
0.69944445 0.93155746 0.35743573 0.02870497
0.85673760 0.09570465 0.74122297 0.02492970
0.42706911 0.48021954 0.75236196 0.02803352
0.20224097 0.06362623 0.07631686 0.02704947
0.39044120 0.85347487 0.59358804 0.04113922
0.61676277 0.12246979 0.53846619 0.03589872
0.32005907 0.93594970 0.67710624 0.02466133
0.50840668 0.57768313 0.93082529 0.02633252
0.85864651 0.38476364 0.60831515 0.02396915
0.17949695 0.38865595 0.69446503 0.02484974
0.15237338 0.61137317 0.17220288 0.02595268
0.91713831 0.30014036 0.22821539 0.03173827
0.80918655 0.87668523 0.82901728 0.02565710
0.48299235 0.27690138 0.72131251 0.02939140
0.93134957 0.11285210 0.15090189 0.03183416
0.21885104 0.81644885 0.30343452 0.02704977
0.20974589 0.05897185 0.75385434 0.03220049
0.31501570 0.93012400 0.16972996 0.03440306
0.83600905 0.27040272 0.20238544 0.02579428
0.24228387 0.54399313 0.14886646 0.03688192
0.06281998 0.37207705 0.60247708 0.03387247
0.76795201 0.65275456 0.67069925 0.03091956
0.73883879 0.45863327 0.86665967 0.02490886
0.89117839 0.90123568 0.75279858 0.02760163
0.90701859 0.71267816 0.04998660 0.02410359
0.50324943 0.49064910 0.85561951 0.03632255
0.65140874 0.64067221 0.87132672 0.03268438
0.72687259 0.46792063 0.32416462 0.02433670
0.26098640 0.55984919 0.59043709 0.02600069
0.28652918 0.66824745 0.62532720 0.02616024
0.32535816 0.72325942 0.76565003 0.02450589
0.91423553 0.63967424 0.94367825 0.02695717
0.94247870 0.30167191 0.49977691 0.02702491
0.25297211 0.71939037 0.80650075 0.02649105
0.94718706 0.87900104 0.83444551 0.02480739
0.14981354 0.70103862 0.43759516 0.02742836
0.45075516 0.62066620 0.75030286 0.03002899
0.89122387 0.10375942 0.46677627 0.02499574
0.84319491 0.42274853 0.14292043 0.02678555
0.86191899 0.50808840 0.69644482 0.02588379
0.32255786 0.48249081 0.28503774 0.02737889
0.53784654 0.24206417 0.07200703 0.03723893
0.82577842 0.59007638 0.82234027 0.02914640
0.54378935 0.75583851 0.44763971 0.02790959
0.12007801 0.52684466 0.85909295 0.03339294
0.74744825 0.92479164 0.62589076 0.02927527
0.51903937 0.10108464 0.66018507 0.02416291
0.62521684 0.48202669 0.31921731 0.03542648
0.62282010 0.13480310 0.79787464 0.03074989
0.09211741 0.73936807 0.79770995 0.02456438
0.31214160 0.91669961 0.07955633 0.03852046
0.24841680 0.80831142 0.25411307 0.02428196
0.29859870 0.74432348 0.17976900 0.03142172
0.63027348 0.42141503 0.94564658 0.02515656
0.84155005 0.25186468 0.42315385 0.02534802
0.75458505 0.05969158 0.46142557 0.03113913
0.48614625 0.06252317 0.85082220 0.03216683
0.82976320 0.39401796 0.43499332 0.03863627
0.58157699 0.36407259 0.21075970 0.02424757
0.42931269 0.49263901 0.32863539 0.02460715
0.73419567 0.05896073 0.64243069 0.03047181
0.14852922 0.19176000 0.19259813 0.02871336
0.65029986 0.91278241 0.82012574 0.04401472
0.18218051 0.82570536 0.06196860 0.03063646
0.60204703 0.57659481 0.13912662 0.02907956
0.12140371 0.27328011 0.26771005 0.02789932
0.55030785 0.17881475 0.67051765 0.02686978
0.26940933 0.87702186 0.15832194 0.02571861
0.25550008 0.47060973 0.93592049 0.02629575
0.33975312 0.36050153 0.21217317 0.03156216
0.91173931 0.51236755 0.90017940 0.03665792
0.79241746 0.16073794 0.65954618 0.02766747
0.78089247 0.84705841 0.92830714 0.02452278
0.92631317 0.23891798 0.61715147 0.02540735
0.10798596 0.62604684 0.21559330 0.02455003
0.60079687 0.82312472 0.70948455 0.04009016
0.47102098 0.22365015 0.24483992 0.03604075
0.86721576 0.89917811 0.20970656 0.02557347
0.52286069 0.88629146 0.28195688 0.03899646
0.22039890 0.29852615 0.11342563 0.02489696
0.41103063 0.35063552 0.42320381 0.03150255
0.60767214 0.75377571 0.66201920 0.03591625
0.80456800 0.54948537 0.37075473 0.03001205
0.80557894 0.38077260 0.54280112 0.02599754
0.44637344 0.20982233 0.66588930 0.02749609
0.07026169 0.33397662 0.69853382 0.03409149
0.37846391 0.35014792 0.32546209 0.02427162
0.10576234 0.06205857 0.86369243 0.02409736
0.40120119 0.77029526 0.34115329 0.02631412
0.36143819 0.76312132 0.89517650 0.02526745
0.83151068 0.72403129 0.11649281 0.02653812
0.92986793 0.73054001 0.76043991 0.02957647
0.07610237 0.28880711 0.86986598 0.03002760
0.08789807 0.18692821 0.05725304 0.02619857
0.12180493 0.50968174 0.30435423 0.02592371
0.28171735 0.07957469 0.19869114 0.02382345
0.10546457 0.50401890 0.15967315 0.02458440
0.84791372 0.77517655 0.60143290 0.02722587
0.05858701 0.06932105 0.35917646 0.02993155
0.05187279 0.50904868 0.32153065 0.02420572
0.45186229 0.43582582 0.12245981 0.02605184
0.36374842 0.77968373 0.17511033 0.02752229
0.26685745 0.81304315 0.19043477 0.02586028
0.81107874 0.29440123 0.94453607 0.02398170
0.18366333 0.93570880 0.90315609 0.03131489
0.61520591 0.56536886 0.74693719 0.02643825
0.39602035 0.13661552 0.35977329 0.02482180
0.17775605 0.88947544 0.17320062 0.02383378
0.44362547 0.12764680 0.57644251 0.03962554
0.37903638 0.37362147 0.93428629 0.02692047
0.37918152 0.63268651 0.82479380 0.03029273
0.25636279 0.09231893 0.12629613 0.02666529
0.30792867 0.68673362 0.39421888 0.02488159
0.55175407 0.06740075 0.25496499 0.02454420
0.41288401 0.69671499 0.21858162 0.03340628
0.06965471 0.14666115 0.57501807 0.03064482
0.19346947 0.94003069 0.49999527 0.02669669
0.29784348 0.89681564 0.90395511 0.02378765
0.31517335 0.55355683 0.36739353 0.03144674
0.67444376 0.71728395 0.65027971 0.02999797
0.50682947 0.36246085 0.56077543 0.03303709
0.09026214 0.40630882 0.16822090 0.02715082
0.27328195 0.05615623 0.52492137 0.02492368
0.40659474 0.08838847 0.07325844 0.03995225
0.92472492 0.52733061 0.55035644 0.03532038
0.25969653 0.79965904 0.74084588 0.02391555
0.28024682 0.34425411 0.80461161 0.02469423
0.65011580 0.45389840 0.06415635 0.03113484
0.94511761 0.12015983 0.54227041 0.02874368
0.88454115 0.08968616 0.06403932 0.02743210
0.94023817 0.73000436 0.63010215 0.03151314
0.60128132 0.36479033 0.15501925 0.02627758
0.48272958 0.06030981 0.53919798 0.02862985
0.58415734 0.63727660 0.17985464 0.02714303
0.05991513 0.79948300 0.44267405 0.02727072
0.79022398 0.45417663 0.77799219 0.02757669
0.21927713 0.73768684 0.18716170 0.02545837
0.06373304 0.61533897 0.73152068 0.02851609
0.06645196 0.28508285 0.93560576 0.03106912
0.77085038 0.06040978 0.58645323 0.02404248
0.15911369 0.44450618 0.52186910 0.02737824
0.57893460 0.60014301 0.47243209 0.03257910
0.33180721 0.74962085 0.07004504 0.02583270
0.52683223 0.84423186 0.85243362 0.02980691
0.06275348 0.19220916 0.73209732 0.03022853
0.11929484 0.70284663 0.85508441 0.03418758
0.28054567 0.64423087 0.26141479 0.02570829
0.26893534 0.85732431 0.56505025 0.03057536
0.79481635 0.32203175 0.42683674 0.03439586
0.15523254 0.89057629 0.68097873 0.02851494
0.38657900 0.70430797 0.54355047 0.03273952
0.07660519 0.22869127 0.20566124 0.02390690
0.59790608 0.46107586 0.55670368 0.02433376
0.22129720 0.74055124 0.72761531 0.02717329
0.12841353 0.73210079 0.51523780 0.02454643
0.63858773 0.06241491 0.78469593 0.03128568
0.75203790 0.50642364 0.35266138 0.02385230
0.25273372 0.67588337 0.18071816 0.02914215
0.56807190 0.91412096 0.88448665 0.02383571
0.24507150 0.93273204 0.22456271 0.03120199
0.51513207 0.43248835 0.73049874 0.03172835
0.05750490 0.18577386 0.62220537 0.02654287
0.55538175 0.69960511 0.21259045 0.02423912
0.06334133 0.32419218 0.15800390 0.03078253
0.42838105 0.16469070 0.27080816 0.03058998
0.93701170 0.44686716 0.25789824 0.02884508
0.66594652 0.64855430 0.36072518 0.02435957
0.39529707 0.86946876 0.80775836 0.03145555
0.24331508 0.19887540 0.85099611 0.02839704
0.78316517 0.82337538 0.78686312 0.03028734
0.21154088 0.57582891 0.06037008 0.03446302
0.83222461 0.48980911 0.36348787 0.03099080
0.20762725 0.44558078 0.67312738 0.02712152
0.58863869 0.05955754 0.31768693 0.02531216
0.81515209 0.24321670 0.67749937 0.02914750
0.69573074 0.78947765 0.33731824 0.02852355
0.89577989 0.15486828 0.71244139 0.03343243
0.51023626 0.39664659 0.21925338 0.02893862
0.74902193 0.70998329 0.06685813 0.02908400
0.22337333 0.91544769 0.28407877 0.02627218
0.45887536 0.70842732 0.38285360 0.02786895
0.25805546 0.78464104 0.79957336 0.02667813
0.24417454 0.63808554 0.89447341 0.02594827
0.81307247 0.92208628 0.15722265 0.03236919
0.61566518 0.58108276 0.21760814 0.02420592
0.44222199 0.41770594 0.27783146 0.02646489
0.80854665 0.94325942 0.25566822 0.02866260
0.32303387 0.31623941 0.72404696 0.03862176
0.55323714 0.75081101 0.76482030 0.03200247
0.65046222 0.41312894 0.25124849 0.03211632
0.55126281 0.52427178 0.40894614 0.02734203
0.91049641 0.46232693 0.73007155 0.03050192
0.65347562 0.06152255 0.40236365 0.03001759
0.56920902 0.58968646 0.07403990 0.03028690
0.61673134 0.46109375 0.17677709 0.02620901
0.48253989 0.68787076 0.44986183 0.02583244
0.48703247 0.39657948 0.06359718 0.02421916
0.53492233 0.73730161 0.90236137 0.02478542
0.29408086 0.17993640 0.26648607 0.02716133
0.51024098 0.83887513 0.70955432 0.02604704
0.88201149 0.71551595 0.57555229 0.03191935
0.84841122 0.50816501 0.15199117 0.02622687
0.14138368 0.64189824 0.70552551 0.02987105
0.16120437 0.32346939 0.42323340 0.02538352
0.24805511 0.07150253 0.87107408 0.03188735
0.53530678 0.93485012 0.45465421 0.03134389
0.65451427 0.53024459 0.91926015 0.02375725
0.88640464 0.81677131 0.38592044 0.02875300
0.59863911 0.62122220 0.75237350 0.02582831
0.30642508 0.12912865 0.24451094 0.02382585
0.15544215 0.32280840 0.58819292 0.02447802
0.67450984 0.10647255 0.08721531 0.02580895
0.16395601 0.79176864 0.72269658 0.02955024
0.78201903 0.49822386 0.71614978 0.02514413
0.64515625 0.07034890 0.67150299 0.02573380
0.27733421 0.37955191 0.43230305 0.02552602
0.73827507 0.49660833 0.06031918 0.03091383
0.30369058 0.66663660 0.93597750 0.03394545
0.54575630 0.06838851 0.75326171 0.02386966
0.39519299 0.07812101 0.65785161 0.02478070
0.27946284 0.28464428 0.87152439 0.02530341
0.71691967 0.34356888 0.31284269 0.03238743
0.42833617 0.91959638 0.05189160 0.02515460
0.18926487 0.17796096 0.72433360 0.02458555
0.41421783 0.77517743 0.79503565 0.03375107
0.53008176 0.93590623 0.64393766 0.02826075
0.46472852 0.93612440 0.22655423 0.02697749
0.69027261 0.20526557 0.86869106 0.02753536
0.05723876 0.86463618 0.46960666 0.02392722
0.62071814 0.82338203 0.33586997 0.02806910
0.38353834 0.92185192 0.69884405 0.02380558
0.65529618 0.25917695 0.09478552 0.02921863
0.46126136 0.39856609 0.67800453 0.02537347
0.17045173 0.54011206 0.15063883 0.02976674
0.48136531 0.55408252 0.18012948 0.03266513
0.33746824 0.42727638 0.90176170 0.03399997
0.06232484 0.33397945 0.08369058 0.02470462
0.71131170 0.57208679 0.20247211 0.02921700
0.94554258 0.76541737 0.48229453 0.02481968
0.33104699 0.66837390 0.56772350 0.03249246
0.80620062 0.31533018 0.68846347 0.02579599
0.92069386 0.43739777 0.54426893 0.02449454
0.60274622 0.19936882 0.78000873 0.02416776
0.42181675 0.94327031 0.32713338 0.03078632
0.66271339 0.20323120 0.39946564 0.03470876
0.93087600 0.30284700 0.85052744 0.03077673
0.36671337 0.85223338 0.45156372 0.02477464
0.63826420 0.29828807 0.94651730 0.02591139
0.72841383 0.51625499 0.14204504 0.02624368
0.93210574 0.59718180 0.71687252 0.03070613
0.65007802 0.80172560 0.16298330 0.02547051
0.83499796 0.87584668 0.73249445 0.02987129
0.73519710 0.54584445 0.94988321 0.02407501
0.23139203 0.17473683 0.17094946 0.02696995
0.27009143 0.24009327 0.48818554 0.02598942
0.20858524 0.64405634 0.35698410 0.02741990
0.16711294 0.83506315 0.82236052 0.02756882
0.30733285 0.24765376 0.68247352 0.02738293
0.35442601 0.72293342 0.82440290 0.02647593
0.07197138 0.24220639 0.81953232 0.03047498
0.70910017 0.84590815 0.29771761 0.02416554
0.24591706 0.24187649 0.08227674 0.02952018
0.80960553 0.71580972 0.36086146 0.02674023
0.20720525 0.50703869 0.64213001 0.02694102
0.88959225 0.94397305 0.94385888 0.02462044
0.54441421 0.13461155 0.94021154 0.02890261
0.93853298 0.17378658 0.80605376 0.03075305
0.75881996 0.93976027 0.78624526 0.02552203
0.83847273 0.66237054 0.91873573 0.02838965
0.42961933 0.21495481 0.39387738 0.02397419
0.51229466 0.63808908 0.11140702 0.03478190
0.70394774 0.94240861 0.27781065 0.02628654
0.45470689 0.54545270 0.90315403 0.02580503
0.59769743 0.59428593 0.86458930 0.03232236
0.73710629 0.81581195 0.15260894 0.02640670
0.32244012 0.53580085 0.14566072 0.02608154
0.68977400 0.08263770 0.48660039 0.02866639
0.69310983 0.79238338 0.09426680 0.02613574
0.48652997 0.52781848 0.59646863 0.03173949
0.81689669 0.42678140 0.06478625 0.02400681
0.88962952 0.24238902 0.07797927 0.02423764
0.68149852 0.52703036 0.30438985 0.02953920
0.93869318 0.25000044 0.54850850 0.02739550
0.57815603 0.13414397 0.10207595 0.03117396
0.32302889 0.06330586 0.11758951 0.02981119
0.91576958 0.53063899 0.72118396 0.02906914
0.36916253 0.22285377 0.06477157 0.02456666
0.12955647 0.33036855 0.32349223 0.03309299
0.07311403 0.35518061 0.26469970 0.02723173
0.91198688 0.87396945 0.93460505 0.02604643
0.20718465 0.80189205 0.20512016 0.03141934
0.64794183 0.94143366 0.92459462 0.02944701
0.15568396 0.93466469 0.29753016 0.03111310
0.12171091 0.56303820 0.47042625 0.02713436
0.47968295 0.09408275 0.91320555 0.03153912
0.71751559 0.06780943 0.93425629 0.03757990
0.76770504 0.29687171 0.60144583 0.02464150
0.90961720 0.82465743 0.12941472 0.03345314
0.15220776 0.59923462 0.84533539 0.02988977
0.13818020 0.48780603 0.41339790 0.02529238
0.13861495 0.92827819 0.09906492 0.02528620
0.20307703 0.65503454 0.74853569 0.02499466
0.85534034 0.07280464 0.24325485 0.02474561
0.75515935 0.93495205 0.93638733 0.03029555
0.13561374 0.81828012 0.61175584 0.02758788
0.17089349 0.10495072 0.72654702 0.02443754
0.66385018 0.84946630 0.39992069 0.03110017
0.67149137 0.55726637 0.68536719 0.02669347
0.42049413 0.26224915 0.56188191 0.03125787
0.70104723 0.93952090 0.74796051 0.03017653
0.93694930 0.05326883 0.70277977 0.02594572
0.33938590 0.53512621 0.26874330 0.02441736
0.48279717 0.93261689 0.83269630 0.03318178
0.22468671 0.06764729 0.57285270 0.03124925
0.51753810 0.91585035 0.56877224 0.02977052
0.53832321 0.18335931 0.87402569 0.02401625
0.82232010 0.36240348 0.90774029 0.02656663
0.66567347 0.19002593 0.80368014 0.02654101
0.06792565 0.35695729 0.38961231 0.02488638
0.43729658 0.25264677 0.12295816 0.02648312
0.93883276 0.67069415 0.13199766 0.03098277
0.47666800 0.82632796 0.65810525 0.02701097
0.11320387 0.94593943 0.48826861 0.02477883
0.59435789 0.38249365 0.63308661 0.03061238
0.28318817 0.33329961 0.31205933 0.02422538
0.86622180 0.71611901 0.84000701 0.02660928
0.60235575 0.57607832 0.92883009 0.02720366
0.62093804 0.34325802 0.49931323 0.03637990
0.20735933 0.41539881 0.56366422 0.02477230
0.20662676 0.91279609 0.42775089 0.02737549
0.31424963 0.21083894 0.22307348 0.02472131
0.05114574 0.93093593 0.93077877 0.02453929
0.84791289 0.66908789 0.77328428 0.02962320
0.92552850 0.84167698 0.89047077 0.02534243
0.60173509 0.67502049 0.29279313 0.02500552
0.93527289 0.39864045 0.74956800 0.02554614
0.92833075 0.41611019 0.16563451 0.02691872
0.39023564 0.60573998 0.07568623 0.02398264
0.74742634 0.08316417 0.83697375 0.02763799
0.07812444 0.62900289 0.35433100 0.02900672
0.77378826 0.57284900 0.20673814 0.02498337
0.74141294 0.94501651 0.20823571 0.02904883
0.93936306 0.06791795 0.49401887 0.03395248
0.49018703 0.18603008 0.17670097 0.02399336
0.26774969 0.09231354 0.28564480 0.02545677
0.15847368 0.15478812 0.31030739 0.02783726
0.18441804 0.39108945 0.63112631 0.02930095
0.71638968 0.70589637 0.81250721 0.03110956
0.39745631 0.20388976 0.79577809 0.02779235
0.85127394 0.29003818 0.05359203 0.02772299
0.24866366 0.94144176 0.94036171 0.03242463
0.07019987 0.50550526 0.67295647 0.02407597
0.57256708 0.88990108 0.06605614 0.02616495
0.08343476 0.93635170 0.85318742 0.02455552
0.67710565 0.34546682 0.83386109 0.03218204
0.83945623 0.63948367 0.43286163 0.02678393
0.81103049 0.80232956 0.71069068 0.03007244
0.71987796 0.05522551 0.15292081 0.02463247
0.75721397 0.38310598 0.67524460 0.02505886
0.79771225 0.48909428 0.60889117 0.02681743
0.56285168 0.17310529 0.46470646 0.02501409
0.06969022 0.56363375 0.64948058 0.02962764
0.30069142 0.17581362 0.83018075 0.02807930
0.73352752 0.43543265 0.24815260 0.02471703
0.27315900 0.16624687 0.06172077 0.03181255
0.62509071 0.93086144 0.46073040 0.02750441
0.94667549 0.45489006 0.10607660 0.02482368
0.38434268 0.05984917 0.79429838 0.03355951
0.92627561 0.07026355 0.32450198 0.03360761
0.44873449 0.65628304 0.35126418 0.02659823
0.83729692 0.36169523 0.25189389 0.02377608
0.64724429 0.25976033 0.54578178 0.02706155
0.79764239 0.85239803 0.17113773 0.03196256
0.55622667 0.69391431 0.45754401 0.02919897
0.37984224 0.28603098 0.60763403 0.02879376
0.06503644 0.52957442 0.73355257 0.03148036
0.91888050 0.19050460 0.31881312 0.02954676
0.24989096 0.39406082 0.67771318 0.02397517
0.85360975 0.19855590 0.27614107 0.02964188
0.94814360 0.14341468 0.27204307 0.02512942
0.67555505 0.55315805 0.05541083 0.02911015
0.67558089 0.50306503 0.80160364 0.02604469
0.14764144 0.84355684 0.32396160 0.02879469
0.05354551 0.94566588 0.75109927 0.02411961
0.16392698 0.50992604 0.68472774 0.02661723
0.74875227 0.22741931 0.86352546 0.02498386
0.21523859 0.29778291 0.17234988 0.02685051
0.57548459 0.19471246 0.14701846 0.02519794
0.30688786 0.81528952 0.31888838 0.02378707
0.30079628 0.10196680 0.77409930 0.02781132
0.06827470 0.06021464 0.42443424 0.02599710
0.62512535 0.76670860 0.42501108 0.02477398
0.18564516 0.47198570 0.47720731 0.02558016
0.33002552 0.46301930 0.50526986 0.02723987
0.84788799 0.65647000 0.70466941 0.02575285
0.78417680 0.17182568 0.15771194 0.02510439
0.18038992 0.05139279 0.14012060 0.02416194
0.18445278 0.85042552 0.71759307 0.02385785
0.82341561 0.70351595 0.23819082 0.02670968
0.49920321 0.09234769 0.25704951 0.02727123
0.91712472 0.91823443 0.70582704 0.02385985
0.22197214 0.58841236 0.52728291 0.02386932
0.56151630 0.94851724 0.07811027 0.02512265
0.51040772 0.69349184 0.83090182 0.03433138
0.91639697 0.75459602 0.43569203 0.02405958
0.43076815 0.57841481 0.12701238 0.02442655
0.16366396 0.61763101 0.76520886 0.02408711
0.25878885 0.49222231 0.38362201 0.03083332
0.94619150 0.46424389 0.65870027 0.02702533
0.38885282 0.71242031 0.46666831 0.02376569
0.29598857 0.51529140 0.93356119 0.02634968
0.52802717 0.80275131 0.94284863 0.02754958
0.29401502 0.93601820 0.56071799 0.03333919
0.72035767 0.13526324 0.45764549 0.02869581
0.58271823 0.33310806 0.28739135 0.02584127
0.70921042 0.17367313 0.23798237 0.02418662
0.73567897 0.43311380 0.52168679 0.02402117
0.93696314 0.05818721 0.83368265 0.02646936
0.87050134 0.05168802 0.29535007 0.02510794
0.29103373 0.71768397 0.66687711 0.02409614
0.34833595 0.22867935 0.38572892 0.02455123
0.05505002 0.63042509 0.84943159 0.02858428
0.45405384 0.69200614 0.69893314 0.02471193
0.58631215 0.12677069 0.65440977 0.02575645
0.47204158 0.87012378 0.59289824 0.02489899
0.52612720 0.31705767 0.50637037 0.02836023
0.54972053 0.57093967 0.53704309 0.02728732
0.12805137 0.07248969 0.44887246 0.03042759
0.67756465 0.33260219 0.67024374 0.03320667
0.39544194 0.88369002 0.35967310 0.02562188
0.30694190 0.80023924 0.45642436 0.02932650
0.14859178 0.51906124 0.07040474 0.02548839
0.60208828 0.93848249 0.69060016 0.03310282
0.21341137 0.39160920 0.93853232 0.02862421
0.17782241 0.76459713 0.53322871 0.02613085
0.75604034 0.70206617 0.61712702 0.02701243
0.80382251 0.77683050 0.47891967 0.02567028
0.67022325 0.55983279 0.55055509 0.02669837
0.91147453 0.61879000 0.34230564 0.02651643
0.84378931 0.15687048 0.77934218 0.02959360
0.51618283 0.82009872 0.25862958 0.02642280
0.69638522 0.29347176 0.17682076 0.02468602
0.90560363 0.94707721 0.47732786 0.02553509
0.93776615 0.26033509 0.79041480 0.02615786
0.05994532 0.46763337 0.39855563 0.02964085
0.70829606 0.28216806 0.50501166 0.02710577
0.53182653 0.74565996 0.34486238 0.02614639
0.12228387 0.86530358 0.20087797 0.02403877
0.84204345 0.05590820 0.42292426 0.02509801
0.42310674 0.65177052 0.64494729 0.02430335
0.94249634 0.45782430 0.46591033 0.02708361
0.32764603 0.34443953 0.47679896 0.02610756
0.33849753 0.49383195 0.21035607 0.02729652
0.18683970 0.54857782 0.36401266 0.02481225
0.74570868 0.17479556 0.06802735 0.02655600
0.90583104 0.44961573 0.86263897 0.02965561
0.92610960 0.66395518 0.61680542 0.03171376
0.85213743 0.53975497 0.50364328 0.02500812
0.39816937 0.38279487 0.83297609 0.02440456
0.38915506 0.68216706 0.06726580 0.02856611
0.11209699 0.34763008 0.06103930 0.02503582
0.40386378 0.58675953 0.24420633 0.02582584
0.22311451 0.70420390 0.49562700 0.03126337
0.89678987 0.64131422 0.07857234 0.03663182
0.41314866 0.30406597 0.75348962 0.02741133
0.38481764 0.15064445 0.90900794 0.02496586
0.63507885 0.78997188 0.23115005 0.03271923
0.04968172 0.91026586 0.22498367 0.02384642
0.75275226 0.47321813 0.94868677 0.02392301
0.75193307 0.83927966 0.37591880 0.02384585
0.50407260 0.31903554 0.78866106 0.02422270
0.06651156 0.37082506 0.20750699 0.02522744
0.31243478 0.94341136 0.36883201 0.03079573
0.72798197 0.30544538 0.39496631 0.03271834
0.84207366 0.84864163 0.44852049 0.02612439
0.47505023 0.07282456 0.77794877 0.03418940
0.63841152 0.09026417 0.34411560 0.02522084
0.57024041 0.35235500 0.10328496 0.02521687
0.76637456 0.85581912 0.69622241 0.02457901
0.07971722 0.50369649 0.47009499 0.02924256
0.05269724 0.44983236 0.48352158 0.02430483
0.74676538 0.79970571 0.53941847 0.02598259
0.77547016 0.94853074 0.54364112 0.02465913
0.15525775 0.05879981 0.51907847 0.03036646
0.32447121 0.29520837 0.20903841 0.02785673
0.91690873 0.37588359 0.39544592 0.02445905
0.71988636 0.68406038 0.18325019 0.02617604
0.69632853 0.83535954 0.73949347 0.02404055
0.23608737 0.16337873 0.45678880 0.02439340
0.57948204 0.42816343 0.70847063 0.02453305
0.94110068 0.06290061 0.90682406 0.02515311
0.27562865 0.55278502 0.50896086 0.03093925
0.22164208 0.72822534 0.55549364 0.02513648
0.77364482 0.86837559 0.52285686 0.02812354
0.56040797 0.05398846 0.81808427 0.02388557
0.50200660 0.25591565 0.57044440 0.02452521
0.94408036 0.08185832 0.06881595 0.02521287
0.67745038 0.48114817 0.16619923 0.02937054
0.28679830 0.56172577 0.78799766 0.02679253
0.71869697 0.61605823 0.79861963 0.02871257
0.92974112 0.41000520 0.93338537 0.02881197
0.12101404 0.51733960 0.56265245 0.02532855
0.45739786 0.94592277 0.76230806 0.02469520
0.57287557 0.70155646 0.63312173 0.02376605
0.07939134 0.28784656 0.44309574 0.02377024
0.91264607 0.17346999 0.11484384 0.02651871
0.58803783 0.63200773 0.52880029 0.02784806
0.42398628 0.49749758 0.40698518 0.02835422
0.58742801 0.82002675 0.52770057 0.03326640
0.18802637 0.17448788 0.88485472 0.02977591
0.36695990 0.43968123 0.29033910 0.02557805
0.59035456 0.14929849 0.70980919 0.02523244
0.58236374 0.86056947 0.87786303 0.02387177
0.35227180 0.17193507 0.86397057 0.02754237
0.17198785 0.19992191 0.55861273 0.02470081
0.77776379 0.64060880 0.93270415 0.02430966
0.71670780 0.68781191 0.47028916 0.03164851
0.38654023 0.86106013 0.52245775 0.02538436
0.80906108 0.11197254 0.17212197 0.02431360
0.64215539 0.91977663 0.13061044 0.02716385
0.65822164 0.67846760 0.31240013 0.02495421
0.54758591 0.10331806 0.37326823 0.02616414
0.66647680 0.13954955 0.33869632 0.02631388
0.59780952 0.75638984 0.47130033 0.02482892
0.06600214 0.88324935 0.52742096 0.02646172
0.87356263 0.63229716 0.65146634 0.02794176
0.05563246 0.27625562 0.29858252 0.02727815
0.19832332 0.15195218 0.77508165 0.02450286
0.51047615 0.79826272 0.13607399 0.03406084
0.59075611 0.06653232 0.71922446 0.02409363
0.79337353 0.46085514 0.32400265 0.02394461
0.24848121 0.43514722 0.09357560 0.02462785
0.76668553 0.23815141 0.73928257 0.03390844
0.66305124 0.66376602 0.54181417 0.03384467
0.27402718 0.85688393 0.93904263 0.02405607
0.47429239 0.07571224 0.11208488 0.03310702
0.18230609 0.42634479 0.80003499 0.02602182
0.66067272 0.62074705 0.16314032 0.02759564
0.41867602 0.24568849 0.29503544 0.02515936
0.87204130 0.10208009 0.37748210 0.02495772
0.13573479 0.68390416 0.05800309 0.02729874
0.64657680 0.61387810 0.29219634 0.02542777
0.36450601 0.80571487 0.27155000 0.03016542
0.75579853 0.12093101 0.77554743 0.02767229
0.42210649 0.85423895 0.06355072 0.02675917
0.06028131 0.54004029 0.92432502 0.02411395
0.84158278 0.44402395 0.67081144 0.02934049
0.71332454 0.62206747 0.72391959 0.02753124
0.44995098 0.84736405 0.38565307 0.02601659
0.94520801 0.40836912 0.80644441 0.02655846
0.56833349 0.39050131 0.75887932 0.02549389
0.27262517 0.44451990 0.52905400 0.02721701
0.66846984 0.20820359 0.93694725 0.02639785
0.76105937 0.94941865 0.31898250 0.02495277
0.27454199 0.36215836 0.25895229 0.02843552
0.17182812 0.75820379 0.31922088 0.02614462
0.94253665 0.69699698 0.53476805 0.02637370
0.06689356 0.82688109 0.39266503 0.02408944
0.93394429 0.36670045 0.51892017 0.02469367
0.79306519 0.34900048 0.74031399 0.02825929
0.91910161 0.89862109 0.87988420 0.02566269
0.06172176 0.86372005 0.94009772 0.02717025
0.94467612 0.05206998 0.11858639 0.02557079
0.76110290 0.14768667 0.20769868 0.02443420
0.20778442 0.61574075 0.30638585 0.02519407
0.40515757 0.26411139 0.37132462 0.02578063
0.11687513 0.86547903 0.50017585 0.02813751
0.81231991 0.12175532 0.61302357 0.02525135
0.10463639 0.59344267 0.27815419 0.02576004
0.06850915 0.65271278 0.50734762 0.02619069
0.93657196 0.29974685 0.15436128 0.03184976
0.23973102 0.20254483 0.78175446 0.03183062
0.32226269 0.19058088 0.56947144 0.03039641
0.34346719 0.05551333 0.47269553 0.02591994
0.19731268 0.11728989 0.52115109 0.02849942
0.36334487 0.49049984 0.32939638 0.02662528
0.53707796 0.64462099 0.42389246 0.02442925
0.46562034 0.51832802 0.45837997 0.02502920
0.94391411 0.94529273 0.19361167 0.02490835
0.76969021 0.94565597 0.47068400 0.02508625
0.58709912 0.65183412 0.23848470 0.02480484
0.83113658 0.50958714 0.93444779 0.02590389
0.45065888 0.60260778 0.88437783 0.02690903
0.52860703 0.18873672 0.29811961 0.02557319
0.18926013 0.49533531 0.32777186 0.02735116
0.73853271 0.63954853 0.60278734 0.02818366
0.10409300 0.92145124 0.77472511 0.02796089
0.53631902 0.81120484 0.42895965 0.02505981
0.33160948 0.13897837 0.71742073 0.03181661
0.89411363 0.13057006 0.94075042 0.02829372
0.39806876 0.91397484 0.87867611 0.02550384
0.52298630 0.66636745 0.25110404 0.02582221
0.05779023 0.13391110 0.70739932 0.02646464
0.54570099 0.19600906 0.93827634 0.02665806
0.06063701 0.69546237 0.82202321 0.02569667
0.71715672 0.76161176 0.22111971 0.04039731
0.67281899 0.83247838 0.59982642 0.02517514
0.14474450 0.40551021 0.94003796 0.02832541
0.42676942 0.41887105 0.74072693 0.02549000
0.49859356 0.15320318 0.50122875 0.02822384
0.19206491 0.89220577 0.33866774 0.02668415
0.72011433 0.40138357 0.41295943 0.02799756
0.88952318 0.21423585 0.65772879 0.02564471
0.52883317 0.44207636 0.35425362 0.02443476
0.15439637 0.12463506 0.92614118 0.02675669
0.69442176 0.59746145 0.43355615 0.02754090
0.82224139 0.22356474 0.16573784 0.02953812
0.66465502 0.74452391 0.10975701 0.02515329
0.91830075 0.55819185 0.46542680 0.02499624
0.94766141 0.92956294 0.81040027 0.02397568
0.67359065 0.34735856 0.38178167 0.02488372
0.94297114 0.30848005 0.73233637 0.02845965
0.30335444 0.33769791 0.94374988 0.02767910
0.74163231 0.42903458 0.06376218 0.02583015
0.35940154 0.12346695 0.42341275 0.02629561
0.70671523 0.76832561 0.90629620 0.02674421
0.32439150 0.88169386 0.61935554 0.02683464
0.54218384 0.26361350 0.93287741 0.02438760
0.58245695 0.58318456 0.40137483 0.03026064
0.56433844 0.48126546 0.73891727 0.02387444
0.05293044 0.73661273 0.88319027 0.02677702
0.94608222 0.81953261 0.29300247 0.02534056
0.15100541 0.44877439 0.07278647 0.02518857
0.61877655 0.14535967 0.20544322 0.02891857
0.17431184 0.45314032 0.26559907 0.02796709
0.50640614 0.69011359 0.05500932 0.02520992
0.42091852 0.39602606 0.88344341 0.02568621
0.66866639 0.14284646 0.91107671 0.02434755
0.51611955 0.31061775 0.10981560 0.02590082
0.85623255 0.87543286 0.15224641 0.02514280
0.38786984 0.51569659 0.15162865 0.02581508
0.84240037 0.35149149 0.31775797 0.02409622
0.18376457 0.64109514 0.91297467 0.02414232
0.34439125 0.07106968 0.22922220 0.04060183
0.13601514 0.27520862 0.19544932 0.02390121
0.41403386 0.51266976 0.93565187 0.02498064
0.92647372 0.74067019 0.38392096 0.02520936
0.89505275 0.80580856 0.93405508 0.02630914
0.90319691 0.94526614 0.34598416 0.02600608
0.18935794 0.22828579 0.05309014 0.02414767
0.86040273 0.05587713 0.78903377 0.02778612
0.78785953 0.16094141 0.38129408 0.02837952
0.52610613 0.88149829 0.78671556 0.02565594
0.40572115 0.51537102 0.87653830 0.02731787
0.27655354 0.42154328 0.58992834 0.02693765
0.08133190 0.62684032 0.67020998 0.02638721
0.92127280 0.57432583 0.24596881 0.02871974
0.82802376 0.72257334 0.05141308 0.02498701
0.47054314 0.34048547 0.19695969 0.02451186
0.91822590 0.75478881 0.09663333 0.02392303
0.24113205 0.70438303 0.05261113 0.02477329
0.76531541 0.34364005 0.56561436 0.02576030
0.19851302 0.25561602 0.39500761 0.02406221
0.55446487 0.49483497 0.06485521 0.02472097
0.34799049 0.87956641 0.73780898 0.02726903
0.12746413 0.12835277 0.50421526 0.02637679
0.81893802 0.34674855 0.59025316 0.02686001
0.81648062 0.92594585 0.77191704 0.02834641
0.61299692 0.05931492 0.48407473 0.02847890
0.46498987 0.07830215 0.66683363 0.02379260
0.59136134 0.48123389 0.84986383 0.02410042
0.46400190 0.93684475 0.09587181 0.02810086
0.65481051 0.71453667 0.83756133 0.02961044
0.78539817 0.67385854 0.48475403 0.02975048
0.94939826 0.83570235 0.38511096 0.02435263
0.81595707 0.61217097 0.19396642 0.02376694
0.37177647 0.32123045 0.38710320 0.02427538
0.92108990 0.21662136 0.87512639 0.02566559
0.06706292 0.62425799 0.06794439 0.03108668
0.68505663 0.33975481 0.54647781 0.02683890
0.62403644 0.47987260 0.94453741 0.02499172
0.95017394 0.86593840 0.69729060 0.02380186
0.78139119 0.70718334 0.77278430 0.02784678
0.62306199 0.38265367 0.82400798 0.02474327
0.48052980 0.50426138 0.36811136 0.03340275
0.11941726 0.16536621 0.94237653 0.02392173
0.47859663 0.33283558 0.83589811 0.02564676
0.72435545 0.12675831 0.52247663 0.02482826
0.38153957 0.71015499 0.60990042 0.02602793
0.67649902 0.31651725 0.10183221 0.02415482
