0.67693538 0.09855824 0.34125977 0.07167453
0.15438205 0.23400940 0.36906540 0.04985054
0.53130259 0.43483683 0.64936473 0.07003897
0.81695902 0.10383006 0.64289533 0.05450952
0.54712913 0.21122337 0.25756934 0.07169736
0.84630132 0.36201846 0.64223156 0.10266012
0.78688880 0.19831688 0.16488143 0.10876842
0.81914724 0.16101007 0.43341589 0.05171381
0.52366454 0.63691072 0.36836425 0.11534958
0.45544833 0.84935415 0.32353757 0.04633550
0.19497247 0.10373613 0.64744317 0.06123786
0.30374670 0.49294616 0.12613425 0.05508897
0.22548620 0.56939594 0.65522463 0.08436000
0.76098890 0.41312308 0.21587081 0.04924657
0.82756291 0.44050144 0.88461647 0.05979668
0.59276567 0.20633027 0.84263467 0.09157290
0.56252533 0.42672783 0.29024676 0.07433040
0.55323762 0.14079557 0.58464386 0.11094790
0.81612844 0.65807356 0.21921573 0.09887550
0.08836780 0.09018839 0.27950587 0.03960532
0.31196504 0.57302785 0.89988175 0.04802700
0.12491627 0.73426153 0.29192595 0.08330319
0.41718578 0.76847341 0.68249781 0.10317374
0.21642730 0.15672639 0.20463980 0.08291640
0.16059036 0.26281401 0.68417689 0.04159756
0.12006378 0.16637713 0.86421660 0.08319715
0.56832109 0.89469886 0.79124917 0.05378093
0.49481393 0.59985068 0.77384245 0.05736771
0.09264559 0.13617632 0.48844598 0.05066091
0.32102930 0.16984340 0.40109291 0.09204056
0.27745475 0.69408041 0.16716151 0.08884969
0.70424757 0.80603277 0.82416006 0.09735658
0.18488226 0.19226086 0.50477493 0.05204692
0.88907863 0.78411184 0.07877612 0.03973813
0.35844086 0.18895510 0.76087989 0.05222785
0.85870219 0.56684428 0.80876063 0.06583748
0.58128476 0.44232968 0.76725879 0.03925431
0.81800702 0.12046109 0.86218851 0.09283481
0.76799842 0.69078701 0.64813559 0.09856426
0.42785997 0.42031199 0.35229143 0.06885480
0.43848534 0.36853158 0.74978719 0.05403452
0.68122907 0.51477834 0.71056665 0.08422845
0.15969076 0.89085947 0.24225307 0.06851738
0.51616540 0.73831991 0.10098229 0.05593047
0.62947933 0.67416053 0.59433905 0.04597353
0.29858368 0.60969403 0.37173455 0.05897065
0.20640884 0.83003511 0.53417834 0.06224505
0.59709075 0.85104568 0.53274454 0.11671028
0.56517613 0.89128628 0.26343639 0.07368377
0.30234421 0.70791602 0.46424259 0.05800443
0.11127620 0.57688374 0.78293959 0.06200951
0.70214226 0.50901376 0.53313114 0.06876705
0.12312110 0.52973191 0.11746655 0.08794497
0.20975351 0.23511020 0.60387710 0.04975383
0.60227972 0.33267869 0.10888420 0.07456792
0.29753731 0.39684164 0.84613773 0.07243784
0.26613581 0.34080597 0.22107323 0.04506419
0.30160477 0.38562018 0.51694589 0.11748896
0.63709440 0.71303571 0.20848902 0.07873992
0.39570362 0.09834003 0.16986287 0.04950836
0.69441821 0.23611585 0.62199575 0.04985018
0.09010058 0.85843241 0.79564681 0.06045537
0.64257979 0.27304300 0.47330948 0.06591518
0.78097528 0.81447816 0.44761549 0.03872183
0.08784804 0.68316739 0.55470815 0.04965347
0.74318123 0.44431354 0.38168026 0.05835167
0.39730656 0.38398521 0.14532557 0.07229042
0.46872359 0.44018598 0.49771845 0.05285424
0.92323758 0.11495705 0.24115054 0.04322775
0.40356408 0.88613774 0.15552561 0.08292986
0.14641927 0.41450436 0.75192129 0.04959627
0.41190098 0.39662022 0.63852380 0.03934978
0.12811354 0.47750184 0.36945087 0.04120809
0.55782045 0.52085320 0.15734171 0.06916982
0.63849786 0.35720584 0.72520900 0.06317001
0.66787035 0.64751571 0.43979159 0.04099685
0.36194406 0.12390602 0.58830675 0.05361837
0.20276277 0.71661174 0.77101484 0.07620379
0.10662612 0.90887541 0.56741920 0.06249516
0.85325499 0.50586310 0.46268745 0.06169013
0.44068365 0.36297255 0.91291466 0.05397500
0.89449035 0.84550406 0.21813283 0.07142403
0.79266770 0.65858447 0.48934380 0.04565243
0.83363653 0.73504430 0.35232838 0.04033902
0.22984831 0.52302192 0.42892631 0.04518661
0.86891469 0.48125728 0.31967106 0.06674833
0.31403658 0.54243942 0.24031240 0.06089622
0.49372489 0.46993590 0.76449985 0.04279310
0.40992922 0.28444349 0.65467588 0.05872537
0.23461547 0.88785188 0.69970755 0.06075899
0.78721580 0.90444270 0.13980809 0.05803500
0.60955522 0.67541019 0.70174912 0.05738768
0.35640979 0.29225665 0.26721985 0.05893186
0.39280497 0.56738530 0.52681974 0.07529030
0.62936188 0.88236741 0.08769406 0.05828466
0.19478001 0.86595374 0.10529346 0.04103490
0.25232110 0.16723717 0.73257511 0.03917643
0.92796560 0.40521474 0.84792963 0.04455824
0.44049007 0.79201199 0.45852622 0.05569667
0.63200491 0.22385737 0.36488901 0.04851706
0.44071899 0.69360767 0.85989373 0.07194484
0.41041500 0.55352989 0.70390727 0.03820249
0.49126571 0.24754977 0.41357926 0.06726907
0.46750744 0.30443744 0.52316640 0.04041941
0.54777424 0.32047651 0.56720413 0.04036372
0.71837461 0.32586722 0.87466922 0.06368728
0.84345844 0.25078151 0.32303139 0.06055512
0.92131567 0.59691401 0.39433686 0.03970218
0.40441214 0.45883471 0.87398516 0.04014216
0.35765883 0.86400675 0.84453369 0.07993328
0.09319525 0.31523210 0.35792717 0.03921846
0.10923556 0.31168983 0.23279761 0.05535935
0.77490475 0.50286449 0.11260068 0.04085547
0.28111655 0.37131667 0.71547122 0.04420421
0.09345530 0.67597232 0.90966552 0.04632974
0.89918580 0.21622523 0.69247268 0.05023476
0.87491736 0.83643164 0.58296586 0.03948278
0.74939929 0.30331992 0.73981791 0.04119592
0.42602458 0.26279634 0.06804209 0.04105056
0.13617862 0.34603788 0.63733704 0.04688868
0.29054741 0.88425835 0.28162820 0.05557163
0.76787782 0.91085090 0.70626081 0.03993023
0.11940445 0.57345318 0.35680155 0.03822092
0.22521718 0.86957908 0.39626780 0.05319872
0.10118662 0.46799663 0.89141713 0.04892987
0.09109037 0.35920144 0.92030016 0.04743901
0.68804802 0.56218884 0.14715199 0.04685009
0.72314394 0.86471077 0.35174305 0.04833222
0.33946705 0.26724525 0.86577614 0.04096674
0.81707308 0.61733235 0.91899857 0.05183915
0.65556327 0.90633441 0.68024600 0.04347249
0.19699421 0.39404682 0.26904185 0.04859038
0.38818292 0.10710083 0.82607236 0.03854873
0.11633903 0.46940518 0.63052598 0.05077464
0.46992998 0.62522642 0.18811734 0.06105903
0.17741083 0.30845088 0.11362081 0.04546380
0.12685456 0.74607367 0.14152777 0.05298171
0.43551653 0.16137411 0.69196587 0.04372324
0.37636157 0.90695397 0.58577190 0.06213906
0.57573294 0.72394484 0.85649658 0.05369570
0.70832581 0.31843526 0.29709167 0.05855897
0.60364344 0.57005286 0.53934888 0.04244709
0.78205765 0.38265071 0.11251205 0.05508958
0.87507596 0.55016873 0.65892556 0.04764670
0.10043745 0.35650740 0.47338479 0.05698278
0.68405502 0.53418916 0.25909968 0.05239750
0.21791746 0.28173540 0.81756378 0.05678961
0.87645136 0.86170003 0.44564529 0.05954580
0.91511878 0.10396025 0.40946213 0.05201098
0.19682392 0.53426773 0.89944190 0.05907774
0.50951556 0.62763021 0.59650234 0.05438143
0.42358502 0.74808895 0.25474061 0.04938748
0.25974022 0.09520913 0.78772971 0.04233549
0.67744863 0.45259199 0.90888658 0.03859504
0.20950601 0.79061224 0.90749337 0.04326135
0.16420031 0.52041160 0.25911240 0.05459486
0.33723508 0.65899463 0.78625630 0.05082391
0.41383488 0.27293913 0.78662364 0.04096971
0.87847262 0.21842982 0.55752862 0.04836230
0.81513416 0.07566060 0.51587765 0.04670365
0.50193543 0.55094398 0.89865361 0.05875619
0.48585085 0.83013671 0.89168929 0.04546713
0.91891074 0.53578587 0.08788231 0.05367292
0.08161128 0.90978206 0.11559795 0.04886136
0.46364757 0.11916574 0.31974109 0.04650928
0.73877488 0.77260393 0.08052431 0.04922473
0.17644801 0.77741400 0.65714504 0.04131699
0.09959789 0.19517274 0.10827664 0.05127919
0.23231696 0.34011276 0.35760091 0.04397692
0.23558062 0.60773896 0.52306182 0.04132604
0.34633315 0.18715747 0.10203190 0.04590663
0.33670618 0.70882575 0.29350640 0.04296432
0.60444692 0.09682315 0.08633102 0.04198005
0.91442194 0.36311345 0.33249349 0.05123682
0.85174735 0.89555185 0.81757257 0.04474936
0.09311301 0.20509689 0.63718178 0.05359802
0.39838475 0.18665930 0.86092331 0.03865359
0.90784731 0.36684834 0.22700018 0.03811065
0.70048549 0.54483739 0.40538348 0.03937505
0.50316652 0.12650219 0.77176537 0.03996990
0.49677546 0.70015438 0.51883448 0.04165487
0.72767842 0.76109321 0.32836278 0.04124199
0.82292118 0.79819234 0.90829527 0.03985872
0.07492299 0.78671554 0.52706234 0.04010226
0.51431012 0.10252687 0.07288797 0.04241832
0.90385000 0.85470335 0.72926851 0.05828133
0.88336177 0.27751258 0.89806918 0.04276615
0.64883967 0.42376652 0.44218942 0.04408566
0.77588911 0.66124286 0.80050594 0.03901264
0.89885605 0.40506685 0.47602025 0.04417175
0.54435970 0.07321933 0.87854760 0.04278765
0.91652362 0.68973159 0.67684128 0.04448474
0.38389914 0.46325133 0.71509918 0.04568627
0.66754440 0.59638233 0.89629374 0.06564446
0.81451352 0.91492292 0.53568356 0.04520982
0.82130062 0.10184630 0.32087506 0.04344219
0.89213415 0.43250833 0.13179216 0.05661191
0.89543797 0.61977552 0.50999803 0.04160325
0.84817159 0.93012353 0.33152508 0.04342693
0.72422103 0.30556868 0.07531297 0.03842124
