0.69106771 0.06649394 0.32858073 0.04038513
0.14003466 0.22296752 0.36363000 0.03268254
0.53370821 0.42982901 0.66084348 0.03980787
0.83260339 0.08427601 0.64994832 0.03432689
0.55089547 0.18814572 0.23819543 0.04039319
0.89558340 0.34238233 0.66247251 0.05132122
0.83161638 0.15128279 0.11263456 0.05347709
0.83339034 0.14588142 0.43044433 0.03334017
0.52771325 0.66033449 0.34584296 0.05579985
0.70692072 0.31693403 0.74120133 0.05668254
0.45385742 0.86182930 0.31723624 0.03144194
0.17636316 0.07956061 0.65643848 0.03670160
0.29386613 0.49259103 0.10731160 0.03453140
0.19688175 0.57662702 0.67139910 0.04486235
0.42388832 0.67216002 0.42399749 0.03141653
0.53189957 0.64555717 0.51323131 0.02992367
0.57239352 0.83740014 0.19678854 0.05542095
0.77156108 0.40960385 0.20436126 0.03246938
0.37252137 0.71002637 0.68924739 0.05493399
0.84671892 0.43702194 0.90710899 0.03619294
0.60378374 0.17145019 0.88333048 0.04740808
0.56782966 0.42051180 0.27245237 0.04132250
0.56180199 0.08301009 0.59826057 0.05424632
0.52360794 0.83673092 0.37546918 0.03780938
0.92332586 0.22109318 0.19112656 0.04819056
0.66475414 0.13670390 0.71384508 0.05507897
0.85852589 0.67927353 0.18155845 0.04998547
0.07813187 0.07999773 0.27402291 0.02906658
0.53266966 0.54444060 0.78776012 0.05301080
0.30472767 0.57583865 0.91527299 0.03203894
0.08661583 0.75818238 0.27067916 0.04448936
0.18768717 0.12193556 0.17470500 0.04435285
0.15107325 0.25616327 0.68934125 0.02976973
0.08134723 0.13238004 0.90133127 0.04445193
0.24531174 0.28740045 0.70929615 0.04469086
0.57160863 0.91369140 0.80526381 0.03406974
0.07518468 0.12058132 0.48795073 0.03296855
0.55894717 0.34363479 0.91832882 0.04578039
0.39719668 0.54369846 0.71042417 0.04502274
0.29959978 0.13031126 0.38925002 0.04757314
0.25226145 0.71605134 0.12948243 0.04644695
0.76707657 0.23133620 0.62221879 0.03591898
0.86572616 0.29621719 0.12632673 0.04345310
0.73097811 0.84608427 0.86658393 0.04944938
0.54736552 0.84747224 0.61835798 0.05558002
0.48782885 0.59062378 0.54304668 0.03961522
0.17064249 0.17835452 0.50499070 0.03345774
0.89883568 0.79123660 0.06821295 0.02911346
0.35200086 0.17480463 0.77274818 0.03352159
0.88352452 0.57146993 0.83012698 0.03832499
0.84143008 0.46621030 0.53903428 0.05257493
0.31895030 0.49176504 0.58373994 0.05126020
0.58326085 0.44092768 0.77375602 0.02894270
0.84305346 0.56798156 0.22409135 0.03748448
0.59472687 0.12281234 0.43252055 0.05095598
0.85660702 0.07439228 0.90615131 0.04785346
0.60988906 0.31602499 0.57450279 0.04487928
0.80376234 0.71624720 0.66790402 0.04987562
0.42247271 0.41436106 0.34126088 0.03938993
0.44034472 0.90521419 0.65206232 0.04622470
0.43549883 0.36214883 0.76191428 0.03415924
0.83929230 0.63671086 0.30693792 0.05357995
0.81118533 0.52430105 0.76494405 0.03569245
0.70006598 0.51631440 0.73245289 0.04481592
0.47056744 0.36497368 0.12937704 0.04471245
0.13448707 0.91980696 0.22316404 0.03927084
0.81652093 0.65904757 0.55866316 0.05163797
0.47078254 0.36341539 0.25743843 0.03308769
0.33912323 0.85675616 0.85104023 0.04538659
0.60119851 0.26901423 0.15479455 0.04035169
0.48030842 0.20079883 0.60492828 0.04320192
0.51700255 0.75066160 0.08031866 0.03482840
0.82542106 0.80080192 0.53354419 0.03774433
0.87826138 0.77448981 0.79779105 0.05319834
0.63402627 0.68027655 0.59765196 0.03131419
0.10677901 0.72831322 0.69577764 0.05128903
0.28709502 0.61595091 0.36441837 0.03590140
0.45449172 0.73893296 0.91446548 0.05120278
0.18797532 0.85075681 0.53632427 0.03705708
0.61401356 0.91223255 0.53845188 0.05628010
0.18616957 0.37578833 0.09216015 0.04350314
0.66207904 0.66061908 0.23808364 0.05307687
0.29140173 0.71942653 0.46226301 0.03556039
0.50756454 0.24414893 0.76523489 0.03012249
0.08703156 0.58167897 0.80058648 0.03697394
0.71720536 0.50968544 0.53559998 0.03935896
0.88686457 0.25920443 0.29865536 0.04175254
0.66622988 0.72485860 0.36692700 0.05138445
0.44001219 0.77286690 0.60652952 0.05260677
0.12763320 0.07459355 0.11733346 0.03258756
0.71446753 0.45866331 0.45665005 0.03975324
0.47754866 0.76182508 0.41570192 0.04212507
0.08114681 0.53304326 0.07486250 0.04612764
0.19775143 0.22415666 0.60817255 0.03264841
0.91090242 0.67705850 0.69440013 0.05431557
0.41688763 0.29026242 0.22618768 0.05441486
0.77653399 0.18755404 0.29149856 0.03190453
0.34018873 0.90702511 0.30310847 0.05184404
0.51064845 0.88018206 0.09368816 0.04085738
0.83224543 0.09834004 0.51873675 0.04893104
0.81366487 0.55105739 0.66597934 0.03779071
0.61100233 0.31840921 0.07552910 0.04140632
0.33824213 0.51481349 0.85722543 0.04493754
0.28107870 0.38845568 0.87427598 0.04065453
0.78814855 0.85164497 0.27229650 0.05520075
0.25826994 0.33545158 0.21169171 0.03099324
0.42602085 0.77083028 0.23043839 0.04580218
0.25911960 0.64576358 0.49755740 0.03012349
0.21985224 0.56090413 0.92782963 0.04329196
0.09939381 0.15178636 0.12762065 0.04547483
0.39222840 0.91126453 0.21274496 0.04137439
0.72327194 0.77065426 0.61069971 0.05622445
0.48029209 0.08494666 0.37468706 0.04755888
0.26665789 0.36547243 0.51993087 0.05655493
0.46937054 0.18204819 0.34110046 0.05001441
0.65921403 0.45674372 0.85351857 0.04766539
0.07751034 0.48670301 0.80683161 0.04686429
0.24335171 0.70813857 0.32293530 0.05289111
0.39143341 0.08189485 0.15634605 0.03256177
0.48131950 0.18215751 0.90479122 0.04862248
0.23762467 0.43928602 0.41548340 0.03305526
0.58297460 0.32528316 0.69785841 0.04668923
0.18266312 0.24675608 0.13437543 0.04258231
0.70664247 0.19868475 0.54397238 0.04354526
0.09602780 0.80303662 0.54955075 0.05306605
0.72459669 0.68829803 0.92300733 0.03999178
0.06565677 0.87980705 0.81327731 0.03642542
0.51416864 0.67570417 0.73816732 0.04927225
0.28123326 0.18174712 0.26526180 0.05404787
0.83473819 0.53772422 0.31360198 0.03710976
0.65246633 0.25730572 0.47145875 0.03835242
0.61076839 0.82950544 0.45432283 0.03747082
0.46360404 0.63212988 0.18863205 0.05085704
0.85457799 0.59137414 0.73110097 0.04083997
0.14790989 0.35169643 0.87198974 0.05669619
0.78756945 0.82185862 0.44638608 0.02875476
0.76534765 0.48059310 0.17944913 0.03578874
0.65908601 0.41154569 0.50497902 0.04042947
0.07087383 0.69071101 0.55696126 0.03261299
0.21425826 0.42026107 0.27431735 0.03767187
0.91239823 0.34407301 0.91870592 0.04009728
0.75679049 0.44119713 0.37505867 0.03568294
0.19023265 0.68893666 0.67371581 0.03824566
0.67718750 0.59708097 0.62675862 0.04650193
0.19093610 0.51249737 0.83091068 0.03334331
0.46726767 0.43740164 0.49761224 0.03374267
0.36101079 0.28994548 0.80392056 0.03310306
0.32500883 0.80994750 0.64788363 0.04302398
0.17932586 0.47486545 0.91580772 0.04655401
0.62131635 0.20878257 0.61633378 0.05552653
0.47309880 0.43821828 0.58522569 0.04462137
0.71142270 0.56681487 0.85756504 0.05272414
0.93621378 0.10315188 0.23321438 0.03034509
0.15975899 0.60720687 0.10816575 0.04054845
0.48977497 0.52169349 0.10152312 0.05116608
0.37247025 0.26875849 0.44354065 0.04686061
0.47373975 0.91678100 0.38211344 0.03940032
0.39378773 0.92528308 0.12060396 0.04435760
0.09609338 0.56130982 0.22475991 0.04322613
0.91105086 0.82043341 0.45883390 0.04648234
0.38471077 0.18416529 0.70029396 0.03279736
0.45584637 0.83338858 0.52385449 0.04209487
0.13189092 0.41099141 0.76227254 0.03259280
0.73574471 0.31538332 0.25075796 0.03396276
0.40974592 0.39409137 0.64191234 0.02897639
0.41691819 0.34724700 0.54942755 0.04707599
0.11791736 0.47688499 0.36587154 0.02963227
0.54149462 0.25584292 0.64955318 0.03785830
0.14149625 0.82696531 0.26759394 0.03256961
0.87918138 0.76266370 0.31828454 0.05341259
0.67241630 0.65151046 0.43816114 0.02955771
0.35533901 0.10591244 0.59253164 0.03401237
0.43044206 0.82303450 0.12853475 0.03030529
0.17649417 0.73575500 0.79496602 0.04198369
0.48794520 0.26832450 0.90226988 0.02973379
0.12368046 0.18815807 0.78901771 0.05171665
0.52676510 0.28467577 0.32470035 0.04612286
0.80421862 0.59013815 0.90892136 0.03311266
0.58332567 0.58625367 0.60082225 0.03835186
0.72231109 0.89806273 0.53079908 0.03018655
0.08175341 0.93472827 0.57168206 0.03714535
0.87508820 0.50622547 0.46038132 0.03686122
0.29781204 0.33308756 0.38997863 0.04525434
0.57417274 0.67181447 0.12447224 0.03546677
0.14464252 0.27140329 0.46686713 0.04249663
0.79962026 0.43758239 0.81810546 0.03791616
0.65969647 0.84824196 0.12987876 0.03790057
0.19618881 0.61796997 0.80308232 0.03831367
0.43780986 0.35633377 0.93291979 0.03413823
0.92833428 0.51634766 0.21509319 0.03933674
0.38493288 0.16589043 0.61934743 0.03062536
0.92581616 0.87293995 0.19575023 0.04029672
0.43094558 0.29457940 0.85457117 0.04238503
0.18856595 0.23953257 0.84808122 0.03498654
0.32405542 0.68912981 0.23130946 0.03942301
0.83777821 0.46445632 0.73422185 0.03042345
0.58012294 0.43757176 0.39663273 0.03573583
0.80321298 0.92504934 0.86440836 0.03377201
0.38471883 0.58972478 0.89466209 0.04380470
0.66411924 0.41661941 0.18394159 0.03972569
0.58412453 0.70997527 0.53572924 0.04815472
0.40160372 0.53363596 0.35762446 0.03149118
0.65957005 0.55238653 0.37909336 0.04783675
0.07393190 0.30810370 0.53000081 0.04327103
0.86829314 0.13698093 0.30947684 0.04701312
0.22070810 0.52380084 0.42652163 0.03103645
0.86596780 0.22786128 0.80418313 0.05131880
0.33305465 0.10402230 0.31628277 0.02866523
0.89505049 0.47992945 0.30689564 0.03864647
0.85644956 0.84171210 0.86966855 0.03661178
0.20364929 0.45150434 0.13729667 0.03833580
0.23295253 0.66847012 0.56508795 0.03321158
0.28535188 0.60894211 0.10866569 0.05338971
0.81288914 0.91703440 0.07779669 0.04321166
0.25787064 0.10327972 0.07051787 0.03570598
0.10778048 0.30871151 0.62078900 0.04247057
0.17912795 0.88235987 0.76667176 0.03668075
0.30280296 0.54500309 0.22462528 0.03658102
0.40483007 0.27224026 0.66343249 0.03581484
0.17920125 0.88649767 0.84509834 0.03015231
0.61222277 0.20446112 0.08066051 0.04183941
0.23409353 0.13965379 0.82354290 0.03683094
0.76776129 0.77232299 0.82795009 0.02927403
0.23543380 0.83728188 0.88340631 0.04765612
0.33766158 0.59263277 0.58296747 0.03670763
0.29380593 0.72366191 0.87055665 0.05354184
0.47868310 0.64000375 0.80607768 0.02852944
0.50747923 0.75735826 0.66966626 0.03328050
0.83582939 0.35471752 0.52381046 0.04861893
0.35562137 0.60660298 0.29444316 0.04884695
0.61550345 0.68493397 0.71270296 0.03534271
0.74607038 0.09275306 0.27148898 0.03210328
0.89879749 0.33223536 0.76579772 0.02973837
0.88079478 0.60440926 0.92549616 0.03584995
0.50202343 0.14785597 0.73401143 0.05129033
0.09341737 0.10009030 0.18977962 0.03048890
0.89549557 0.16198493 0.62814632 0.03976749
0.84477730 0.73298553 0.43179281 0.04377607
0.63658638 0.90372155 0.06466794 0.03565929
0.28814809 0.62818737 0.68509989 0.04505805
0.63561797 0.76973017 0.76475252 0.04343929
0.45817451 0.42126317 0.82054790 0.04616094
0.18649607 0.87588605 0.09458077 0.02957114
0.53501539 0.60414053 0.26260881 0.03294529
0.69351935 0.42606400 0.65784944 0.04564085
0.24633039 0.15918851 0.73820050 0.02891521
0.94200806 0.40210463 0.85934594 0.03081467
0.51093663 0.56387946 0.44840157 0.04167151
0.62358132 0.25116939 0.29881300 0.05206291
0.53624499 0.48043590 0.47178368 0.04042716
0.89824222 0.59143783 0.58920939 0.04477375
0.65817676 0.10890188 0.18098825 0.03759999
0.26329355 0.91268897 0.50812480 0.02976288
0.13535958 0.81925295 0.45432186 0.03574562
0.15506699 0.31200933 0.73500410 0.03702470
0.75737778 0.51462328 0.27117664 0.04676231
0.33244697 0.09780056 0.84480231 0.04639691
0.20957515 0.34237100 0.27676720 0.03056669
0.18659938 0.81251826 0.14842112 0.02963247
0.08952321 0.65493081 0.26429892 0.03487388
0.43310787 0.29850983 0.32417883 0.03241037
0.51515943 0.23586466 0.47369363 0.04766399
0.58912019 0.69017538 0.80979351 0.04046853
0.27596630 0.86262069 0.73951692 0.04791168
0.32961482 0.83299483 0.17333609 0.03726037
0.31004107 0.77961396 0.38422647 0.04655363
0.23894642 0.48425261 0.75766929 0.04940093
0.45743167 0.85047479 0.82556359 0.03648549
0.63801003 0.49675374 0.60390149 0.04269239
0.43854174 0.07549449 0.23803379 0.04509954
0.11477134 0.39264245 0.67262664 0.03377374
0.23064058 0.45922195 0.60728583 0.03143032
0.16915326 0.60564954 0.40451000 0.04987854
0.73651506 0.40792137 0.92103926 0.04379238
0.72007548 0.86361355 0.44921986 0.04105256
0.12647441 0.40598526 0.47180130 0.04354702
0.65076871 0.83000734 0.54186240 0.02863885
0.59950586 0.32990761 0.38541074 0.04398018
0.76530293 0.24397464 0.35201837 0.04488578
0.31966363 0.42490741 0.25179099 0.03900444
0.07407314 0.29752265 0.75927752 0.03720144
0.10529225 0.81875826 0.10752701 0.05201750
0.73264484 0.31448808 0.89915292 0.03756610
0.60633104 0.86635807 0.30356080 0.04851600
0.93185712 0.59933883 0.39169314 0.02910077
0.40195372 0.45777599 0.88360365 0.02925606
0.08332864 0.31075076 0.35448134 0.02893005
0.76738252 0.09611202 0.37674545 0.03882316
0.19502427 0.80561023 0.62435329 0.04669093
0.83447828 0.18701595 0.90087903 0.04230740
0.68797450 0.13523212 0.82421629 0.03139049
0.75837463 0.74875263 0.20082731 0.03975713
0.54549512 0.58509097 0.18534756 0.03044171
0.30660862 0.14934929 0.16902647 0.03995968
0.89354173 0.24456620 0.71587549 0.03756143
0.36761104 0.31087622 0.13755333 0.03640291
0.78867870 0.77615619 0.08844501 0.05246587
0.93787778 0.16685275 0.49131866 0.03611065
0.08938155 0.30212215 0.21922156 0.03462683
0.82570392 0.69670948 0.89515453 0.03915525
0.78228721 0.50294141 0.10219722 0.02950781
0.27406019 0.36716818 0.72241758 0.03068972
0.07894175 0.68225450 0.92429048 0.03143991
0.72387940 0.64837627 0.74990715 0.05087721
0.15210328 0.34314061 0.17181896 0.04142689
0.07105390 0.56601116 0.33184167 0.03664481
0.88416750 0.84473225 0.58501283 0.02902334
0.21102478 0.56812418 0.28017043 0.03161698
0.50997938 0.92842707 0.18079100 0.04303141
0.74892823 0.57192916 0.46842449 0.05005084
0.78681667 0.39461528 0.61589827 0.03428262
0.42401497 0.25635250 0.05630758 0.02957667
0.52902208 0.90247989 0.72507486 0.03959330
0.74140910 0.39753367 0.56349779 0.02911803
0.29891011 0.63056883 0.79235948 0.04628912
0.49777081 0.49109604 0.93293830 0.03726627
0.44685103 0.20857022 0.52556950 0.03460319
0.10771779 0.23913169 0.90355292 0.05111431
0.13165313 0.16754260 0.67001787 0.05240993
0.77738571 0.07178253 0.20770450 0.03583062
0.26539633 0.16704974 0.90845887 0.04745532
0.83965129 0.30146430 0.60285743 0.03184710
0.09675808 0.91637271 0.34544417 0.04812382
0.77467715 0.92127921 0.71149616 0.02918126
0.42950896 0.62760775 0.59184031 0.03714897
0.72371378 0.65353121 0.12416450 0.03513634
0.73383860 0.27306743 0.10874406 0.05669404
0.12557307 0.52244998 0.63097232 0.03830960
0.21226600 0.88699824 0.39137866 0.03386425
0.07988564 0.42774343 0.09095384 0.04559186
0.40974090 0.50565382 0.23884871 0.04441117
0.72459008 0.34996552 0.62724070 0.03296742
0.63307203 0.77649111 0.87128251 0.03456363
0.36944757 0.53255659 0.07482624 0.04294752
0.08524094 0.46671704 0.90706708 0.03235760
0.27635727 0.76034713 0.69519858 0.02895343
0.54815180 0.57507617 0.69419909 0.03551043
0.53743717 0.78344725 0.82170238 0.05227573
0.49008203 0.11729028 0.14329598 0.04869825
0.61536755 0.47524217 0.68922053 0.03936388
0.85852863 0.30023482 0.37173461 0.04053061
0.59192591 0.23775428 0.77933129 0.03459928
0.72940293 0.68668957 0.55068830 0.03372539
0.12772375 0.77536116 0.90521514 0.05514880
0.63774927 0.89876274 0.72661288 0.03098710
0.07574789 0.35391862 0.93607001 0.03183141
0.24616336 0.91764505 0.12228622 0.03897791
0.83732446 0.57820765 0.46223646 0.02959404
0.44733596 0.05887143 0.60055943 0.02888562
0.68739621 0.20019722 0.78942990 0.03372572
0.12725264 0.38122414 0.31073384 0.03452682
0.69492167 0.56446201 0.13425447 0.03162356
0.61983412 0.13434752 0.28114918 0.04807770
0.46632092 0.70549928 0.50087356 0.04766787
0.73184512 0.87893216 0.34596198 0.03214667
0.51669565 0.53340916 0.31908171 0.03440264
0.33512751 0.26095340 0.87566383 0.02954708
0.18197235 0.25478205 0.24127105 0.03484598
0.90708993 0.67016491 0.38662708 0.03885013
0.29979471 0.13986924 0.52392261 0.04764135
0.09324651 0.58275112 0.55527704 0.04053349
0.71775698 0.18763611 0.15436849 0.03460190
0.82564642 0.08478588 0.77889142 0.05401658
0.18873469 0.15256756 0.39214874 0.05264817
0.19409584 0.74016771 0.45061721 0.03073854
0.55700839 0.42788020 0.12703999 0.05120600
0.55081263 0.39653485 0.46150807 0.03911589
0.16524495 0.89978297 0.67294675 0.05111549
0.35294599 0.44317002 0.69920392 0.04887122
0.37965222 0.44728968 0.09935584 0.03793571
0.21166769 0.56716663 0.47932847 0.02965931
0.26394583 0.26227376 0.44240754 0.04003595
0.74222676 0.60131459 0.06834218 0.03582995
0.84125092 0.19312197 0.37669318 0.03218367
0.38723697 0.57381412 0.17558375 0.03073773
0.53529007 0.32080352 0.82797456 0.02925246
0.50269702 0.46276290 0.73525415 0.03622424
0.34693394 0.26444701 0.06811439 0.03807591
0.21880671 0.86379049 0.23029669 0.03956805
0.73244610 0.86761242 0.77096467 0.03809310
0.83403751 0.36161473 0.85879514 0.03152264
0.36770356 0.66755797 0.87183997 0.03430994
0.68913016 0.83299778 0.23696674 0.04340270
0.08351075 0.45531399 0.23921105 0.04019987
0.41377155 0.12866615 0.47175812 0.04105529
0.87959036 0.24907562 0.52761412 0.05102894
0.51152737 0.05752755 0.68452944 0.03088833
0.90156220 0.63842811 0.49509350 0.04956319
0.87268331 0.56894885 0.10950217 0.04095803
0.28297808 0.43094963 0.64611930 0.03209776
0.36862195 0.93242882 0.59114113 0.03701967
0.33963894 0.52755496 0.47561128 0.04438203
0.72507869 0.10149512 0.91085588 0.04784453
0.60109762 0.18924085 0.51843068 0.03110270
0.32211506 0.06958537 0.92701446 0.03584912
0.79625843 0.37674252 0.09300317 0.03453162
0.34361961 0.80060503 0.52590592 0.04433863
0.28155155 0.06294388 0.66880891 0.03649874
0.66451870 0.53093429 0.22737505 0.03273458
0.88927724 0.55206824 0.66494286 0.03190472
0.55382327 0.09967830 0.87132265 0.03538430
0.46957404 0.92532708 0.89956801 0.04173861
0.58552628 0.60980208 0.42335289 0.03565369
0.91780587 0.88273041 0.72638475 0.04352547
0.53479105 0.76334852 0.30706265 0.04161745
0.64651901 0.92743731 0.20913755 0.04449589
0.08540597 0.24876118 0.10288886 0.03158500
0.88647615 0.47046316 0.08566414 0.03506160
0.71541604 0.89520010 0.17379664 0.03407267
0.32099020 0.21810311 0.60284755 0.04442963
0.89312059 0.45847505 0.82159586 0.03562805
0.37394756 0.08176328 0.51590328 0.02874780
0.11375403 0.81025758 0.76228104 0.03009183
0.37005999 0.67509877 0.49979703 0.04427961
0.93385236 0.08608767 0.40537631 0.03344505
0.36689744 0.16677195 0.31226219 0.03328856
0.60856060 0.55063636 0.83943565 0.03414125
0.21733177 0.49757557 0.07583499 0.03230866
0.92798023 0.10648689 0.76907383 0.04399619
0.57938267 0.77144902 0.93741069 0.02879995
0.89981411 0.90891841 0.34916118 0.03478538
0.16806155 0.73418344 0.07786332 0.03506677
0.39722265 0.72791757 0.35153409 0.03732346
0.68763866 0.11152841 0.07643259 0.03959281
0.41564059 0.84264355 0.90910549 0.04192545
0.16135031 0.45035118 0.70460301 0.02906751
0.15592413 0.75156465 0.17748226 0.03865126
0.82444216 0.67251112 0.78217655 0.05190193
0.82925693 0.28534054 0.68783962 0.03445787
0.72140845 0.40533250 0.30353139 0.02909181
0.27603850 0.93855466 0.43008541 0.03307579
0.82242963 0.17016349 0.21049291 0.03786109
0.91329715 0.45492097 0.70290736 0.03288760
0.51590984 0.33645419 0.60167629 0.03505460
0.24696447 0.36353534 0.63175824 0.02961103
0.57174010 0.77028888 0.38558623 0.03916743
0.40765920 0.22125600 0.89402645 0.03070212
0.65574741 0.69702436 0.85871739 0.02998288
0.16182792 0.09955172 0.82975904 0.04095874
0.62357823 0.50009214 0.77045947 0.02985027
0.55585198 0.41895256 0.54594532 0.03048217
0.12842546 0.42223377 0.58547399 0.03471584
0.15573683 0.67364856 0.29790739 0.03188923
0.85750709 0.82376744 0.67798163 0.03920918
0.50093713 0.25262196 0.15168326 0.03594502
0.13600409 0.07713820 0.32924801 0.02862653
0.50370895 0.15202036 0.42940574 0.03672227
0.40191211 0.67428181 0.11061365 0.03184816
0.75079286 0.25921863 0.48452833 0.03987018
0.64068274 0.61726395 0.49716458 0.03120214
0.42749920 0.74461187 0.06534696 0.03136056
0.86491150 0.40650741 0.34563460 0.03251657
0.32178444 0.32576909 0.63283845 0.04007589
0.42549923 0.84406222 0.73240136 0.03090465
0.22559128 0.64230503 0.88660324 0.03686954
0.30224571 0.93329062 0.79445743 0.03302518
0.93899157 0.53750130 0.06812712 0.03403162
0.06493043 0.92611977 0.10027212 0.03233342
0.62032389 0.87104060 0.91882345 0.03833964
0.88761138 0.85877949 0.28159560 0.03558875
0.60704649 0.28484392 0.86911184 0.03514085
0.72434987 0.42273991 0.76884266 0.03214658
0.11552838 0.59478725 0.70290911 0.03230496
0.86231072 0.80390777 0.23833245 0.03122474
0.75766020 0.86919244 0.11086080 0.02887350
0.81454874 0.88367898 0.63145341 0.03205394
0.26235546 0.34830258 0.11869870 0.03307704
0.56117524 0.52608284 0.88790582 0.03291576
0.70368319 0.23645145 0.23514772 0.04133584
0.81341999 0.37886698 0.68526332 0.03036277
0.69588128 0.08628102 0.55537879 0.03661972
0.19034070 0.64976220 0.21824846 0.03972854
0.24986204 0.07318604 0.73407077 0.02948709
0.54530902 0.49519343 0.57683062 0.03440119
0.22378594 0.33501718 0.35306268 0.03060950
0.44977211 0.18581197 0.09571881 0.03353977
0.73080085 0.14862197 0.46539732 0.03951858
0.34095360 0.17620553 0.08809989 0.03129057
0.92435360 0.55764803 0.30881069 0.02986721
0.67812761 0.26973825 0.37492596 0.02862827
0.47070913 0.48982150 0.43210783 0.02929435
0.08605857 0.70684979 0.43235386 0.04727335
0.29595891 0.25840880 0.15652784 0.04733061
0.60743963 0.08527096 0.07447820 0.02990472
0.13621480 0.50720710 0.49971304 0.05533121
0.93258530 0.35711397 0.32515199 0.03317182
0.11627022 0.60712371 0.88966466 0.03524579
0.70445599 0.72047229 0.46042490 0.03373246
0.27133268 0.89059745 0.64572897 0.03352886
0.46274872 0.73373716 0.82309253 0.03047864
0.86339809 0.90865351 0.82809136 0.03088213
0.07814681 0.68581800 0.08364244 0.03023187
0.82809361 0.20138453 0.72912820 0.03160746
0.29723416 0.46689792 0.35571667 0.04557965
0.91702604 0.36385172 0.22085623 0.02853905
0.37815497 0.08304563 0.72025148 0.03996855
0.44251354 0.34105794 0.42331857 0.04524602
0.22139994 0.13375686 0.59548150 0.03053983
0.91661831 0.37788126 0.43659730 0.04983266
0.62459775 0.47503158 0.46082700 0.03578671
0.17584842 0.38387968 0.36840613 0.02871952
0.18465130 0.10432155 0.27431136 0.03273467
0.46414972 0.61707860 0.06490418 0.03889089
0.72371916 0.79190996 0.48091141 0.02888401
0.73393311 0.76826586 0.32364764 0.02964423
0.59944977 0.73788376 0.16095109 0.03734267
0.36323615 0.34669168 0.31658889 0.04305891
0.70102977 0.94345856 0.58723542 0.03030017
0.73201481 0.61923447 0.39561044 0.03076285
0.75353327 0.77795796 0.93576560 0.03718531
0.51473021 0.09085851 0.06034952 0.03005941
0.93481325 0.63770709 0.78692165 0.02872904
0.58813283 0.63867214 0.91635686 0.04013618
0.53914491 0.06808224 0.48441055 0.03246411
0.70312946 0.36968148 0.08584178 0.03253548
0.07509309 0.44864830 0.71214694 0.03286008
0.70479908 0.46523959 0.11607434 0.03217012
0.89483029 0.27085672 0.90997769 0.03018217
0.52527521 0.68871001 0.93495184 0.03140541
0.92394428 0.47864898 0.61886746 0.04251124
0.57631976 0.49504835 0.20772706 0.03504529
0.71343808 0.93687404 0.08702599 0.03302351
0.23130878 0.73467976 0.94280461 0.02943017
0.21189091 0.33044937 0.43519462 0.03439878
0.35912861 0.73485806 0.13792432 0.03204678
0.93782394 0.80296657 0.65936133 0.03236440
0.16519511 0.80845759 0.70186361 0.03087429
0.46594397 0.08518500 0.86625937 0.04891146
0.24351012 0.07256299 0.20946908 0.02956710
0.91486339 0.91763915 0.58842188 0.04306786
0.61111228 0.37057736 0.83369718 0.03229974
0.28026135 0.24436862 0.80758182 0.05037843
0.83038219 0.38269948 0.17189255 0.03306887
0.80740258 0.89460928 0.47965817 0.03507937
0.53123011 0.87600410 0.49852486 0.03118417
0.92797493 0.20755946 0.93412842 0.03880791
0.67696250 0.93619569 0.42933574 0.03664807
0.36129360 0.63114496 0.20177419 0.02916399
0.07282675 0.36190720 0.80679673 0.03777833
0.91840963 0.66793296 0.86272362 0.03626240
0.67250915 0.76198622 0.09874728 0.03880454
0.06201287 0.71650195 0.34827303 0.02893033
0.81169995 0.30594750 0.28240443 0.03771496
0.74565923 0.21627020 0.91639061 0.03490864
0.40477587 0.90530528 0.48177618 0.04802709
0.79472608 0.49836069 0.88762333 0.02921175
0.28170184 0.94325391 0.86696502 0.02906276
0.38329837 0.13614435 0.90162216 0.03051845
0.62290229 0.54637764 0.14560607 0.03208557
0.20237128 0.08308023 0.53147374 0.04253777
0.63598122 0.23677068 0.71373809 0.03948280
0.16313514 0.44626063 0.20966934 0.03258910
0.15843377 0.68821001 0.50894412 0.04758155
0.78043006 0.15526419 0.83650318 0.03813940
0.07657973 0.83993926 0.23329748 0.02902510
0.09295120 0.19323517 0.58617809 0.03425222
0.14143942 0.65577035 0.62384657 0.03295961
0.22937837 0.07260486 0.37030164 0.03053670
0.45599900 0.18977249 0.22212951 0.03494103
0.45443670 0.70699242 0.28172331 0.03002288
0.39004344 0.92677083 0.75885848 0.03089059
0.50416475 0.32599236 0.51252575 0.03491555
0.89312343 0.76312160 0.92812661 0.03905681
0.65387761 0.36270151 0.28962705 0.03225737
0.38335971 0.63146302 0.37632458 0.03525043
0.63756822 0.08326469 0.88154473 0.03846564
0.90718796 0.05963027 0.63778955 0.03181510
0.21291722 0.10135022 0.93500579 0.03285560
0.93874801 0.94378274 0.42806594 0.02925952
0.42870414 0.55187661 0.48193844 0.02925449
0.88378669 0.45727893 0.15704938 0.03108413
0.87596342 0.07183933 0.17360592 0.03906605
0.21602179 0.20896126 0.70078945 0.03468515
0.38139211 0.61317410 0.76399542 0.02989713
0.35194450 0.36823996 0.78447569 0.04262967
0.06142375 0.06392055 0.66779531 0.03309955
0.46225816 0.61555544 0.90196896 0.03192957
0.67173080 0.41562481 0.36391071 0.04177049
0.79029604 0.65556681 0.22430147 0.02873545
0.82349292 0.62506240 0.06858432 0.03626951
0.52073475 0.66354172 0.59564224 0.03511008
0.73904411 0.75120925 0.73099653 0.03663531
0.89662885 0.23082112 0.41810629 0.03196698
0.12959915 0.07072618 0.75147094 0.04030879
0.17176011 0.78825356 0.39435008 0.03561415
0.14281477 0.07246364 0.43183100 0.03764012
0.43337514 0.15081215 0.80630706 0.03934923
0.91542455 0.36278071 0.06057865 0.03301781
0.71472884 0.93743680 0.83422018 0.03600443
0.64231542 0.60057340 0.06783689 0.02887157
0.62144419 0.79302178 0.60323117 0.03124278
0.43465380 0.52666650 0.80115550 0.03949492
0.73463472 0.70705498 0.27827383 0.03161493
0.53624281 0.15472879 0.53314895 0.03034317
0.78471311 0.80208363 0.37750093 0.03685434
0.62743344 0.76620796 0.27976839 0.04349918
0.74638827 0.33457294 0.40097833 0.05192628
0.07956218 0.68995303 0.81484721 0.04737538
0.31370736 0.68317497 0.59066547 0.03432851
0.34737122 0.81769023 0.75622635 0.02945852
0.71320730 0.15179014 0.30468799 0.03216438
0.06006332 0.40640808 0.52933697 0.03390755
0.09674467 0.67421850 0.16136154 0.04117667
0.81139755 0.51740134 0.42331861 0.02946301
0.06999953 0.57653224 0.43515041 0.03122807
0.78949870 0.05777324 0.06948770 0.03058078
0.33524249 0.27296514 0.53474621 0.03634936
0.07839163 0.90909390 0.43847624 0.03518027
0.55315027 0.10211911 0.22678742 0.03104832
0.12187756 0.91093707 0.91635146 0.03005939
0.35029189 0.89494829 0.92970524 0.03499399
0.10972088 0.06924028 0.61642303 0.02996055
0.41115426 0.40562403 0.22999099 0.02907188
0.58338628 0.81131674 0.05948219 0.02922376
0.55334637 0.91638203 0.41740950 0.04081299
0.19516211 0.17952582 0.29650063 0.02954206
0.64151618 0.63775509 0.12961271 0.03040544
0.49036572 0.40104062 0.37883658 0.03015125
0.67032811 0.68388180 0.05782193 0.03131622
0.91122461 0.41035077 0.52584094 0.03169147
0.54901082 0.31529474 0.22744247 0.04554722
0.92237382 0.91139776 0.07282160 0.04565885
0.25133806 0.79546477 0.51643184 0.03140409
0.37115485 0.36225310 0.18967105 0.03139839
0.93413950 0.64894440 0.23051976 0.03411951
0.32543571 0.42388324 0.46292097 0.02924785
0.19433377 0.53754541 0.20194421 0.03813850
0.40312489 0.76231042 0.45045580 0.03223994
0.80493955 0.93819040 0.55747486 0.03211163
0.68465259 0.45039620 0.26331013 0.03017297
0.28572015 0.59246318 0.46052226 0.02875434
0.29537447 0.21488784 0.35801165 0.03052723
0.80137726 0.36708693 0.76389336 0.04239855
0.67546164 0.92133224 0.30861425 0.03084210
0.73380315 0.84588571 0.68649014 0.04087962
0.49468453 0.55116243 0.65132103 0.03087499
0.38886018 0.93615744 0.85909553 0.03192641
0.32208188 0.93104895 0.67511529 0.02959359
0.18312899 0.38991774 0.69226130 0.02981969
0.25386584 0.83313268 0.06577330 0.03103724
0.22333118 0.55603593 0.58880028 0.02932100
0.22233666 0.81252559 0.30587149 0.03245972
0.43977882 0.79122335 0.31772265 0.02955927
0.83204803 0.27310931 0.20589385 0.03095313
0.30180308 0.19186159 0.68490176 0.03552852
0.61099841 0.36404199 0.14884169 0.03039781
0.75944049 0.09083503 0.61412484 0.03153642
0.30989968 0.27578586 0.23936506 0.03038027
0.90255223 0.71034436 0.05492476 0.02892430
0.39910232 0.42979240 0.53063762 0.03017866
0.24842487 0.93307004 0.58484117 0.02886420
0.57951328 0.55873127 0.50629333 0.02927519
0.90260041 0.15703709 0.42983646 0.02857327
0.88026859 0.73874158 0.53629229 0.03785234
0.94212853 0.87471382 0.83066230 0.02976886
0.28390659 0.07524438 0.46727351 0.02926959
0.64813635 0.91945167 0.63583484 0.03271270
0.60832922 0.47540029 0.34421595 0.02871327
0.62877791 0.42231721 0.94053044 0.03018787
0.65126577 0.30266384 0.21464664 0.03632314
0.75091722 0.06603514 0.46198131 0.03736696
0.93895606 0.49353027 0.38063099 0.03203679
0.15317237 0.19583204 0.19665910 0.03445603
0.89597250 0.77154795 0.16183914 0.03947967
0.83563811 0.85664567 0.17188403 0.03859874
0.90466572 0.51215507 0.89330441 0.04398950
0.78870409 0.16504618 0.65752012 0.03320096
0.92136737 0.24194688 0.61579236 0.03048882
0.79405472 0.42437285 0.27545774 0.03494636
0.24007021 0.48610615 0.52250546 0.02858786
0.34019466 0.33477381 0.89587178 0.03172123
0.67415610 0.79361995 0.44015672 0.03054664
0.92658165 0.14056869 0.84335613 0.02879775
0.61544219 0.16735908 0.19744923 0.03069629
0.12628695 0.50956700 0.30667285 0.03110845
0.10988515 0.50397387 0.16348635 0.02950128
0.45665493 0.43302330 0.17713175 0.02883304
0.06468283 0.07526864 0.36112121 0.03591786
0.93521058 0.57230571 0.72362550 0.03298670
0.52385132 0.83075076 0.92955485 0.03552622
0.80768336 0.29664531 0.93968403 0.02877804
0.47083173 0.74778734 0.75599620 0.03111951
0.39396400 0.16160776 0.24360438 0.02961161
0.61381186 0.56457786 0.74394912 0.03172590
0.40079063 0.18488151 0.40612472 0.02953317
0.41816689 0.50498648 0.62729606 0.03485641
0.31010823 0.68461464 0.39541925 0.02985791
0.25149013 0.31601506 0.92514678 0.03780795
0.46272865 0.61131157 0.68665293 0.03550498
0.57114411 0.74001540 0.62183095 0.03289449
0.57633703 0.29694458 0.47041682 0.03236237
0.51906834 0.92902622 0.28845024 0.03371288
0.46829934 0.67499536 0.64448592 0.03051638
0.06652587 0.25878455 0.68170349 0.03905323
0.19721713 0.93465085 0.49999533 0.03203603
0.82646993 0.84768810 0.78465102 0.02903088
0.79509946 0.57680923 0.37523579 0.03011119
0.15654187 0.70835027 0.37222802 0.03965224
0.31124399 0.51601166 0.72813555 0.02982305
0.09536214 0.40747499 0.17235054 0.03258099
0.35222787 0.07242471 0.09065009 0.03254975
0.25429223 0.24811598 0.53572338 0.04093943
0.47956520 0.21185315 0.82108025 0.02876424
0.54169182 0.25475369 0.06430498 0.03389808
0.34344708 0.78864866 0.08557866 0.03453054
0.93862749 0.10612979 0.11532517 0.03331795
0.48295703 0.06610039 0.53868176 0.03435583
0.06541855 0.79573786 0.44339093 0.03272486
0.63965951 0.41477452 0.06614888 0.03025174
0.81020553 0.83830645 0.93791868 0.02928854
0.62638246 0.09656959 0.51134908 0.03234980
0.46735440 0.22812371 0.68186917 0.02880444
0.86178726 0.60266819 0.39097834 0.03418797
0.25484655 0.34286755 0.80749498 0.03179259
0.71482722 0.18317086 0.65391872 0.03082231
0.19649178 0.53167924 0.34423089 0.03682735
0.39367579 0.06927679 0.36063877 0.03276405
0.27219978 0.85227610 0.56413123 0.03669043
0.08121128 0.23164282 0.20886333 0.02868828
0.08477572 0.81293250 0.36412030 0.04258785
0.62647701 0.42030895 0.58289924 0.03071073
0.63658101 0.06875105 0.78057359 0.03754282
0.32887715 0.89866248 0.52197780 0.03133926
0.56733368 0.90962991 0.88031698 0.02860285
0.06630677 0.92341273 0.71272592 0.03112546
0.55477042 0.69740178 0.21576301 0.02908694
0.16285891 0.31905415 0.54736941 0.02922990
0.69677660 0.48838391 0.33208565 0.03064759
0.72965847 0.67355991 0.62727704 0.03013114
0.07170151 0.20577166 0.28591604 0.03987661
0.26684130 0.06754714 0.58688007 0.03022232
0.49172508 0.93441277 0.52125071 0.03728955
0.80622315 0.21124339 0.50200371 0.02992627
0.58761444 0.06464702 0.31979362 0.03037459
0.45881872 0.13743151 0.54747787 0.03108463
0.84568454 0.86471177 0.40075986 0.04373898
0.81168584 0.65331745 0.42881638 0.03021749
0.13467292 0.53380127 0.73853499 0.03577006
0.27207130 0.75811484 0.05825371 0.03012833
0.26101130 0.78116357 0.79591346 0.03201375
0.19016468 0.29613726 0.65008525 0.02962561
0.88078911 0.32157744 0.83003905 0.03108384
0.31410374 0.38089955 0.06888278 0.04057607
0.29295554 0.23757472 0.94258670 0.02908189
0.61439026 0.58018903 0.22072081 0.02904711
0.54846804 0.43658644 0.94029062 0.03125367
0.92794350 0.90366831 0.51149100 0.02927277
0.82954935 0.93675857 0.16420272 0.03113274
0.56824112 0.58843218 0.07999703 0.03634427
0.75098190 0.27818805 0.81834427 0.03462817
0.20974136 0.75906315 0.24317594 0.03052807
0.40288452 0.84994740 0.39344689 0.04884672
0.22794241 0.56154248 0.05771460 0.02879584
0.56174894 0.67401645 0.65690514 0.03090742
0.86600940 0.40613304 0.26770923 0.03282039
0.52236467 0.45233909 0.33639811 0.03815504
0.75052738 0.14279172 0.76179991 0.03633843
0.21564140 0.39163345 0.74903677 0.03085383
0.58940240 0.74329610 0.08448690 0.03040253
0.65284441 0.52991773 0.91472914 0.02850870
0.40784197 0.46235616 0.76185091 0.03181167
0.33951498 0.77488192 0.27280972 0.03940916
0.65519726 0.81595073 0.66718909 0.03521109
0.85383665 0.92351739 0.70346699 0.02855150
0.11600762 0.32961128 0.08706182 0.03567631
0.80016058 0.74134241 0.26698397 0.02982474
0.85467633 0.71641466 0.09832885 0.02852409
0.29291700 0.89956789 0.19174933 0.03559373
0.54525934 0.07307627 0.75051101 0.02864359
0.45120626 0.59709175 0.29997407 0.03518735
0.24552041 0.26081926 0.30041749 0.03101173
0.17437968 0.38215151 0.53245014 0.03134634
0.61178225 0.54530659 0.30091231 0.03880744
0.68786863 0.20898936 0.86403287 0.03304243
0.65459404 0.39476498 0.78354365 0.03013017
0.37714548 0.50489517 0.16197959 0.03046126
0.40431487 0.78722017 0.80191446 0.03627612
0.07429553 0.48873645 0.57393544 0.03000647
0.13872650 0.59997834 0.30301319 0.03598796
0.25834346 0.48649640 0.19207798 0.03688501
0.39311288 0.49135651 0.42678670 0.03013147
0.34250961 0.29561238 0.71532305 0.03280959
0.90289957 0.24344255 0.06190153 0.03570380
0.91618650 0.40397544 0.76320051 0.03523535
0.67143243 0.17482114 0.38299470 0.04146005
0.63662644 0.30067737 0.94122825 0.03109367
0.08527931 0.09755230 0.55992203 0.03189158
0.24921471 0.44839473 0.84007155 0.03051779
0.73261942 0.54534202 0.94495265 0.02889001
0.30202294 0.38746406 0.18121365 0.03545726
0.63487371 0.90859251 0.37939926 0.02872160
0.80581372 0.71316666 0.36256552 0.03208828
0.63901984 0.06662209 0.64482755 0.03001737
0.88522030 0.93899084 0.93887795 0.02954453
0.20313549 0.93320885 0.93510247 0.03209703
0.45524106 0.54491665 0.89839938 0.03096604
0.73424080 0.81199530 0.15680724 0.03168804
0.41325170 0.29008943 0.75049496 0.02932576
0.39219163 0.36606093 0.05916222 0.03219199
0.31131661 0.91299559 0.07694680 0.02863501
