1.46151135
1.84194930
1.52466942
1.18225015
2.08572529
0.40409990
1.25823713
1.32883899
1.46929196
1.31287010
1.08535780
1.12982090
1.27080378
2.10350750
0.45263897
1.10523924
1.32269123
0.83075969
1.08178912
1.14623193
1.61033056
0.44469462
2.71784300
19.06099074
5.82351175
5.85690225
1.44042645
1.17441438
0.67769520
1.70955080
1.06549411
0.60967919
1.43224391
2.19831543
1.16791673
2.60454072
0.73562698
0.56600541
0.98707530
0.32697212
1.00406487
2.12360507
1.23088603
0.52586320
1.62115396
1.07690446
2.39463918
0.45733369
1.20042423
0.50181814
1.04517789
1.30251361
2.46395139
1.35518913
2.00726884
0.66781685
5.25297818
1.09781845
1.61384328
1.25220081
3.21847465
1.68231575
9.89564515
1.65601097
1.67586600
0.81141080
1.13491703
1.23085211
2.89309299
3.28992123
3.80106415
1.27821694
1.22811644
1.49576910
0.68299694
1.25862012
1.94499023
1.22301797
1.16300472
0.80677938
1.90711335
1.14892506
1.24528638
1.85573862
1.50753842
13.53183127
1.26819734
0.44021707
2.28587245
1.22195325
1.98908953
1.10668548
1.16580079
0.72095114
1.08393915
1.22375594
0.90521667
1.39417820
11.56474603
1.58887151
1.34521533
1.20224058
4.62216141
1.41777069
2.07418618
0.45344695
3.87939963
1.62891803
1.06955918
1.66503041
1.62326443
1.12632713
1.25223849
1.40474371
0.95047945
0.53805272
1.37328362
1.28144731
2.13761482
2.24827147
1.57108980
0.44536816
1.14287142
1.26217080
1.26768256
1.07605025
1.07547008
2.08514237
0.90522404
1.72113695
0.56025269
1.39150275
5.38130506
1.06462591
2.13455927
1.59820072
1.37673061
1.43177995
1.29613272
1.44650801
0.85003744
0.36616915
4.07934587
0.76716750
0.85846565
2.33756854
1.67882073
1.26992648
2.18708002
0.70360197
0.50894327
0.59867566
1.15986365
1.58123011
0.75053428
4.74167690
3.91779456
0.51504707
1.52853679
1.75100598
1.61844538
4.16742777
2.05938110
1.61898216
1.52671036
1.32243551
3.53690848
1.52382144
1.31718172
1.14892246
1.20360170
0.74551582
1.43216927
1.33123266
1.22430567
0.40191179
1.94021643
0.73287135
1.14604599
1.90991953
1.18643861
1.45291216
2.63355457
2.19894671
3.14265272
0.60530164
1.20970407
1.04600549
1.22986868
2.25617421
1.05790340
1.42008411
1.19890121
1.15476183
1.48244449
1.13582211
2.22953753
0.40310666
1.07102023
2.17569753
0.83740674
1.47471432
0.50682568
1.16575242
1.62229326
0.49074091
0.74824875
0.93401344
2.46471869
1.06508646
1.19221126
0.75673799
1.42666931
1.47973779
0.85371031
2.49218400
1.20185057
0.39346221
0.97342775
1.55786864
1.93482460
0.79614155
1.27461048
1.36808977
1.18993007
1.12341254
1.75650113
1.29354199
1.16254604
0.76892694
1.10128877
5.88352386
1.48402685
0.91103649
1.94180785
3.04909063
1.05719344
1.41933523
0.89476393
1.06420062
1.35789824
1.57720759
1.07905626
1.66813378
1.62525561
1.67145085
0.38669057
7.37887287
1.15042851
1.55914347
1.57554906
1.86770274
2.68934679
1.21645064
0.85040784
2.65866410
1.17380442
1.36371428
0.69908098
1.45253963
1.02971077
1.41590931
1.23066875
1.11303891
0.78027570
3.92849633
1.23768419
1.05510737
1.16368831
0.64470458
2.74893727
1.12008790
3.64191828
2.20669118
1.50967505
0.37940460
1.49329762
1.28803532
1.40993036
1.59180685
1.07055071
1.26701316
2.89826775
0.44352940
0.53988417
0.59051824
0.68135129
1.54908241
1.10125538
1.07987602
0.76232180
0.95796938
2.66785902
1.46444930
1.14939294
1.67145734
3.16396372
1.30279142
0.32480969
1.25339871
1.17491487
1.18661999
0.79509779
1.36299507
0.41750326
1.23498287
1.33640489
1.60567642
2.92740356
1.20753051
1.20605691
1.21398565
0.53582930
0.33368103
6.33681961
1.27046636
1.18749807
0.78589132
1.15823568
2.05729262
3.01961501
1.48161051
0.55693038
1.53332266
2.59962452
2.06170260
0.50515886
1.04546846
2.11853720
0.45242866
1.40020481
2.86531794
2.92894511
0.67133709
1.29695151
1.17930518
1.11613803
1.69763054
1.09338353
1.87281488
0.74900869
1.23704434
0.90431158
0.95126071
2.19613211
1.32190610
1.98078138
8.48224820
1.64081578
1.30672218
1.67817409
1.09216276
1.65439812
0.68809197
2.02572773
1.73705268
0.99300389
1.32289687
2.73907140
6.29712019
1.29175724
1.20082952
1.07362503
1.65612742
1.49257750
0.52267627
1.10628253
7.06894890
2.37047608
0.42894707
1.61777056
1.11849628
1.61899750
0.85140406
1.99114950
0.73393039
1.92801652
1.73399620
1.54866836
1.20544124
1.33673742
5.55534773
12.24920548
1.49349515
1.28446039
0.67121673
0.65843989
2.52768355
2.55717419
1.18801355
0.86181137
1.86012497
1.55095302
1.04968574
2.65633307
0.65874358
0.76509468
1.65169048
1.16415719
3.59006201
1.49564650
2.39111401
2.15887441
0.65050200
1.34580124
1.67794521
0.48842524
1.69124562
1.57905166
3.40439972
1.22890531
0.64549640
1.44978460
1.88385332
0.46218351
4.75307900
1.47462020
0.46266625
1.74982191
1.50114723
5.06986069
0.73295523
4.44361132
2.34541731
3.89060972
2.58138378
1.58675089
1.32949532
18.79634584
1.52298630
2.42206066
1.43539650
0.84786953
0.66642633
2.92850142
4.30419029
1.77671860
1.40165193
1.10688881
0.59000936
1.57181690
1.98998684
1.05090293
3.06263545
0.44035614
0.62962187
1.19806786
1.14664655
0.62094363
1.24320192
4.40624399
0.89529306
0.39407363
1.62352131
1.20474768
7.07115505
0.99708248
1.51918784
0.89073928
1.14995504
1.54895412
4.00900626
1.47303132
1.54730787
0.75817804
0.90302070
0.99881692
1.28977569
1.20103254
7.61451235
0.50082714
0.57245726
2.47089374
0.55892196
1.06429900
1.20506399
1.14702223
0.58111733
1.12539463
1.67363933
0.87971005
2.69715709
0.72446331
0.74528561
1.09292059
3.23166901
1.15526212
1.91826842
1.47239467
1.47886634
1.60856574
1.20671461
1.06322413
1.66287106
3.68870651
0.61455866
0.89848741
1.70056567
1.42058745
1.53010388
0.45626364
0.60546028
3.17548252
1.06798210
0.48135787
0.48925091
3.16480497
5.94220534
3.19299731
2.09641771
1.21290535
1.14056828
1.69602064
2.51935287
0.88476111
0.65647494
1.44048301
0.75840898
0.74686277
1.39310282
1.33905966
1.28989013
1.22987516
0.41706069
1.52891376
1.47599746
2.19628047
2.25843828
0.74793397
1.58950588
0.53023856
0.52753343
1.44031091
2.17381935
1.21885901
2.51531649
1.16147457
1.04345626
0.60609287
1.14774303
2.21781859
1.60399716
1.28551686
2.26735883
1.74805711
0.40547346
0.70451283
0.64688151
1.52212057
1.24048632
0.47807101
0.57797761
1.37867864
1.29852771
1.21855965
1.15932597
1.61411403
36.08557195
1.18327704
5.20766065
1.70231589
0.81882570
1.50590452
1.60919580
2.00346791
0.56522862
1.60558343
5.73953725
0.97225461
1.18369711
6.39738411
1.67220287
7.73725549
2.51608512
0.93201746
1.13399345
0.98091004
3.35483740
0.58907158
1.12055225
0.69114357
1.25952722
1.14664094
0.51667499
1.58675281
1.36672250
3.58198477
1.17375064
1.08132342
0.86530188
0.95419643
1.18446031
3.24197286
1.91517256
1.05249123
2.64254557
1.87340942
2.05340755
0.93582963
1.15843933
4.99875431
1.40527102
1.17682681
1.31826987
1.21659222
3.54505714
0.47646161
1.42303009
1.54133723
1.44971151
2.19357881
1.56334044
2.55969324
1.78829776
2.18208713
1.58150802
1.33956575
1.00811269
1.20570899
1.29724454
1.06412988
1.09722420
2.30083398
1.57901497
0.79919758
2.25459617
1.08246401
2.91350123
0.64365490
1.49902105
2.05121353
1.76088926
1.07905361
1.92709835
2.62438474
1.18434672
1.21781556
0.89989809
1.28303778
0.78206470
2.43373871
1.07693181
1.49422151
1.40412152
1.97762802
1.39610178
0.51201174
1.26546259
0.44139848
1.06126789
0.93596593
2.20782957
0.71116118
2.20181484
1.68774965
0.73949034
0.33082625
1.40331271
1.92528659
0.43892366
0.63044062
1.52921964
2.00226601
2.17118307
1.92872749
1.36562886
1.08860816
1.69553572
4.51165942
0.99811616
1.41153572
0.60779147
1.25377250
3.42811479
1.38265675
1.23879029
1.10535223
1.35405364
0.69943985
1.27329682
1.15710659
1.33792028
1.65374711
2.11235439
1.15177995
0.99467401
6.21041615
1.80018192
4.96977221
1.94461905
2.65931921
0.64448616
3.02500409
2.67142290
1.76995523
0.96682466
0.77841756
1.11407819
1.41035275
1.14889464
1.32294332
0.97764868
1.12029674
1.26289511
2.12670657
0.93827070
1.34275031
1.47124245
1.46989918
1.28137702
1.41417803
1.45359729
1.36700543
1.08358593
2.54148230
1.72913169
0.97433174
0.81289984
3.08104775
2.07562266
1.57641984
1.50666026
1.12369939
2.01505483
1.00263424
2.37007604
0.59883859
1.24111208
2.45095353
1.25139654
1.53566865
1.14487414
1.97745004
2.28037290
0.53218371
1.46963598
1.21769343
1.18964658
2.27127115
2.87190468
2.93427678
1.09368786
0.59187243
1.15157825
2.26139049
2.01817852
2.83672846
1.85158569
0.86114755
1.20699900
1.51359601
0.77367251
1.12774319
0.53580963
1.26445920
4.89953960
1.17559637
1.13272789
0.91311959
0.49534810
1.40666508
0.47769241
1.25122826
0.45049755
1.12505273
1.10175526
8.09977370
2.48524426
0.67853300
2.37391518
0.79920120
0.54340489
1.37550541
1.26285898
1.92720514
1.49936547
0.86653535
1.75258471
1.48934136
2.21553843
2.38027161
1.53824403
1.62996154
2.04257180
0.67486307
1.69653801
1.53161613
0.64606737
0.99898087
0.95306363
3.64171698
2.34554942
5.17108110
1.10758216
1.32180083
0.73488157
1.16794978
0.78829633
1.39921833
0.61799296
1.79434250
1.42803014
2.61604236
1.10341178
1.75037463
1.09914405
0.63706980
1.07363514
1.32865777
0.82391529
1.41745934
1.21264843
0.82674945
0.56716313
0.81990255
1.51580009
1.22913842
0.74498146
2.58258400
3.05949504
1.34848929
1.33989241
1.33662157
0.77398924
2.88703450
1.07748026
13.34593820
1.10453170
1.27010550
2.67190656
1.16570482
1.35621876
0.71397554
1.75760627
0.75575328
2.21956432
1.55413431
3.22114202
2.09447004
3.87957844
0.53920826
4.64795069
0.87004401
6.23069293
1.10253676
2.30963608
3.25659418
0.70386891
2.07043345
1.62515517
0.68566263
1.18721597
1.50279543
1.13018641
3.37348828
1.17315433
1.94254411
2.39556276
1.30082100
2.36202338
1.34013469
1.80576593
1.14640268
1.71930375
1.49261518
1.42672548
2.17669983
0.34696421
1.61406791
0.44760115
1.27380668
1.80289134
0.65912247
1.27456144
1.46340909
1.44034897
1.10858361
0.93480561
1.24959654
0.43806248
1.96235829
0.95687662
4.36197835
0.68206764
1.05522258
1.89634454
1.29157973
1.23634248
1.73349513
1.17734426
1.71610817
1.40014331
1.14825107
1.41726242
1.78732573
1.09720752
1.62053341
1.39894715
0.82392775
1.75894650
1.26795094
2.70876398
1.20258152
0.55531745
1.30179637
1.38560965
1.64145095
1.56366503
0.65961660
0.72587104
1.34466675
1.09973048
1.36049421
0.58655303
1.31842987
1.30003303
1.23725289
1.04137675
1.18637458
10.29920627
0.70170765
0.76454645
1.22631223
1.18694827
0.63487513
2.16296060
2.61805528
0.86921947
1.14577073
1.13516711
0.75175023
1.41563577
1.27237746
0.86019010
0.95252128
1.72405407
1.96082046
8.74051338
1.55163493
4.57596719
1.48747884
1.23086671
3.11348178
0.65391318
1.14950390
0.75484502
1.98473213
0.63850057
0.36918846
1.11716952
2.40496511
1.54051478
3.14862968
0.47237189
1.63737071
2.57664724
14.76735413
1.44664795
1.10458711
0.99931916
1.70222416
0.62489433
2.12201450
2.29564727
0.67795064
0.95180241
2.16240709
1.10666798
1.45090714
1.63547769
1.29264418
1.20158221
1.62237405
0.73696109
1.35689884
0.75967974
1.27750144
1.04878271
0.97424930
1.37822059
2.21600241
0.57463526
1.13191103
1.95201127
1.04628869
1.32937300
1.07114385
1.34365139
4.26396285
2.64300016
1.24592875
0.50719533
0.66897878
0.48228843
4.84270866
3.39525619
0.50003805
1.63183839
1.40992759
2.64380098
0.61387869
3.23373551
1.39981292
2.40051610
0.93008143
2.76064465
1.18542789
1.23076639
1.95635062
5.69415590
3.19438439
2.86741251
1.09970401
1.42343201
1.40488172
2.28291519
0.99977159
3.25183298
1.48811066
1.23927467
1.12733909
1.03201501
37.86826914
1.05469844
0.87729676
2.56445209
3.40922942
1.89084699
1.36646206
1.44178718
1.40163629
1.51114753
1.11343905
0.68059090
1.11647316
1.94242403
1.26037840
1.20820934
0.95879034
3.03384540
0.55549071
1.88049471
0.84165511
1.64232365
0.46982226
1.29210605
0.54443901
2.06674564
2.30508066
1.73987049
0.43160353
1.08618694
1.51883918
1.08878603
1.07536885
2.23851207
4.62580009
1.23833470
1.07352853
4.50066240
1.12430340
1.17878952
0.49615437
0.69035869
0.42280892
2.90625284
1.12741611
1.99194058
3.49774025
2.96457357
1.27548463
0.88254272
1.13694172
1.28470288
2.15193225
1.21934118
1.09103020
4.13449672
0.92239106
0.79893209
1.10713130
1.96343614
1.45086281
1.16447953
0.91533426
1.08873431
4.29941600
1.39389674
1.98272269
0.81924930
0.82421558
1.12159031
1.27469780
1.48905799
15.69990554
8.34965622
1.45098203
1.35166774
3.32193259
1.69836908
1.23914769
0.49201094
0.65851787
0.46167902
0.97077037
2.25782207
1.51285179
1.17185685
1.59502313
0.57756072
1.12364202
0.95306479
1.29132396
1.42680787
0.49387561
1.29918433
1.19389816
19.95916477
0.65230484
1.39579749
2.83163133
2.63641544
1.40366645
0.60145296
1.39295429
2.09068619
2.26029796
0.62615825
1.19566214
0.42865847
1.80383239
1.23620900
1.99972552
0.40015574
1.70659676
1.45509019
1.38400674
2.14588253
0.61244655
1.15224809
1.54675569
1.23742280
3.14008171
2.61714650
0.78548085
1.39399469
1.09536832
1.08034800
1.02142258
1.27713253
1.09836352
1.16010294
4.20368615
1.51604278
1.25753272
1.18644804
0.82582370
3.84947470
1.35292686
4.17366733
0.51178916
0.39862710
1.46039356
1.84986264
1.09497392
0.59913699
2.37393782
1.72609560
0.76807445
0.86020840
0.49948714
3.50550982
0.69971469
38.04594200
0.55405156
10.86443189
0.97502724
1.21000804
1.12439214
0.93369280
1.35602027
1.35623911
1.15886913
1.34234929
1.64285590
2.98402512
0.46260321
1.12343261
2.52138097
1.18641980
2.38385056
0.89262107
2.88053463
1.76973417
5.70338411
0.96898839
1.42524456
1.23312608
0.56280556
0.77701846
1.54973868
2.44011200
1.91077341
1.86686547
1.15940314
4.32659127
1.98476455
2.64791745
1.14960100
1.47257132
1.05316863
0.75384022
17.56125036
0.81629477
1.38985248
1.16058153
2.24386334
1.16353621
0.97630877
2.41906072
1.51148061
3.19682886
2.54482781
1.10438868
1.20415303
1.27026489
1.83576102
1.08293918
1.19674262
1.28146874
1.13939919
2.44161171
1.63786111
1.30266333
1.60270440
2.32372145
1.05573632
1.15416923
1.46664757
1.08481235
1.44238135
0.43948801
1.21703646
1.64287558
1.23835280
3.86348445
0.70255727
1.30963122
0.45881201
1.85223655
2.18790896
1.86193844
1.32482745
2.42654268
6.58723136
2.10636424
0.37975884
1.17345266
1.19484572
1.26253117
1.26963174
5.69801963
2.38002076
1.09796170
6.25864614
1.11025666
0.74121985
0.67764060
1.04283028
1.10049555
2.15431602
1.59754503
1.32292789
1.09559861
1.50879006
1.40415800
0.69822330
2.36245019
0.85112105
1.91352105
1.71063985
1.97250481
0.37670456
0.91524672
0.96062790
1.00727013
28.01173538
13.93861302
0.97596449
1.59292665
1.17898912
2.23917093
1.24085110
1.79615055
0.92309545
0.61572322
1.23517106
1.18023369
0.74091602
0.37914829
1.49945425
1.24171235
3.17639564
1.32062661
1.55771663
1.55723553
1.40749793
6.26365200
2.13111370
1.78775788
8.31269725
2.82056339
1.44194510
1.72869272
0.73200019
0.45947505
2.45212174
0.97735821
1.57731046
1.48606323
1.91185651
0.40622480
1.00008032
1.55872099
2.24718343
1.24539239
0.48808221
1.23162716
0.94287646
1.60628041
1.35020992
0.68511900
1.23909850
2.39560229
0.50216315
2.28451367
1.20830826
3.71208068
5.39000249
1.08718263
1.41134575
17.42608788
5.17102967
1.10195485
1.29646593
3.87677877
1.24445626
1.34926506
0.86598418
10.14855129
1.68396745
2.57103724
1.18526287
1.40966705
2.06822062
0.49014442
0.73932032
1.28440797
1.02234011
3.19880760
1.12722754
1.21767092
0.68905995
0.48251047
0.54873849
0.74555960
1.64015684
1.33307067
2.80219585
1.69403476
2.66467581
0.80473371
1.01989215
0.81800419
0.71451869
1.12580062
2.75523924
1.77115846
0.98436868
1.88145466
0.45855086
1.45790393
2.41051808
0.51728297
1.50312776
0.87319239
1.36370058
1.45428854
0.73384727
1.03140148
1.30377738
3.18647097
1.08734063
0.36143994
1.24493868
5.80050243
1.43562708
1.43584968
1.18434122
2.31478553
1.28608644
2.29522267
1.11369465
2.55488179
13.81540132
1.17723299
1.06194003
1.58882969
1.78393250
1.09927277
2.43565730
0.88133034
1.42750001
1.06789817
0.99226755
0.48420316
1.45629836
1.22420228
1.41026013
0.42527235
1.25511529
3.26866666
0.48392663
2.43759382
1.21330196
3.24151094
2.80581262
12.29978925
0.60212332
1.39933905
1.66811754
0.54810918
1.48644990
1.65891957
0.88589333
0.42370375
1.07623484
1.28186656
2.11992922
3.53500951
1.03024633
0.76839153
0.62131910
1.53710042
0.63625027
1.17680764
1.81637773
1.48156502
1.60286309
6.94739038
2.31309010
1.41654194
3.23991160
0.92988382
1.13937430
1.16412299
1.52430464
1.62346112
2.98943148
3.25019506
2.27257221
1.07494379
1.49909272
1.89212638
1.43850491
2.26180507
2.39946537
1.61012218
1.19553345
1.67450349
1.16418445
1.81878933
8.82725013
0.58036299
1.15006139
1.54196597
1.88193538
1.06415735
1.79672218
1.44502924
5.80847431
1.30254644
6.13842877
1.59172345
3.35592105
1.28411416
1.49186781
0.60036279
2.45851947
2.19813648
1.48544935
1.31869496
29.68507988
2.72788115
1.39032290
1.17640687
2.38671375
0.46032555
1.43599364
1.06262928
1.08527597
0.67226299
1.91219948
1.21239865
2.16670777
0.69154602
4.21563719
0.59902772
3.83717613
1.09502161
4.73852043
0.75538521
2.14502017
1.85764991
1.66052228
2.13945871
0.71267250
1.56134627
1.21918649
0.95312740
1.40421555
2.51137744
1.54996988
1.46640742
1.12501201
7.09103393
1.45885495
3.17326710
1.07685379
1.54073902
9.30673836
1.45540553
0.72843086
1.22465242
0.64050918
4.94087108
0.62879569
1.55059222
1.69595435
6.18429975
0.47693000
1.19515559
1.28573499
1.05936446
0.36109171
1.54837024
0.81849665
1.60895609
0.63013769
1.44070242
0.70843185
1.11395076
2.98641895
0.83695454
3.87636357
1.21150475
1.48522882
2.22621412
3.85671786
1.59053646
1.41104891
0.96578101
0.38644102
0.90749046
2.14140162
0.44211688
0.53693078
1.43937564
1.39469866
1.68711933
5.31315330
2.01080907
1.37171523
0.65679511
0.98886532
1.91571068
1.16987542
1.40050471
2.26360688
1.19707247
0.66710046
1.51960359
1.67135762
0.73242657
1.53365243
1.14329141
2.61073581
0.53388946
1.94018907
2.04005871
1.29763697
2.42291265
1.05967905
0.89164395
1.39496444
5.40269282
1.67982650
1.51152370
2.94119146
1.15052748
6.97227999
4.83597702
1.07357508
1.90640517
9.14732627
0.84262211
1.33293939
1.76900347
1.85747428
3.68936087
1.98740620
5.71774388
2.24752414
1.29415460
0.94955789
0.40692513
1.96295296
3.91683990
0.94065371
1.04160151
0.61047337
2.62004634
1.28367568
1.13401049
1.68005423
2.39957906
1.39149144
1.13837664
1.31377145
0.48653877
1.28875431
0.61212909
1.67665147
1.15875639
0.98521980
2.01391266
1.55602630
2.51245822
1.98957302
1.08638439
0.81364308
1.26158571
0.63053818
0.85812224
0.66500760
1.05373028
1.39912193
1.84751127
3.11446098
1.92556673
1.27866830
1.22355609
1.44574289
3.76659003
2.12403900
1.44604645
0.45910341
1.42589203
1.41063266
0.60977017
2.65747369
1.15619008
1.10319441
1.08439374
2.31938846
3.22985221
1.30048564
1.33444939
1.15974765
1.81493915
1.21359137
0.76877408
0.48351540
1.31428636
0.77156317
6.58115321
0.61722666
1.30566271
1.11835323
0.91978338
3.98801001
0.47832644
1.34872362
1.58282711
1.32376913
1.66480397
1.81102739
1.48544904
1.46717468
1.66335735
1.00300028
1.41194405
1.28417469
1.21415369
3.51119928
0.75898429
2.11584495
1.89081404
1.59443701
1.25490768
3.43148652
1.63961403
2.26434120
1.21636597
1.15876687
0.53483454
1.38466907
1.42584802
2.33664757
1.33784080
0.72242067
0.52298851
2.30597483
1.78636874
2.09938341
13.69781347
1.32008377
1.16500751
1.04113536
0.70721736
1.26854863
1.57220888
3.02117308
1.97085152
1.90315161
1.12813339
1.43150794
1.54387999
2.97731892
1.72379825
0.78648375
1.64131060
4.28147238
0.56087502
0.65594820
1.72652642
2.30225679
0.63771438
1.18176108
1.66667172
0.95486626
0.71241018
1.45395851
1.38793353
2.19600675
2.84848948
3.41501182
1.97782403
0.89824898
0.93648836
1.76494425
0.83479750
0.61954197
0.86390995
2.98758317
1.14485710
0.58079575
1.23562248
1.05269159
1.20358927
1.77090165
7.61227341
2.00790203
2.76692897
5.91629227
1.43018748
1.45738600
3.84044585
1.22054678
1.77501755
1.00644839
0.70901946
3.70102564
1.35962594
0.65873518
0.55569902
6.40153266
2.24459645
0.59382939
1.87953352
0.63888346
1.37463157
0.66959923
1.66375339
2.90196126
0.51021126
0.82902036
1.35494672
2.61602802
0.83420394
1.60448957
1.18121933
1.65211973
1.41097337
1.90188075
2.13421008
1.14013736
2.76982812
0.81926400
0.74367472
1.52288761
1.38258222
2.47471715
2.04476177
1.77621791
1.71118176
1.55004904
1.71183229
2.06004487
1.21245165
0.90678541
0.67083796
4.53083026
1.45093804
2.22180994
1.21448408
7.84075988
1.22628730
0.65061754
1.42243729
1.81296903
2.02901578
3.12890288
1.28134912
1.42358665
0.45639718
0.64318558
1.34371316
1.41940862
1.12716675
1.12778792
2.08978367
1.57423113
3.81890715
4.37737515
1.24041563
1.02083060
0.87002273
2.20809507
1.52422413
0.66455942
1.16585147
1.33438998
1.64434201
2.15419325
0.99012854
1.22587433
2.68856605
1.72284456
2.85898783
1.94975988
2.70802780
1.76449710
0.88687240
0.70332795
0.65459079
2.69173862
1.11958878
2.96401285
1.80532808
1.25892710
0.59235745
1.36637160
6.14817192
3.39073838
1.51975729
1.51971094
1.79979367
1.04225857
0.89540166
1.55651292
1.00971645
9.94726494
1.02342859
3.49545849
0.59050059
1.70604341
3.19432667
1.45818145
3.11723365
1.73018692
1.95241468
1.42428136
4.30458015
2.00254858
0.82698182
2.00826848
0.47756075
4.78655788
6.08725037
1.10177255
1.28876100
1.65891585
1.29818231
0.64063733
2.33630524
1.54523041
3.40155594
2.76704870
1.37998584
2.59932443
2.25841895
1.11814120
11.86498114
1.49794110
1.32379287
1.39704683
1.44979270
1.94783296
1.47573550
1.20926215
2.50045466
1.37832631
0.94042351
4.11419637
1.41272336
1.70166089
1.64342267
0.92322155
3.47152977
7.90214533
1.20050151
3.42039637
1.83643278
1.65361447
1.33614504
0.83414352
1.27402875
1.30579627
1.32210050
0.85422010
1.54115573
0.63129655
3.38868716
1.70195675
2.04102361
2.00543208
0.50623696
1.41480635
2.47701909
2.20859844
3.22627385
0.98482801
1.14357819
1.82486596
2.28348864
2.68815071
2.36355397
1.06077212
1.10962805
2.11016517
3.21532927
1.35211579
2.76409954
1.24135960
1.91635114
30.92286504
1.25104262
1.48256136
3.13215018
3.18924575
1.27918598
1.42647554
1.62194749
1.13107912
1.50894427
0.62089218
0.39315326
13.54324301
0.88750116
1.56776067
2.61362229
0.60914274
3.39682980
3.03736607
1.21822304
4.77750644
1.16181637
1.74332971
1.17677843
1.31326702
1.46543401
3.28654496
2.08682514
2.13405071
2.11754404
1.37338111
3.95874795
1.48033580
1.27023263
1.18748828
0.85952911
0.70381451
1.82559583
1.13705377
1.18786738
8.08311510
1.92654760
0.37108693
3.08193111
1.17745155
0.41266582
1.36785966
1.24887708
2.57784568
1.62292953
0.76993210
2.59054376
3.60069326
1.15944033
3.32016450
2.45150935
0.75100091
1.97499287
1.10653031
0.51730900
1.66327703
1.42207014
0.86204298
1.19704375
11.61975956
4.01115808
3.09298490
0.60939120
1.40365584
1.04423602
1.59666197
2.46834273
0.76929190
1.21684325
1.62594350
1.06595800
0.72674317
1.13339086
2.25995634
1.64365905
0.83628965
3.09267792
1.47851767
1.11345925
0.54929872
1.21475230
2.08010628
0.42351502
4.46516815
1.24089893
1.80520713
5.14333717
1.26217306
7.90609632
1.68479349
2.44333226
2.62924066
1.71317356
1.31428856
1.27223805
0.50517170
0.94454194
1.54031360
3.32746902
4.15121254
3.56547358
1.04686783
2.09245420
2.04273209
8.90305593
0.75762003
3.09835379
0.73153210
0.65750794
3.77248457
1.08369862
2.15628608
1.59441129
1.03020951
2.28248614
1.45958227
1.22680641
1.22001853
4.66424331
0.67269648
0.44994801
3.98316079
0.83868574
3.76355658
1.16250584
1.83078511
3.20478764
1.34389492
1.18637695
1.56007120
1.94448526
7.78363179
1.07753849
0.64747595
1.31648640
1.17468837
1.17183336
0.89059546
1.13501196
2.02707562
5.39553271
1.16999729
1.18904242
1.35599448
1.67414549
2.49078238
2.34449899
1.22981710
1.35779166
0.85066093
1.10672587
1.04519747
1.31660040
3.02387945
0.52778428
2.60760724
2.25665062
1.41854007
1.31340733
4.66259077
1.27416637
2.16315621
0.56762793
5.06016799
1.66311352
1.54986053
1.31085168
1.31405400
1.94839846
1.48166064
2.79382691
0.99107512
1.61297332
1.39723151
1.78554382
1.23901024
2.10781561
1.83860462
1.05699492
3.27915153
1.21882394
1.81392676
1.33528915
1.62544714
4.35289229
2.29389682
0.43139032
1.37263553
1.32491704
1.17052952
1.40308130
0.84687353
62.72191818
5.47348946
8.16921576
1.56100564
1.26141530
3.09784474
1.60510557
2.41088026
2.33533350
1.50314408
1.44161193
2.53383908
1.12405907
1.61929438
1.52750680
2.29023095
1.13840938
0.91062735
0.98298842
1.67922790
0.62969952
0.52167958
3.16014523
2.50335051
1.50116865
1.28749905
0.68227554
0.77195336
1.79085864
0.95933790
1.52490272
1.17346443
1.79937108
2.39244445
1.27736980
1.29949456
0.47119011
1.34329617
3.22331278
2.09935997
5.36205390
2.65811782
1.88184989
2.04449037
1.34460452
1.06869691
5.80907446
2.52483382
1.95856706
3.11411958
1.21666767
3.61981762
2.42678828
0.96343631
2.92153798
1.28279001
1.59876825
1.34353613
1.89163570
1.43185765
1.46348787
1.00731273
1.60684586
0.85162989
0.43355814
1.75769315
1.10626388
0.72155819
0.86573119
2.75889595
1.70883478
1.49729272
1.13683093
1.38179998
1.25912629
0.65667750
1.34460593
1.35053770
4.57131260
1.90178871
0.68029976
1.06943737
1.72326776
1.15648648
0.92855965
0.99150599
1.66016316
1.49978704
3.37937940
1.38484464
0.80634428
1.32650389
4.16787190
49.93405812
4.02240090
1.15774005
5.09225020
3.87387851
3.08188939
1.63902746
12.42269755
1.37180100
2.65123243
1.72876637
1.35426130
1.08589114
0.45546122
1.71376240
0.94239986
1.46458904
1.55082477
2.20802782
1.48726744
1.69890246
0.48020087
1.56917350
2.60012571
0.88766639
0.76553316
5.44150781
1.19676644
1.04888998
1.15774521
1.98270562
1.74477524
1.56609176
1.67346647
2.01264981
1.67710594
1.45205462
0.73030362
1.25431189
0.71501488
1.76578140
1.18131688
4.30230527
1.61567372
1.32883957
7.17208006
1.12384277
1.09418581
1.52807512
1.33267447
2.77365632
1.68994280
0.91223695
1.75293711
1.02426804
1.73517598
1.17787166
1.20631113
8.23518735
1.32344715
1.15750120
4.76941099
2.05646832
2.75165706
1.65959181
3.11522317
2.73049284
3.57866767
2.13041101
2.28227453
1.97215012
0.73132258
1.38807820
1.14694023
1.12342188
2.45604260
1.11061806
1.33044788
1.11927113
9.22674807
2.37943843
0.94096919
1.34911439
1.56277843
2.10075220
0.63875016
1.82956343
7.02144951
2.16021468
1.21193055
2.51548516
1.57982064
1.23688307
1.47045301
1.15302265
0.71286757
1.94661789
1.10743340
2.44577669
1.49272646
0.52562100
1.78002644
1.04661672
0.74064105
0.97349910
4.90124555
3.39924293
1.18099040
3.02291658
1.10868937
0.93262339
1.28341112
1.81801264
1.07501665
2.42941008
1.91935311
10.64025973
1.09464645
1.28745353
1.24654074
1.34411728
2.02406379
1.37294918
4.00680950
1.23094222
1.29663525
1.44975405
1.33662672
0.46432631
6.45541727
0.72090322
0.89657212
1.29579896
3.96355948
13.70404324
1.50182870
1.54405217
1.05521229
10.72444333
1.77505615
1.96704003
3.66764372
1.04251744
2.06806890
1.79256972
0.78981505
0.49368087
1.16749907
3.15715628
1.48315744
4.17185536
1.64897388
1.29936047
1.22784379
1.75524228
6.21564614
0.49055503
1.10150046
1.14768692
2.45880901
4.47654948
1.31099070
2.12299476
2.71946491
2.44994629
1.80008708
1.30002938
1.20546508
1.79575824
8.25417322
1.41795791
2.92482906
1.70037032
0.64639075
1.82054848
0.65143737
2.24743389
0.80821800
10.80532503
0.59179839
1.62039472
1.21164881
3.33861637
0.89616269
1.53098570
0.88809324
3.81321269
1.41646465
0.93870151
3.87899802
6.01823000
1.46486591
2.20984207
2.38124242
2.15911100
1.11047362
1.43101529
2.63157962
1.36090788
2.29003601
20.37226862
1.20558149
1.49347304
2.01990377
0.70873073
1.77042700
0.77047893
2.34754712
1.40095171
2.15887291
0.44018880
6.69064119
1.67923002
1.65418880
1.77781749
1.05819907
5.76837990
1.94152334
0.82106809
1.18411438
4.63024086
2.47623034
1.04440538
0.61474475
1.26492906
0.96047158
5.52089977
1.48804297
1.17495135
1.13525346
4.29982649
1.81121414
1.81007044
1.73404927
1.17777279
2.12425108
1.25911632
1.18895763
1.33797302
1.77415976
4.28876044
0.92057412
1.14410934
1.89480703
3.78738564
2.17330866
1.75713819
0.99801570
2.09549051
1.48491237
0.68973028
1.10519847
0.93577610
1.16979494
1.28158596
1.35253552
1.81059239
1.10372182
1.16059020
2.10108898
1.21597782
1.84445137
2.83585433
0.94233611
2.57939670
1.31450745
10.17890605
3.03533438
0.64875861
2.53896748
3.82103414
1.36807670
2.69788338
1.40374336
1.30303067
1.48242083
1.63386671
2.82197223
0.98744845
2.03375378
1.37933359
1.52598820
1.30500029
0.88007745
1.06249658
1.39517699
1.66566752
1.47498155
1.10722199
1.61163743
0.80523513
1.97951669
0.67375796
1.24926195
1.76287269
3.58199952
1.26000166
4.24829213
1.20941633
1.46236625
1.75160514
1.67486099
1.42395970
8.74834907
1.50513245
29.60921381
0.86587789
0.93889582
1.08743852
1.51661082
0.99188308
2.71079250
1.47399328
2.10254920
