0.02881612
0.31368197
0.16703798
0.35020098
0.39986918
0.53765045
0.22088988
0.85708749
0.05367311
0.55547002
0.16011584
0.21466408
0.32650751
0.67883630
0.84999546
0.06963785
0.19173671
0.85305328
0.93862073
0.53176963
0.68380259
0.81599265
0.04511151
0.73621549
0.29607180
0.76868868
0.13146803
0.30745552
0.30200830
0.15484090
0.22757229
0.27850966
0.49203908
0.16436513
0.58484709
0.68978572
0.68628971
0.41775974
0.06872957
0.51407737
0.92035568
0.58183611
0.16337245
0.78685775
0.40451196
0.35812308
0.73374815
0.71062225
0.73443809
0.35883621
0.28505960
0.93396808
0.65258667
0.61361340
0.45337628
0.57296808
0.41449018
0.56875783
0.03607769
0.60931984
0.86760532
0.36405112
0.88912494
0.90691445
0.68088491
0.97123966
0.91990638
0.69104500
0.07873045
0.89797409
0.69899880
0.14652069
0.03860984
0.25175466
0.85216375
0.82532880
0.14252573
0.28996661
0.55674640
0.05243429
0.77953073
0.39479805
0.84105165
0.73183367
0.08148494
0.13990040
0.06687217
0.70615893
0.55780200
0.02818714
0.56332846
0.22408434
0.26968100
0.57658958
0.94246691
0.82649732
0.61446106
0.81391170
0.17251230
0.48667404
0.60376813
0.56719290
0.57407002
0.38867112
0.54732241
0.27871840
0.09179028
0.37771005
0.73941688
0.08941166
0.27296400
0.63085005
0.52314707
0.89857877
0.72707514
0.76292562
0.89395258
0.25249548
0.60880665
0.91836486
0.88684783
0.63177032
0.39761880
0.54699764
0.90424548
0.89718084
0.19673547
0.15243683
0.16057516
0.92717759
0.81193235
0.03752946
0.14484120
0.79787914
0.35056186
0.85281361
0.82105791
0.87754977
0.78412124
0.29611155
0.49072623
0.58869475
0.43707241
0.79162232
0.57269835
0.20494786
0.76885089
0.42433296
0.66978115
0.89689033
0.38528867
0.94035389
0.59732745
0.62001017
0.29908033
0.58136472
0.73863230
0.68528482
0.84097467
0.45356987
0.38857271
0.41570584
0.61691143
0.43311242
0.95434026
0.43074985
0.35199937
0.78119804
0.65184657
0.28556338
0.26891403
0.78272804
0.56782653
0.71814831
0.56472597
0.46776755
0.35212880
0.09638580
0.96356786
0.19430651
0.67610199
0.56495352
0.18312417
0.23725577
0.58840179
0.32061024
0.27350325
0.13714083
0.21367567
0.22507248
0.26260730
0.83133117
0.24754349
0.12270680
0.51503079
0.61633062
0.54203171
0.64720834
0.23845263
0.51820976
0.76845905
0.85907816
0.83191275
0.53701354
0.80382696
0.82961860
0.12650135
0.60400612
0.78267045
0.06089366
0.27411042
0.27163900
0.62436846
0.44944882
0.76540976
0.96039352
0.88690639
0.54006791
0.95770302
0.54277960
0.52453812
0.16147222
0.17354804
0.73612369
0.04858726
0.68021239
0.67858909
0.20878052
0.96511434
0.21880147
0.26042341
0.45951147
0.08304682
0.50801424
0.30978100
0.05662445
0.58769304
0.73393064
0.51043124
0.53834126
0.06490659
0.69479903
0.46743986
0.78691177
0.68637370
0.75210708
0.43331688
0.80332188
0.61841939
0.03174729
0.07879189
0.45973727
0.74815639
0.39761684
0.74044185
0.47903043
0.47513958
0.78991942
0.06801554
0.75556169
0.15067293
0.53661098
0.02895983
0.92764200
0.88749170
0.16927104
0.18062856
0.88454390
0.96428010
0.70005903
0.40752523
0.26663602
0.19534342
0.16874292
0.27894552
0.79925897
0.28317209
0.53126904
0.32761182
0.43805340
0.51146690
0.90940335
0.86863702
0.05434532
0.52078903
0.55473938
0.67794888
0.45589675
0.03520632
0.57271083
0.32138126
0.43143523
0.26443817
0.37997703
0.82073835
0.89141627
0.24654307
0.32034434
0.18522203
0.60365112
0.20475874
0.68929195
0.25654134
0.07908460
0.24235366
0.65590912
0.19004069
0.56738517
0.97335655
0.94630506
0.87652002
0.58964556
0.07636600
0.45295410
0.37858581
0.93946236
0.74862145
0.80138339
0.47814855
0.03980312
0.36105732
0.47044530
0.45987190
0.15864829
0.33064075
0.95562960
0.23684162
0.74282243
0.46556911
0.14258707
0.66578996
0.75762672
0.14747216
0.79538732
0.03556158
0.66434600
0.89168540
0.63632033
0.03279745
0.80907557
0.63952778
0.66248792
0.55749453
0.66311786
0.35983000
0.73140295
0.30314417
0.75617724
0.36260026
0.23141406
0.75074106
0.73027444
0.23757765
0.23071616
0.38085568
0.04115855
0.12286359
0.10632216
0.24819955
0.22560334
0.55024668
0.31771563
0.81224693
0.22357529
0.43603497
0.41095780
0.20675975
0.63556731
0.73958733
0.73615862
0.63112824
0.59214478
0.91948285
0.42987844
0.76581673
0.21173295
0.40173804
0.31273745
0.37883597
0.52864494
0.49450967
0.08936119
0.50767549
0.26896078
0.77639500
0.12184819
0.96686361
0.17038563
0.54810220
0.23317497
0.03907417
0.90305193
0.83245045
0.69498308
0.76429991
0.38211482
0.60642091
0.40775191
0.68547368
0.87254699
0.25501241
0.14360210
0.86924620
0.54161320
0.29438629
0.60984348
0.33035873
0.45886835
0.43098394
0.35541084
0.66395855
0.45957803
0.64674567
0.15418950
0.59840112
0.74887342
0.50438519
0.09533703
0.56860493
0.91455921
0.83157221
0.26332212
0.69128382
0.33479455
0.91438470
0.04390444
0.44371998
0.27153312
0.78312455
0.90859988
0.87815511
0.49192554
0.67164866
0.40456065
0.50537220
0.76087726
0.41219497
0.63874468
0.18471605
0.41201703
0.25098451
0.61187984
0.26801358
0.77398228
0.33752209
0.68894357
0.27852601
0.54138920
0.48866944
0.83335123
0.57971292
0.87191164
0.44967509
0.60145832
0.67009325
0.24661864
0.92012831
0.34959850
0.76803501
0.15811192
0.70852809
0.69172893
0.68162922
0.24251038
0.42885260
0.07515443
0.62643855
0.69911495
0.18767349
0.16828063
0.51341347
0.46526798
0.43357737
0.49746637
0.27094087
0.83141766
0.78890458
0.16376297
0.50911716
0.30742655
0.62485732
0.14897627
0.47248664
0.63477559
0.17647395
0.62924024
0.43159891
0.59435688
0.83264981
0.89964878
0.09041813
0.96235954
0.42512602
0.11956783
0.61987074
0.07643858
0.69637845
0.66254555
0.05085951
0.63738957
0.35774144
0.38749039
0.47108015
0.95899190
0.54959159
0.86570987
0.36368302
0.07420408
0.92046742
0.55261695
0.08993814
0.51551191
0.06462196
0.62444100
0.95698678
0.85624262
0.15632909
0.71794694
0.47791941
0.52579849
0.41508242
0.28412375
0.04563839
0.29991075
0.50336236
0.66092748
0.49993711
0.75770023
0.40202636
0.78868893
0.20026561
0.23383513
0.04563948
0.40472417
0.40790406
0.33067375
0.55479029
0.68536712
0.88838872
0.07259891
0.35592363
0.91766631
0.49003238
0.45017752
0.85200606
0.26993951
0.54578877
0.23057586
0.66502997
0.85989369
0.24418853
0.38917517
0.09713430
0.85549763
0.92867288
0.65690688
0.33822576
0.75514359
0.73506892
0.74527116
0.47149658
0.32740586
0.05160182
0.68778741
0.75309930
0.53403323
0.06510111
0.43588290
0.82956967
0.45645464
0.64601022
0.80192879
0.92229970
0.07755549
0.42420772
0.85198744
0.14229893
0.76067479
0.82614454
0.25124962
0.93191786
0.92372655
0.35578174
0.86984552
0.43919891
0.67155906
0.09480974
0.84497021
0.71925833
0.26735636
0.59481678
0.15351110
0.82112882
0.61097893
0.22309725
0.80454303
0.85639414
0.52587214
0.61843402
0.83687377
0.15022972
0.17910839
0.82726881
0.35646358
0.58894255
0.59206792
0.73728696
0.92487802
0.53287384
0.03643024
0.33840401
0.89293105
0.59793866
0.80182718
0.85507192
0.21539142
0.77367611
0.03684734
0.97955242
0.57907309
0.30082433
0.45777808
0.58188670
0.28020191
0.25455439
0.58120365
0.68810095
0.73528788
0.78464968
0.73395813
0.44812783
0.66467914
0.45105366
0.13136439
0.37877693
0.20683408
0.67703048
0.49166615
0.11393888
0.21190083
0.04642983
0.71926816
0.82369101
0.43256791
0.84366127
0.21694046
0.52794593
0.87306420
0.88212126
0.34092780
0.67114964
0.85337956
0.21142485
0.82647952
0.17044178
0.62796755
0.82876757
0.92772801
0.58429216
0.21675443
0.97103577
0.38532683
0.97175951
0.09460683
0.37641283
0.14115158
0.96488774
0.90715977
0.16783322
0.89354215
0.04234789
0.80762686
0.36326627
0.94782505
0.14376299
0.57789450
0.32185213
0.03375584
0.21297269
0.88357509
0.86109403
0.80868886
0.49606175
0.37118653
0.39466187
0.49336421
0.27111003
0.31090534
0.70326535
0.21122756
0.72865865
0.58478189
0.25919126
0.33674546
0.09050570
0.86028797
0.26856879
0.58593608
0.43304242
0.25451714
0.09620269
0.31076027
0.66232292
0.03714875
0.66793971
0.35818448
0.76036850
0.54316292
0.58434349
0.76935468
0.12515708
0.59929786
0.93677008
0.39796976
0.45267702
0.34124216
0.22959004
0.25501040
0.64925096
0.11862615
0.12323236
0.39401520
0.53623004
0.53496705
0.39596948
0.68665483
0.51719031
0.03484530
0.29049953
0.07984362
0.54611720
0.78297759
0.10375035
0.29203644
0.89063014
0.81308778
0.87239712
0.94449587
0.81771075
0.67215427
0.48843197
0.26334672
0.89514263
0.71692723
0.29095747
0.04976373
0.86769705
0.70045757
0.45773036
0.60026272
0.34608559
0.11828552
0.20735869
0.78637798
0.91262473
0.19316655
0.92750685
0.07001187
0.08836087
0.07192649
0.30139164
0.36127547
0.29362336
0.50279671
0.63341233
0.11881109
0.23766441
0.95093821
0.86438370
0.89419498
0.17918894
0.22960685
0.35527411
0.18222327
0.17980111
0.21029952
0.68276105
0.95278402
0.04160397
0.26884261
0.02583337
0.49050879
0.06001412
0.49634296
0.62568237
0.36167820
0.92169035
0.79410227
0.92260512
0.90598070
0.29833367
0.29003219
0.44492431
0.20066183
0.92556148
0.79271252
0.26779424
0.39639764
0.96260663
0.19539033
0.80354851
0.15049653
0.92108106
0.87597737
0.82575982
0.43916838
0.47025647
0.04039187
0.27788829
0.04101850
0.20672061
0.10255906
0.85684903
0.14148387
0.03787486
0.55408754
0.34927342
0.05883415
0.78070499
0.50583016
0.68255969
0.67392824
0.50541552
0.80440579
0.29557990
0.11246075
0.61086006
0.24362939
0.65626406
0.13123356
0.10910787
0.10893723
0.37783792
0.66310038
0.30041448
0.32529556
0.59968902
0.27068211
0.74874468
0.91211306
0.42346375
0.19263292
0.63928856
0.32991695
0.60352346
0.64533041
0.64954042
0.57285508
0.40560679
0.86741537
0.32424950
0.54509297
0.87830616
0.48087198
0.92166893
0.21700173
0.83692867
0.69586504
0.52614307
0.64041686
0.58803318
0.25878514
0.83096967
0.96605469
0.33981405
0.61827442
0.27193774
0.30587268
0.88958390
0.91866405
0.91659350
0.73744388
0.73804709
0.74461336
0.87934515
0.58230183
0.11596387
0.18159983
0.13655836
0.07565291
0.91693394
0.32460579
0.61097300
0.95224518
0.06460651
0.49286091
0.27310276
0.33681646
0.78968665
0.50231529
0.09706339
0.72494781
0.51446514
0.40598123
0.90201813
0.90024481
0.39866841
0.19479335
0.78737021
0.26678704
0.87574385
0.53299478
0.83836887
0.43844031
0.30951200
0.07441658
0.71787729
0.63077896
0.70720413
0.40178037
0.62144796
0.31087182
0.07050661
0.07755556
0.17229883
0.13783104
0.63730340
0.52570282
0.70711472
0.13104090
0.91502425
0.38657881
0.42190152
0.48329502
0.47943459
0.55078762
0.84971374
0.73133519
0.36188501
0.88912174
0.84432569
0.82769576
0.78886315
0.88155750
0.75783999
0.42451660
0.34536007
0.92212652
0.78691499
0.38777722
0.25314741
0.30953443
0.46402736
0.37313196
0.57975221
0.93548610
0.03041629
0.71127548
0.62077720
0.25538054
0.89382662
0.75597901
0.12617595
0.55233187
0.26539914
0.64195230
0.70497616
0.79631395
0.79084573
0.61319547
0.85840150
0.69408005
0.19867784
0.17412045
0.82234159
0.79872443
0.16374955
0.90315876
0.06516526
0.21277516
0.95595499
0.17394220
0.24502503
0.46806675
0.49147764
0.19849105
0.77242240
0.59728473
0.46865285
0.86765329
0.59425780
0.67367396
0.92031525
0.21748695
0.04864058
0.23519869
0.14423278
0.96859325
0.39621658
0.88095930
0.82995226
0.59116416
0.46378888
0.44329797
0.20885393
0.13323336
0.68997011
0.47234152
0.67013359
0.23642786
0.43317996
0.82788228
0.36276200
0.61122093
0.94779986
0.66238318
0.67499525
0.85425519
0.80669557
0.63754748
0.22304857
0.54004569
0.47838439
0.46882488
0.59668108
0.33193006
0.66853677
0.14037187
0.65094947
0.18422702
0.24384813
0.94659133
0.50879225
0.25593554
0.26886503
0.10884929
0.55778329
0.72137507
0.77728013
0.81445441
0.05136897
0.92732472
0.59538460
0.86022684
0.14104230
0.72512179
0.94926882
0.42194076
0.51216302
0.31022337
0.12721071
0.73103733
0.92947103
0.09061488
0.25773779
0.49566176
0.81244785
0.25687175
0.20664058
0.72774876
0.84157651
0.11573098
0.23140037
0.24650328
0.41835828
0.15919850
0.20712035
0.47083086
0.34835995
0.82545992
0.52474492
0.50058450
0.47276316
0.96568263
0.14520439
0.70806633
0.83893766
0.67180364
0.64289695
0.74297855
0.28917081
0.84719353
0.69337897
0.58484226
0.03584791
0.40411523
0.55729420
0.50008843
0.33013598
0.64531325
0.38176331
0.69011985
0.11472725
0.66115859
0.21912700
0.52645273
0.48733291
0.19343874
0.63428664
0.39940542
0.95997931
0.51429853
0.04907875
0.46405305
0.28364651
0.55247047
0.30282928
0.57381032
0.65368484
0.25406740
0.96965319
0.44384886
0.73962982
0.89592168
0.08667416
0.39596771
0.46879664
0.71579566
0.54245298
0.59946406
0.29003619
0.01874593
0.66441786
0.54035404
0.60819209
0.31505963
0.79376637
0.21650656
0.33614193
0.07410949
0.17648572
0.21179664
0.86004925
0.88118193
0.31739092
0.37634539
0.30497865
0.41879254
0.13585133
0.94595693
0.50383624
0.46057325
0.73735657
0.61934197
0.70228362
0.31450955
0.03554884
0.90362023
0.61764419
0.15532858
0.73880817
0.83733689
0.92099093
0.40281880
0.11222626
0.80722733
0.80947541
0.05458064
0.85971196
0.86784099
0.56224670
0.65554498
0.28557284
0.61823765
0.61561106
0.73469471
0.30418503
0.40266329
0.74865778
0.30171930
0.92662660
0.90640094
0.28209003
0.89968413
0.56733490
0.81385960
0.68637848
0.29077110
0.89429934
0.21389060
0.44942137
0.55556401
0.57097593
0.47805413
0.03655069
0.62288808
0.42894527
0.12864345
0.27820679
0.60365371
0.38698872
0.06013707
0.91217110
0.28818213
0.60976665
0.50544873
0.77086072
0.11860174
0.10390591
0.83680134
0.51798646
0.34711854
0.58092568
0.18375292
0.17092405
0.27983989
0.67821643
0.29223223
0.34024197
0.36526801
0.14009127
0.22691319
0.72967373
0.86989209
0.15387790
0.94332320
0.23032251
0.79873763
0.45700230
0.18471199
0.51972297
0.72732280
0.91197822
0.84045345
0.27574169
0.54440648
0.39501511
0.12208378
0.84521008
0.84273095
0.69656857
0.40090257
0.78073766
0.77028285
0.34972275
0.36916722
0.56419379
0.19313957
0.08546666
0.54919905
0.56481470
0.35106074
0.35790664
0.34319764
0.46247240
0.14699596
0.83391264
0.34767363
0.23747391
0.85680569
0.18835858
0.69152760
0.17972582
0.70415161
0.94431335
0.15310868
0.17005513
0.10141040
0.52970230
0.76319887
0.20893091
0.57021862
0.23321524
0.84444048
0.37926960
0.40463157
0.28299440
0.71525995
0.36113388
0.48037507
0.33134625
0.03572840
0.07568630
0.48256542
0.20998973
0.82687185
0.29814940
0.51142906
0.02562882
0.29224158
0.10184094
0.52094537
0.72582112
0.72787043
0.18837453
0.95968797
0.55887311
0.84384973
0.90227941
0.65527985
0.31372250
0.39191995
0.21041290
0.47098793
0.80692653
0.04258804
0.28187675
0.21093542
0.85801420
0.19882992
0.55900857
0.62130854
0.14124349
0.40075135
0.65565339
0.83415214
0.94512950
0.67613680
0.31698415
0.90682985
0.48055120
0.63244403
0.40268906
0.45117221
0.79761265
0.59711225
0.85511327
0.26657426
0.32350822
0.54335568
0.67411134
0.97061305
0.33213973
0.05644420
0.08068535
0.86595418
0.41047166
0.43504447
0.85123334
0.53177004
0.70050265
0.96677238
0.77781180
0.66326910
0.19729654
0.90797758
0.77193896
0.54323054
0.23732233
0.31534153
0.39150580
0.30440097
0.33762050
0.73172055
0.91830864
0.24937857
0.20942445
0.85892037
0.27523304
0.06079659
0.71959100
0.90902083
0.15244589
0.51234901
0.03841183
0.86614541
0.06105148
0.95418781
0.17712518
0.71899262
0.20514334
0.25421855
0.05022276
0.31017707
0.18746076
0.20513362
0.93384159
0.03835001
0.56852895
0.39200916
0.11691242
0.57651957
0.96636905
0.85438099
0.16606398
0.90163114
0.24148997
0.49903156
0.36879139
0.61063880
0.50166755
0.89987630
0.48047427
0.11212469
0.06245847
0.77382115
0.28406046
0.32891888
0.32524434
0.06965205
0.10998803
0.13310482
0.52742137
0.32370103
0.06371109
0.41935639
0.83477174
0.78054948
0.67572584
0.23189520
0.29601770
0.76229468
0.53116714
0.93222769
0.74171043
0.56704034
0.74039277
0.91438707
0.13030633
0.09602462
0.32904549
0.82345244
0.63145151
0.56209062
0.95683591
0.75932261
0.56882498
0.97278352
0.95898035
0.43948052
0.53822943
0.45670956
0.93472848
0.44336954
0.18948029
0.52724442
0.28431160
0.92785351
0.66067281
0.70598435
0.12039045
0.69485013
0.49206612
0.22220659
0.71542750
0.82003930
0.42949045
0.37250436
0.27319123
0.89063794
0.43345232
0.33254485
0.82494710
0.08087860
0.51335880
0.49827034
0.38074655
0.29123072
0.82264914
0.42196701
0.68562121
0.26989304
0.79992745
0.46679601
0.74909032
0.49514077
0.13085540
0.95286161
0.79780026
0.39139274
0.90587341
0.81647338
0.24467994
0.93325448
0.56138468
0.94429810
0.24750795
0.11980499
0.69628662
0.44165108
0.77624410
0.13543078
0.86585860
0.28614539
0.21145683
0.93217839
0.64187873
0.03773286
0.09409085
0.57833859
0.59946487
0.42516232
0.39225387
0.24563981
0.74261264
0.66650120
0.76048845
0.24720463
0.06415384
0.54441771
0.65247643
0.78384000
0.20782153
0.24024985
0.17170538
0.61082965
0.31509472
0.11435080
0.94199921
0.71895462
0.11586592
0.37207273
0.11297286
0.33765871
0.85863545
0.28217950
0.36270413
0.20342700
0.18918230
0.91804550
0.51530248
0.17697372
0.29255686
0.32176008
0.48239304
0.57230502
0.88466025
0.76676029
0.61827635
0.27603998
0.34501252
0.96417420
0.85858201
0.55853140
0.04714481
0.05994161
0.46468686
0.93189723
0.40546836
0.57855847
0.71878704
0.67623242
0.75307753
0.59413681
0.75720495
0.96341306
0.03136297
0.46576142
0.41031692
0.31904335
0.64111106
0.66402323
0.68121484
0.13876865
0.52546619
0.95912978
0.79937575
0.94662300
0.29693442
0.74002695
0.11575643
0.36657192
0.82316347
0.75272063
0.94254946
0.91596367
0.81842558
0.54231704
0.22519921
0.67927625
0.52997207
0.24448857
0.66766692
0.86546056
0.11236127
0.14814341
0.17108840
0.79286553
0.88447824
0.44710199
0.07542114
0.10427191
0.26037825
0.28443453
0.69165813
0.64992152
0.76304541
0.09497158
0.86938305
0.79492689
0.29266925
0.58619559
0.47302729
0.70614852
0.28143773
0.44055385
0.42523606
0.89705584
0.22618611
0.37685938
0.39410061
0.14405850
0.67812841
0.22254438
0.80139769
0.32557473
0.66088417
0.30457719
0.63019278
0.67433632
0.74380940
0.69841364
0.55387152
0.16588126
0.42011572
0.69999454
0.49802901
0.91745457
0.07318197
0.28378187
0.86238734
0.30517587
0.49460786
0.82062088
0.48237997
0.80365439
0.57724684
0.41084400
0.86158660
0.13049890
0.46812232
0.54215840
0.09333162
0.53288583
0.93170039
0.21257240
0.66452612
0.26916407
0.33988354
0.46595074
0.12254274
0.40022693
0.10143133
0.73794889
0.14339467
0.05365375
0.22280678
0.95607434
0.08753118
0.89462565
0.70561732
0.27389615
0.66504942
0.06276169
0.33891237
0.29445512
0.58507857
0.77246434
0.70169824
0.17731634
0.81151911
0.74548269
0.09803479
0.74831719
0.41428196
0.19696157
0.40400571
0.36914118
0.29147997
0.87544265
0.82930213
0.13321333
0.70688775
0.88511950
0.85589166
0.82670823
0.97750541
0.80482244
0.06018678
0.52662131
0.26284022
0.77469239
0.67653112
0.63290837
0.09445379
0.71945205
0.18945128
0.31170741
0.21934046
0.12670276
0.38929406
0.43520346
0.57409580
0.34741240
0.21992622
0.51815299
0.53632539
0.04142571
0.42328800
0.33008191
0.49311559
0.10964984
0.90549372
0.34121132
0.91081424
0.38264173
0.06963073
0.32779197
0.25031769
0.84857387
0.73565529
0.24193543
0.21488069
0.56580188
0.65785568
0.36966650
0.94549626
0.68621888
0.88383061
0.64488403
0.71322854
0.76850212
0.38783395
0.83228934
0.33491159
0.40031289
0.08800614
0.16556492
0.12994666
0.70736278
0.29334530
0.42101435
0.70910614
0.74100214
0.85796027
0.37577780
0.64045354
0.87609435
0.59595696
0.65211712
0.34546706
0.22021031
0.81282320
0.70174746
0.40515250
0.73665343
0.17082583
0.86904627
0.64575034
0.74991291
0.67306319
0.77857706
0.78858923
0.80882110
0.58615026
0.60044530
0.44532026
0.49320089
0.42343177
0.09059659
0.73700168
0.54627389
0.12322248
0.68321045
0.91728988
0.94979159
0.84674306
0.51835023
0.09137927
0.96095335
0.56591043
0.58095369
0.03593694
0.71863367
0.05569038
0.82716975
0.15178699
0.11132677
0.28561615
0.74369670
0.32912844
0.26269695
0.61319807
0.49533661
0.09655411
0.66866888
0.94056654
0.09769240
0.57520356
0.72024031
0.23804256
0.71346012
0.09277058
0.12649087
0.08191223
0.67048512
0.04749675
0.46619812
0.75199767
0.32034790
0.27683073
0.47629425
0.48925997
0.23949991
0.88129814
0.71145455
0.13917250
0.50292733
0.28162206
0.38094880
0.55454147
0.76342231
0.43657938
0.91382876
0.11037099
0.21075317
0.53777248
0.04040255
0.73033289
0.93931485
0.45281514
0.73555203
0.33991439
0.24806834
0.30488581
0.29652742
0.06673641
0.85957134
0.71305056
0.57569570
0.59860359
0.94177773
0.26970047
0.42224215
0.94623553
0.44192852
0.05860641
0.40253144
0.96966163
0.17028107
0.42279637
0.55657807
0.35952079
0.94990898
0.20562484
0.22766198
0.51027577
0.51548870
0.45591365
0.02853457
0.05229773
0.18394244
0.57362519
0.65180308
0.75734444
0.23255488
0.60220222
0.07724337
0.89167899
0.68131314
0.24997217
0.74021002
0.71481253
0.79967322
0.04072931
0.72463827
0.96018246
0.72402233
0.38597939
0.63209762
0.03525456
0.52062554
0.96438765
0.40421625
0.60861529
0.03723702
0.95689301
0.65755662
0.29533000
0.46520476
0.91140756
0.95513135
0.91017619
0.17574148
0.36970952
0.37031255
0.54133810
0.09482155
0.37778754
0.06467695
0.15744869
0.47589521
0.69482083
0.56549136
0.94363625
0.59083033
0.06083973
0.20775318
0.09998849
0.76895285
0.05680044
0.56229673
0.55984248
0.87355094
0.05214240
0.74805404
0.53367776
0.58531044
0.41036441
0.44841619
0.08153529
0.95253165
0.83706898
0.91187585
0.40291498
0.92319704
0.77956572
0.21181380
0.18266399
0.58214686
0.15094906
0.28902642
0.71074432
0.03873200
0.53861803
0.26453718
0.43095090
0.24062766
0.12305930
0.71368640
0.30691871
0.67257521
0.81573021
0.23316491
0.62337850
0.31712776
0.82499069
0.37398041
0.04760065
0.54648923
0.06602617
0.18839419
0.16570457
0.42754845
0.13245166
0.18759605
0.45944727
0.75620143
0.17595584
0.50059935
0.64776376
0.20193952
0.60960402
0.29523269
0.50264832
0.35014891
0.82225888
0.67664784
0.20481445
0.53994000
0.08873479
0.33289377
0.24284063
0.02849917
0.29556943
0.93000168
0.86258587
0.63483400
0.12143261
0.54796798
0.51699067
0.90863253
0.20078299
0.65840777
0.22301453
0.15334414
0.81042616
0.52253571
0.30120497
0.87537503
0.87544305
0.04886759
0.68316167
0.90646728
0.68072564
0.33813238
0.47706527
0.72166111
0.10479632
0.29625750
0.53325745
0.36889727
0.79430102
0.42307812
0.96793613
0.46955190
0.87465867
0.35958674
0.49690787
0.85454586
0.76198099
0.83331297
0.29674122
0.03190342
0.58585477
0.72140701
0.44694194
0.95411289
0.77927214
0.08711743
0.45605669
0.43216342
0.91808068
0.33870158
0.92679430
0.70302833
0.86212129
0.76800651
0.86921928
0.72415552
0.52141584
0.40793285
0.12294953
0.71997344
0.42913800
0.41671392
0.05316743
0.34306046
0.29197316
0.66279685
0.90444596
0.66511792
0.91401945
0.71601143
0.41103086
0.32879293
0.24507860
0.96553757
0.86593290
0.82295059
0.89386969
0.80358097
0.14815334
0.29952251
0.40524268
0.74918317
0.24328079
0.79569617
0.51256593
0.01766306
0.70115459
0.82965863
0.80562415
0.34963531
0.19211006
0.72620237
0.56340673
0.21550331
0.55349813
0.15879568
0.09650229
0.37711499
0.85532052
0.12897986
0.86189084
0.14077896
0.96632910
0.33576630
0.36906079
0.16222288
0.04147955
0.47945648
0.07819157
0.19218668
0.95083389
0.55539340
0.31941859
0.53102943
0.56690578
0.90427705
0.24813256
0.16423534
0.79150867
0.70844897
0.86993386
0.86142823
0.61829716
0.04834491
0.89934194
0.67973257
0.06013650
0.95349634
0.11570661
0.51971568
0.11447949
0.76658608
0.02648705
0.96977232
0.56408640
0.06725895
0.47298275
0.53763933
0.07953843
0.61349487
0.57671146
0.04748337
0.37609376
0.94664122
0.06643405
0.67700837
0.17760987
0.04803176
0.20507977
0.43773017
0.25910242
0.01802926
0.68615677
0.86712260
0.28981204
0.04473338
0.76876511
0.74425941
0.69019070
0.05789591
0.77283056
0.69899504
0.07675011
0.22842210
0.50252465
0.04001009
0.13523942
0.92181909
0.38457610
0.74847051
0.87431764
0.74497665
0.69493079
0.92099347
0.06625095
0.90232855
0.92331938
0.92735585
0.39091450
0.06690103
0.30780133
0.42055503
0.84239856
0.25540641
0.95531109
0.75787457
0.31415078
0.52570579
0.22420277
0.72006804
0.76705183
0.27688512
0.87340542
0.46777040
0.22655713
0.64314273
0.51435747
0.82621793
0.53812702
0.41135966
0.40403177
0.12734516
0.58098309
0.09741392
0.41504297
0.62024106
0.36518375
0.90485220
0.79917235
0.14210479
0.63468728
0.67955157
0.78209092
0.67645940
0.34714536
0.64222104
0.91145130
0.43370384
0.50583876
0.84519135
0.29450138
0.81761750
0.12433040
0.32307559
0.16131416
0.81177200
0.45266725
0.75514137
0.82292971
0.10171466
0.84177314
0.86477435
0.17329797
0.55303038
0.49381430
0.62734109
0.03466708
0.61780300
0.80547439
0.41858912
0.56633054
0.50975998
0.77119961
0.63715198
0.46187641
0.55507574
0.38936899
0.43866380
0.69784087
0.73563221
0.32324112
0.56663456
0.22000155
0.66530024
0.80284309
0.35160422
0.66145621
0.75602403
0.24784415
0.04354403
0.33607560
0.53031369
0.47879692
0.68593236
0.83402023
0.53582960
0.71916074
0.84676357
0.58906349
0.35507531
0.97041465
0.17989233
0.53264479
0.58524104
0.71689362
0.57649774
0.43330196
0.22339898
0.23935745
0.22550690
0.32052806
0.93481303
0.12737106
0.05452882
0.23005001
0.10239683
0.44577571
0.24850736
0.86320523
0.06863376
0.31300601
0.76949764
0.27427444
0.28804085
0.03094044
0.83611901
0.16446027
0.96179143
0.07555622
0.91088525
0.57498724
0.93630151
0.68335596
0.62864912
0.56444989
0.13614329
0.67318297
0.97306024
0.54640704
0.51085364
0.81452536
0.94167142
0.95707631
0.45363886
0.32027557
0.95542136
0.40816427
0.11966144
0.08068315
0.26303817
0.78174192
0.07441925
0.74991464
0.78780533
0.85075089
0.93988094
0.90257516
0.58493269
0.59133177
0.65656563
0.24332628
0.65971390
0.35644675
0.23421598
0.83786990
0.12666056
0.68143056
0.46463988
0.18646490
0.92420742
0.25215844
0.79686380
0.37038531
0.66269118
0.19414977
0.42938729
0.51500020
0.82083512
0.38313305
0.93681529
0.07590118
0.41034270
0.95306275
0.89138712
0.35616240
0.69382625
0.49977533
0.04829246
0.52973900
0.15083033
0.87183951
0.38377732
0.43342050
0.46966277
0.61955500
0.88728454
0.54133431
0.43310121
0.75652882
0.44174830
0.28113371
0.92678003
0.94571179
0.16329953
0.89895301
0.22433373
0.86115071
0.57446787
0.47662765
0.67947318
0.08939558
0.14638246
0.45500217
0.05268550
0.58066605
0.61614555
0.71267324
0.80404708
0.55305340
0.85927266
0.62468456
0.11914454
0.70952666
0.34513885
0.19137032
0.14248036
0.10125425
0.14008175
0.88845406
0.14215804
0.46467546
0.64414660
0.74575471
0.02510831
0.48149955
0.62488326
0.09473188
0.42136594
0.79136748
0.91757209
0.86494071
0.87498330
0.39817811
0.60498864
0.08386518
0.61905556
0.43412083
0.96032553
0.51679509
0.21226833
0.13294092
0.63357063
0.08715021
0.68558882
0.66975667
0.62101587
0.27840861
0.88032911
0.03780973
0.27794827
0.07099429
0.94026158
0.16380306
0.89225845
0.93516274
0.83045318
0.53809495
0.60474103
0.60509311
0.61212500
0.83350878
0.73050131
0.83036438
0.51942077
0.44396896
0.03180864
0.69109050
0.47872160
0.07630629
0.24328698
0.21328991
0.51094996
0.64686953
0.19679469
0.49739943
0.04501755
0.17869842
0.89301293
0.54117993
0.70287558
0.70145003
0.68334939
0.08346573
0.86529385
0.47794934
0.54525159
0.67479966
0.14756724
0.13460883
0.76891663
0.54156871
0.78922611
0.96605654
0.96640451
0.95078891
0.23219736
0.93603078
0.55077576
0.12960774
0.46313508
0.70485068
0.68801274
0.35455522
0.10334143
0.06715389
0.09080517
0.93098808
0.27409682
0.69903460
0.26316973
0.22226001
0.37724855
0.70558696
0.47540734
0.24622589
0.11490176
0.11903461
0.39410766
0.18326552
0.36424169
0.90662547
0.40758932
0.87534550
0.94815057
0.67470298
0.44054284
0.37981184
0.67580089
0.57068045
0.34434506
0.85520526
0.14520562
0.65429952
0.71553623
0.32343870
0.09251361
0.24168960
0.73895966
0.60362437
0.10149074
0.55817019
0.45287983
0.64637455
0.89130348
0.76865987
0.16635185
0.41632109
0.77167204
0.64055820
0.93303758
0.41210479
0.35825875
0.15360144
0.04690055
0.91982333
0.17593107
0.05403326
0.15218356
0.21643871
0.16166031
0.34784344
0.81664420
0.87178602
0.57668019
0.15089113
0.37932875
0.91228858
0.60862686
0.76210197
0.79536695
0.16978531
0.53818464
0.62980265
0.08996489
0.76506566
0.38763524
0.33480566
0.96561574
0.11826257
0.04771019
0.83974493
0.49369286
0.59826595
0.67944770
0.66355583
0.34351546
0.51892082
0.69103081
0.81246922
0.32164473
0.22422005
0.85490258
0.26862083
0.48590544
0.36778885
0.04602656
0.79328220
0.04605498
0.17603591
0.47124515
0.86133788
0.10476997
0.38989787
0.74994571
0.28390458
0.26470911
0.47635594
0.16226756
0.38188374
0.19159244
0.28545638
0.28370484
0.35697983
0.41537169
0.60431724
0.93026501
0.23064403
0.44109336
0.11117116
0.67532374
0.05770899
0.08549482
0.96106432
0.62476459
0.70524307
0.12699485
0.87247442
0.81962385
0.43471524
0.07669214
0.37315963
0.75616421
0.48366399
0.95970634
0.86069434
0.84138514
0.35054301
0.71872362
0.24481568
0.33356372
0.85859803
0.65258263
0.36082635
0.13860993
0.70274236
0.30795651
0.67065131
0.77391844
0.19850609
0.45862116
0.78590867
0.62485603
0.04206927
0.84550650
0.35734487
0.17602942
0.17276364
0.82736956
0.95903409
0.92930836
0.07464584
0.20591346
0.26177695
0.44336734
0.61346453
0.23017612
0.42617111
0.05125976
0.10471656
0.81852839
0.73089408
0.35138806
0.64348657
0.56117399
0.86562529
0.48770494
0.53371798
0.25889984
0.23917161
0.55764245
0.55571793
0.10231171
0.92713309
0.42362032
0.61115929
0.56331750
0.36436845
0.06387214
0.15780875
0.31630047
0.52821006
0.48329170
0.38093062
0.57813391
0.79437828
0.42209333
0.91438199
0.30929744
0.57891554
0.36203766
0.48515213
0.02336559
0.40468156
0.87704580
0.31053462
0.50260923
0.11824095
0.73630768
0.55383061
0.83844997
0.19858428
0.92607470
0.76827520
0.50897455
0.96255799
0.48266490
0.44134806
0.13560702
0.06850209
0.87269278
0.57682513
0.70804401
0.92720164
0.61903557
0.96582389
0.96062032
0.78310970
0.26817816
0.55289176
0.54905546
0.07875880
0.36536734
0.97501677
0.45274696
0.90733898
0.11941935
0.44262402
0.59321358
0.72152859
0.86269424
0.12912240
0.30175124
0.02794781
0.78823421
0.39001672
0.43507689
0.42040433
0.08239624
0.34384339
0.93001280
0.18008577
0.56536284
0.81548942
0.12105497
0.39822134
0.55825295
0.14066619
0.33673961
0.28196009
0.15635252
0.34441549
0.22178847
0.32386738
0.65016572
0.59466317
0.72412899
0.38300137
0.57549304
0.48024187
0.25548555
0.52181294
0.94996134
0.80973259
0.03752905
0.31325380
0.96853293
0.16171258
0.65888302
0.13871791
0.77932366
0.23267615
0.66864055
0.47140909
0.78624351
0.78684365
0.33460159
0.84812308
0.56739215
0.11247675
0.76541480
0.47707929
0.49331130
0.26278454
0.23155522
0.30640783
0.22642512
0.43349876
0.72810655
0.20347054
0.96006433
0.38398955
0.05243695
0.25476537
0.14704851
0.42787263
0.31786291
0.55346558
0.33200842
0.25776654
0.44937966
0.42771423
0.59944489
0.49137602
0.24679914
0.59221353
0.30803386
0.71157607
0.53891274
0.40510963
0.04145861
0.63618400
0.12173132
0.85578124
0.02092786
0.89363177
0.62472217
0.57366126
0.50806795
0.64069947
0.94972848
0.81464159
0.43985075
0.03717904
0.10383927
0.25681994
0.58679476
0.65176789
0.62650381
0.49694116
0.34177398
0.27891582
0.53421273
0.73234723
0.90538091
0.27103367
0.18721916
0.44913404
0.93842894
0.21112858
0.04433570
0.60683787
0.88296225
0.68289004
0.63071617
0.42024306
0.76909352
0.02184530
0.19015085
0.72594579
0.13182876
0.87836544
0.11987219
0.04603491
0.26580898
0.50224892
0.55919575
0.66661907
0.86186036
0.17652089
0.14290065
0.17312906
0.34916516
0.54380752
0.15832340
0.76440412
0.03492922
0.30337899
0.60797975
0.84191371
0.07108250
0.62506073
0.53245718
0.76856679
0.73082759
0.27719293
0.72973161
0.16819305
0.64758182
0.05900785
0.59741278
0.11945443
0.48457930
0.85980543
0.37176016
0.57923725
0.39312891
0.42591114
0.07539948
0.73035699
0.74326767
0.06951365
0.20194334
0.76725892
0.59617828
0.55711374
0.16742052
0.24801242
0.86541356
0.29973911
0.94039164
0.34923864
0.70742088
0.20400829
0.67417413
0.44054221
0.92291602
0.96161374
0.13419399
0.94077816
0.45066742
0.11632284
0.79535566
0.88355963
0.55044614
0.22233483
0.42884454
0.53168432
0.35609010
0.87612421
0.66678745
0.67592801
0.80690718
0.28447596
0.31858153
0.66544171
0.78349091
0.06487670
0.05339261
0.18224894
0.29128154
0.95731373
0.07102751
0.05692338
0.48801892
0.40907460
0.66724709
0.96486617
0.44278418
0.18932453
0.76391497
0.53954970
0.04453727
0.42461975
0.70903258
0.32252050
0.81052074
0.86750660
0.65051164
0.09873978
0.29835463
0.67015295
0.06846461
0.21425940
0.20181425
0.12249520
0.57238204
0.51208633
0.66739330
0.62868222
0.89681502
0.94791711
0.18020345
0.61034188
0.49266875
0.86918507
0.93374107
0.26714282
0.26750355
0.18479295
0.04290503
0.42068213
0.50008331
0.11219461
0.55758337
0.80235588
0.27238549
0.31555961
0.30252242
0.25606665
0.96703857
0.10431327
0.51403625
0.61169131
0.21206207
0.37183466
0.74883817
0.82229019
0.45768087
0.18021629
0.63650064
0.95642462
0.10663939
0.52827160
0.34290532
0.48568507
0.92812217
0.36687441
0.44251160
0.36610459
0.12949811
0.59060883
0.80289838
0.76351638
0.73072837
0.23436951
0.51745795
0.20810968
0.02237226
0.13257431
0.44004323
0.86870778
0.17905496
0.48106451
0.11045855
0.60376949
0.20661821
0.77546007
0.54955546
0.05624155
0.63614366
0.28907705
0.22369471
0.13929290
0.61032247
0.53956795
0.47564364
0.54144313
0.11354613
0.89079108
0.82779721
0.56274265
0.05589924
0.96388484
0.91161764
0.25420715
0.40880286
0.97206505
0.82047296
0.86275483
0.77570489
0.89504805
0.08360826
0.73820775
0.96994630
0.89707466
0.22117588
0.05303636
0.08547384
0.93332924
0.42738714
0.81099038
0.16260671
0.11763329
0.44647747
0.19957410
0.18161193
0.24729913
0.17824675
0.56463638
0.52755854
0.53671617
0.88997753
0.10968712
0.03092358
0.54338433
0.39006914
0.95924224
0.85872890
0.32092507
0.12137076
0.31898857
0.74031517
0.22380398
0.19858500
0.30556398
0.02430919
0.27878477
0.55599206
0.12975035
0.09801025
0.11617392
0.59519182
0.15370199
0.04121976
0.63681430
0.12695047
0.30955587
0.57142668
0.11600031
0.13442720
0.43327584
0.66052472
0.23191415
0.56259717
0.56436707
0.31541232
0.51668297
0.16326461
0.36613206
0.18609457
0.05987524
0.82525858
0.93527989
0.57279602
0.48699788
0.39063853
0.43843054
0.60714794
0.03540844
0.75478853
0.39336035
0.21517981
0.63335211
0.87748856
0.35346704
0.62190543
0.72591171
0.83258906
0.15519792
0.87836970
0.15856102
0.51208382
0.46897452
0.15598802
0.35867552
0.27970092
0.97285954
0.59564507
0.07545801
0.68126365
0.59926610
0.77454564
0.57929942
0.89921883
0.53144580
0.89783457
0.93203606
0.53105471
0.56560416
0.45172358
0.87060452
0.10939527
0.54268608
0.82537943
0.09956988
0.20735941
0.32520560
0.11320776
0.35113551
0.09208706
0.02996316
0.29609459
0.09608442
0.44463715
0.30130414
0.63859846
0.76459293
0.89157936
0.71633125
0.96187099
0.66367797
0.71383971
0.90240243
0.10896042
0.89587200
0.06243730
0.58778149
0.16139879
0.40009917
0.25860343
0.97472020
0.26320789
0.11592002
0.12269339
0.21168773
0.49859687
0.25238229
0.45058333
0.58252160
0.07675782
0.46477724
0.87773650
0.80970149
0.53908119
0.57676569
0.46628458
0.16152166
0.67491839
0.38273856
0.04998252
0.45095303
0.67964025
0.85664268
0.75625495
0.83419973
0.29179480
0.66254844
0.39027864
0.46255914
0.30500371
0.51261423
0.51567741
0.35096109
0.55228218
0.03540519
0.48102105
0.60750196
0.51478139
0.70210783
0.35286281
0.87374748
0.49857654
0.42643973
0.09497624
0.78930062
0.21927764
0.47042421
0.31757116
0.86375604
0.97284160
0.85681067
0.25133683
0.71025735
0.28592131
0.87800870
0.13037201
0.21377743
0.45557298
0.25622171
0.36758402
0.76491809
0.80344217
0.43723983
0.57544778
0.38263221
0.35223852
0.27229529
0.09604478
0.33252325
0.70240845
0.36400939
0.11708462
0.12707479
0.65205713
0.28969502
0.18687960
0.46805284
0.48889844
0.42595093
0.03761486
0.15782525
0.61352198
0.72521717
0.75683051
0.13332637
0.50743666
0.35829934
0.18879976
0.64371192
0.19138274
0.77616638
0.54664765
0.06906745
0.84918939
0.45456732
0.69802798
0.84009601
0.10467686
0.45551667
0.77460740
0.75135702
0.57738235
0.38208926
0.78060562
0.03790065
0.59297156
0.31660309
0.55268993
0.89429238
0.03166193
0.54079961
0.84341529
0.91759533
0.61403709
0.84875928
0.84213858
0.88102611
0.86099874
0.66508197
0.82467691
0.62458621
0.35649016
0.57390362
0.07667741
0.30842550
0.13224687
0.76042724
0.08464306
0.37095939
0.38437838
0.90871062
0.68215337
0.85675989
0.33629493
0.44816168
0.29105808
0.18371389
0.96157924
0.34753706
0.42841446
0.68810298
0.59872348
0.70814760
0.15133273
0.60321183
0.49611201
0.50785058
0.11054629
0.93520760
0.37547860
0.30516219
0.29541102
0.31286094
0.82538692
0.29482648
0.81765635
0.69481052
0.93085341
0.14168072
0.37378406
0.72627603
0.03762233
0.70764145
0.08577693
0.74619277
0.58439867
0.08424453
0.13003301
0.74805064
0.92068441
0.35564045
0.43710290
0.20130376
0.71912150
0.73628664
0.17541482
0.65102517
0.30610020
0.47870217
0.76148298
0.40587308
0.64212688
0.05606746
0.38838928
0.75424078
0.86120462
0.49924976
0.90702721
0.18394681
0.74790947
0.45903739
0.75702430
0.85528210
0.30428992
0.87324168
0.68752130
0.80890349
0.93894573
0.53494698
0.39001863
0.10627033
0.88750757
0.77312262
0.34666461
0.35250770
0.07986437
0.41917990
0.07473209
0.80289911
0.33981272
0.27159955
0.66489285
0.04937306
0.90391141
0.59781172
0.75645952
0.23990917
0.50084942
0.95420306
0.30082996
0.08834700
0.02863870
0.95553929
0.34450638
0.61523648
0.82880269
0.33822941
0.27408318
0.81544955
0.74312250
0.68472133
0.12496115
0.60012575
0.51907237
0.72124902
0.60355283
0.76359670
0.61281915
0.74198616
0.62684970
0.46094200
0.52817405
0.46988861
0.62256931
0.92420281
0.42551204
0.69358010
0.26036367
0.70022227
0.33216371
0.20883054
0.27150572
0.37187241
0.36777189
0.04536008
0.31167937
0.60993601
0.18997592
0.69431547
0.83890630
0.28329917
0.90595571
0.29372309
0.28115471
0.90914738
0.06525841
0.80158104
0.95886250
0.03688505
0.85852487
0.27997515
0.83757521
0.33090173
0.43939901
0.03466130
0.38095850
0.29156626
0.03948829
0.45558147
0.07315972
0.62789906
0.17468004
0.21178875
0.69580721
0.67430387
0.28943013
0.66519450
0.83442741
0.11991974
0.56536752
0.63112059
0.21090488
0.94687950
0.09360745
0.72959725
0.04405127
0.45752836
0.17999840
0.17138311
0.85191086
0.57030744
0.54385540
0.26651157
0.95689721
0.68371813
0.75383935
0.51812186
0.70527281
0.04193149
0.03771132
0.30172571
0.94531933
0.60139257
0.72086382
0.52078323
0.70003813
0.68736175
0.45091268
0.96244747
0.65421261
0.69956533
0.50257763
0.46021035
0.92432000
0.52434345
0.16601885
0.47387919
0.59669965
0.22432993
0.35829151
0.02410514
0.35815354
0.14072693
0.85545716
0.66189498
0.04117906
0.73684604
0.78370093
0.31350094
0.17390905
0.11933342
0.33984112
0.44102091
0.93183648
0.75135474
0.48494301
0.80559838
0.66426636
0.09731982
0.52179740
0.35910529
0.45506805
0.96911368
0.71949393
0.04132456
0.90967769
0.15427374
0.82266157
0.93436371
0.50673856
0.82717311
0.63360991
0.41207856
0.27656140
0.53257525
0.21952046
0.35756976
0.71526875
0.17847534
0.12500256
0.27245876
0.95438818
0.06898102
0.32953181
0.45713627
0.92296919
0.55016163
0.75076532
0.84696183
0.12645547
0.75499256
0.65459578
0.46295197
0.05141191
0.03638922
0.41180324
0.05391159
0.94454718
0.85644972
0.07687830
0.90751251
0.95274609
0.24452819
0.74145012
0.96507032
0.55117275
0.92635178
0.09427915
0.20108776
0.79632669
0.63478773
0.72601994
0.55024947
0.81693798
0.10879489
0.18643009
0.39785836
0.67527558
0.37542982
0.06668617
0.31118697
0.78059090
0.62157086
0.65395376
0.06987186
0.86404763
0.21986926
0.32663677
0.66070531
0.47972864
0.48660542
0.89670973
0.03224502
0.37974107
0.09861766
0.67314599
0.09823710
0.46679107
0.04907086
0.91599859
0.04618186
0.90519896
0.47955967
0.27041148
0.67038792
0.24384582
0.05019830
0.81284087
0.60103785
0.56250581
0.86263002
0.04199246
0.73821729
0.92400066
0.61517421
0.79353615
0.10894875
0.49359329
0.59578859
0.96927087
0.50858478
0.75394089
0.51837713
0.75932240
0.41430557
0.59490286
0.64932441
0.54499058
0.96285053
0.11579820
0.32453135
0.93591619
0.11398676
0.03120958
0.23301296
0.72031225
0.79827511
0.55680572
0.78452129
0.05827805
0.17241276
0.70868749
0.96079003
0.55674161
0.37248019
0.72068027
0.19936214
0.60768185
0.96544391
0.69593314
0.25233587
0.06140437
0.61244097
0.83817386
0.72399066
0.46198222
0.08009693
0.30913232
0.43288596
0.48575580
0.91693909
0.32720518
0.20619450
0.14692069
0.77492464
0.17304291
0.24864750
0.74091653
0.83884107
0.52780543
0.70760116
0.97849346
0.88556331
0.79111683
0.72106217
0.92027952
0.31003560
0.06501662
0.85000948
0.59450973
0.21873401
0.78258630
0.54219153
0.18073055
0.74961568
0.16717201
0.81515587
0.85722397
0.95946558
0.44939857
0.16363373
0.75678733
0.87519160
0.27894467
0.47318450
0.72262762
0.13983941
0.58308315
0.32082399
0.61600793
0.95260762
0.62163045
0.20468358
0.75793470
0.98668309
0.83202143
0.44858632
0.10645079
0.47618211
0.88898250
0.03325624
0.03589128
0.97485690
0.49011369
0.25951978
0.23971863
0.93704477
0.66758293
0.41416650
0.43490938
0.61319144
0.91616638
0.73027685
0.73657313
0.70968446
0.77378492
0.58718092
0.03012852
0.27656427
0.56923354
0.56891072
0.61162315
0.04547008
0.53336666
0.96002038
0.08134550
0.07880500
0.74555505
0.06591079
0.18807589
0.65043503
0.34614733
0.75650021
0.10455908
0.28650115
0.31981510
0.78122090
0.81833656
0.66744599
0.81892985
0.57809997
0.66300312
0.61692844
0.85870294
0.35698691
0.97019025
0.83447517
0.71426009
0.33221629
0.61167827
0.04038235
0.06246972
0.85396902
0.39216134
0.12130203
0.02284357
0.06265694
0.21260149
0.03381063
0.38679354
0.62353250
0.62379087
0.70050912
0.91974670
0.82297222
0.33406013
0.35204386
0.44336678
0.79725898
0.89206539
0.58736598
0.02182026
0.66881613
0.19169752
0.88123351
0.42408554
0.32881866
0.70893169
0.42190843
0.81334000
0.42092265
0.17377503
0.54724408
0.73343396
0.28345015
0.65561013
0.54924286
0.51779362
0.66284704
0.95976182
0.34152449
0.56247193
0.86455558
0.77162925
0.82802872
0.78129239
0.04961632
0.49551308
0.54867887
0.67705982
0.40626041
0.83469950
0.05130952
0.79219944
0.23407825
0.61256253
0.92008952
0.21597770
0.86171125
0.50002687
0.82582949
0.53526680
0.33373078
0.23077302
0.30991863
0.22693201
0.49277296
0.91645890
0.05510778
0.67932746
0.80293118
0.28169424
0.73228080
0.05413318
0.55385752
0.10105203
0.65352508
0.35144288
0.37963788
0.76304351
0.18799512
0.96317172
0.53211203
0.36926645
0.84935238
0.13797744
0.11427723
0.70745419
0.05954558
0.67331380
0.42742128
0.14272295
0.30825151
0.39797832
0.25802715
0.88318984
0.36900216
0.33274617
0.27882802
0.77418643
0.61207163
0.87221545
0.23187978
0.96166038
0.02819228
0.29760327
0.69121323
0.77815117
0.63951076
0.30027348
0.29589026
0.81917527
0.51864927
0.76086263
0.49545229
0.94252819
0.78370925
0.94758159
0.34943980
0.48747051
0.42838876
0.83976680
0.42352422
0.97525887
0.05672002
0.95552847
0.68283098
0.89490232
0.60698035
0.27006675
0.07346087
0.74387895
0.10195995
0.12663361
0.13031435
0.89276588
0.76732326
0.87215832
0.53668530
0.76409971
0.68090394
0.48368489
0.30187681
0.15473734
0.40071854
0.44083279
0.13751694
0.58416497
0.39435190
0.84393307
0.28588039
0.25990271
0.03351142
0.78516126
0.47093131
0.07502562
0.14500403
0.32367810
0.46478862
0.15846601
0.22605795
0.45966117
0.82241755
0.97502783
0.32320934
0.20183202
0.82974749
0.50685958
0.09239066
0.69207036
0.19135723
0.14536637
0.89973189
0.04717212
0.60510592
0.50132809
0.19653353
0.94535537
0.27496095
0.85237658
0.97369521
0.07563454
0.50903459
0.80750747
0.60877101
0.53716353
0.39560528
0.60359489
0.12686584
0.04039907
0.73860972
0.94049359
0.34971781
0.16055974
0.19527334
0.26859060
0.24361125
0.05731910
0.88963939
0.63004692
0.90597232
0.40403840
0.85904263
0.80207997
0.03573478
0.35328814
0.36975323
0.78580788
0.64064105
0.44111857
0.77471448
0.31275794
0.22736410
0.67262932
0.44597632
0.75460371
0.77061478
0.38789106
0.79024572
0.74784698
0.07394532
0.75641163
0.63537985
0.15512297
0.95846817
0.82622104
0.46975182
0.35808797
0.73779766
0.31442090
0.15883277
0.97760742
0.19010151
0.84033289
0.51733128
0.96472790
0.37033332
0.19485078
0.60229511
0.59345129
0.07749175
0.32997574
0.68200309
0.09411868
0.26467772
0.13405876
0.04747030
0.07983930
0.48004967
0.50725220
0.04624770
0.14409167
0.14386538
0.24638319
0.27991036
0.26941302
0.83426594
0.46460594
0.62754317
0.81419510
0.67409226
0.91059335
0.62779731
0.11846005
0.25481238
0.11154028
0.05349106
0.05907592
0.39723418
0.19405004
0.14611219
0.80907787
0.58521661
0.39274350
0.22815651
0.51017699
0.15372438
0.67597552
0.40250588
0.95084762
0.25828874
0.89434679
0.91315950
0.08667367
0.19059161
0.37144080
0.12420005
0.54073845
0.89913108
0.96201167
0.17057717
0.09831094
0.61217377
0.39325230
0.21553303
0.56769245
0.83351512
0.51573524
0.17288695
0.73262535
0.92699242
0.76249322
0.71134195
0.79576895
0.57088330
0.75121435
0.71762147
0.33472109
0.60348733
0.25944708
0.70076303
0.07106944
0.96939593
0.78276026
0.13237274
0.44135317
0.18315643
0.97539920
0.66396735
0.11245914
0.42197447
0.51140634
0.63850333
0.05016336
0.05585090
0.85658121
0.38103069
0.23581682
0.91880521
0.88028775
0.06191166
0.74331983
0.27054709
0.56421769
0.16255504
0.24152472
0.58753885
0.04519575
0.21731676
0.06135793
0.16942548
0.27998274
0.52148269
0.07616870
0.26256538
0.14663632
0.95046732
0.63086771
0.30023291
0.95697576
0.44499301
0.03508651
0.83689798
0.50825644
0.08109864
0.20189659
0.27684206
0.05868769
0.45269790
0.97859933
0.03025256
0.75304113
0.81853812
0.88955110
0.52209581
0.67088558
0.37294476
0.55459393
0.85925177
0.71534841
0.05933279
0.15732056
0.64876585
0.62449051
0.34729733
0.34326513
0.92413766
0.77107271
0.14221471
0.23497589
0.37737586
0.28910586
0.04971814
0.09469963
0.37921420
0.96880203
0.51549030
0.06141026
0.13840346
0.59025907
0.59930466
0.57189201
0.09057280
0.07487108
0.90829585
0.12450439
0.95432426
0.62173857
0.81384617
0.59968460
0.90337913
0.77858818
0.68428504
0.69353587
0.35627093
0.17710846
0.96919885
0.25519240
0.38845973
0.65658148
0.72446428
0.33430179
0.19627624
0.63894009
0.10215303
0.05223407
0.25646142
0.91036194
0.15214147
0.77895977
0.57139346
0.10539187
0.35268762
0.95873595
0.83544344
0.74665876
0.43489375
0.26888034
0.97917745
0.12249972
0.87641654
0.30539671
0.45849804
0.06556899
0.43781665
0.93700086
0.66306506
0.24979598
0.32193270
0.05474124
0.35775428
0.39268486
0.34839646
0.13314979
0.33073210
0.31898708
0.71149994
0.07254823
0.63068435
0.81030888
0.76879500
0.37189444
0.97003772
0.34249405
0.71210734
0.93370902
0.03094800
0.64676410
0.39285364
0.41281560
0.38092865
0.49715647
0.52882069
0.59489297
0.79061949
0.71117073
0.16211272
0.04172328
0.77240263
0.04000325
0.53657476
0.84550166
0.25553135
0.13018179
0.94878604
0.69824198
0.31740543
0.17309109
0.66462682
0.37794943
0.30335045
0.77460711
0.74059415
0.86010694
0.18371324
0.24425097
0.46287271
0.67501481
0.50605584
0.18081624
0.12424571
0.23411944
0.38010655
0.44959166
0.19915531
0.87261357
0.35799951
0.90579013
0.95303929
0.63122680
0.03202230
0.34164683
0.43974056
0.40582019
0.51166266
0.73023527
0.79372078
0.38486060
0.73419462
0.48458651
0.13745309
0.53776208
0.81457795
0.88214407
0.65021850
0.87691409
0.81368191
0.20995799
0.17512498
0.80601943
0.51275120
0.32100435
0.63887534
0.16166708
0.23791746
0.82673323
0.63492474
0.70465394
0.06722669
0.78580804
0.02150835
0.41599906
0.05526952
0.14094760
0.88438532
0.19206571
0.66547930
0.87747162
0.36349174
0.66211241
0.19207406
0.97136045
0.58462184
0.42315615
0.14035795
0.34256932
0.03691801
0.95930192
0.27657092
0.67190022
0.90727621
0.64556508
0.81990356
0.54698520
0.96153188
0.41466766
0.37973743
0.03543612
0.45549321
0.80631204
0.19128897
0.25267825
0.32266534
0.77525128
0.81488833
0.86761779
0.33624278
0.35426643
0.81464516
0.55830498
0.56661964
0.37612272
0.03345076
0.54360825
0.44071989
0.77913899
0.05022041
0.81404673
0.40716105
0.95357516
0.37238680
0.26713195
0.28137553
0.20138520
0.73964594
0.65272651
0.24911196
0.07809849
0.26334185
0.29401983
0.69659319
0.81242921
0.83112044
0.29435118
0.69310091
0.48514477
0.57241044
0.11042883
0.31061511
0.13138524
0.08166054
0.95867551
0.49211925
0.40180305
0.74243390
0.61414235
0.12270656
0.95403497
0.22320156
0.37935292
0.59169987
0.66659603
0.91177464
0.55291787
0.19789094
0.32772343
0.71821192
0.96244818
0.28391199
0.16464573
0.95226588
0.54502213
0.04426943
0.18462253
0.58157551
0.77239933
0.01988333
0.68474002
0.13125922
0.26775894
0.29201436
0.56768896
0.47814751
0.90216574
0.77406954
0.16689323
0.50880595
0.14707313
0.83381795
0.40353591
0.23477445
0.64675650
0.63275995
0.95055390
0.36374597
0.20782154
0.06026894
0.22011906
0.06428145
0.51307037
0.94123756
0.25468572
0.55590495
0.32372721
0.97888645
0.81977931
0.26297635
0.14568723
0.81115023
0.76133941
0.84076979
0.77501851
0.70296922
0.97748731
0.22634807
0.02826880
0.42478431
0.71669773
0.93229618
0.31593727
0.48089418
0.51622720
0.33720155
0.74076918
0.60467045
0.53179116
0.21891706
0.27363748
0.79488584
0.26169988
0.32617025
0.15535171
0.96986039
0.04121565
0.49879236
0.24186278
0.93742136
0.60628353
0.52813408
0.16546397
0.07576657
0.04200942
0.13493287
0.18408989
0.58200837
0.77086673
0.17620748
0.59608601
0.28022282
0.03221319
0.80137480
0.36023720
0.82366691
0.63173545
0.38586816
0.88590597
0.52016579
0.92192622
0.32942275
0.82993919
0.06499485
0.54950843
0.55570179
0.33775380
0.24158665
0.37595352
0.81063447
0.33713309
0.03845482
0.46132928
0.76897045
0.69927474
0.96188579
0.44744520
0.92019758
0.87251253
0.70341005
0.40564356
0.12984401
0.53553810
0.66536758
0.44221226
0.59956088
0.13460354
0.49268503
0.63462656
0.52512702
0.50907196
0.58643878
0.18238167
0.37944643
0.74007502
0.96830332
0.23833143
0.72428671
0.21714177
0.14165231
0.31024944
0.70604758
0.14629844
0.90420491
0.64977147
0.96102740
0.11140168
0.16894273
0.96979265
0.94266496
0.87427111
0.72335046
0.75474211
0.64152705
0.29434377
0.95519306
0.48054823
0.08691698
0.30157167
0.40402173
0.02337940
0.65115217
0.68501559
0.45329578
0.65805785
0.01990520
0.79469232
0.48689191
0.42053911
0.70846509
0.79030601
0.97087164
0.30667853
0.87043152
0.48478592
0.52982439
0.61364003
0.92871141
0.06824417
0.84483743
0.88583739
0.37082299
0.42203850
0.18444893
0.67713784
0.26587778
0.49082543
0.46805645
0.53520129
0.20037997
0.33755026
0.83813216
0.77271336
0.64527358
0.63960298
0.29253547
0.79962294
0.98336549
0.60558829
0.86889047
0.24330721
0.58997512
0.34101716
0.37096510
0.14710097
0.11973371
0.28681115
0.27466365
0.19808714
0.01379476
0.39656493
0.59870470
0.69340055
0.72222586
0.59829241
0.59778308
0.27108252
0.25857677
0.73960616
0.36846473
0.69255767
0.12571464
0.37455615
0.42278188
0.75306896
0.82018921
0.42684311
0.17375945
0.82557716
0.91987009
0.92472491
0.31277486
0.95410608
0.76438459
0.21518406
0.86683878
0.89967444
0.89754907
0.63210460
0.65078646
0.41208609
0.95796111
0.27975528
0.93140490
0.85904912
0.71646816
0.89356806
0.95019250
0.71575581
0.33753174
0.78118488
0.38828029
0.96683965
0.15024244
0.25804131
0.60127122
0.65236186
0.42555936
0.83058948
0.35916545
0.72471609
0.16801092
0.98190612
0.33247962
0.94015873
0.27621866
0.70804484
0.74720142
0.10127610
0.84851162
0.65577369
0.49488313
0.11091193
0.83360161
0.48113895
0.45044589
0.69918736
0.35528347
0.17619793
0.54046079
0.22509982
0.81541143
0.35243616
0.76542009
0.57578325
0.19629517
0.55249422
0.60616687
0.51064410
0.51834613
0.82539486
0.16762361
0.10027549
0.70389302
0.63237020
0.15172883
0.45604417
0.45496250
0.10878086
0.45507003
0.60322519
0.33971007
0.92286443
0.96007811
0.02667531
0.62792722
0.79268777
0.60755139
0.74011886
0.20180312
0.70129729
0.57464814
0.08476816
0.76703785
0.61402023
0.84875776
0.43003136
0.55079988
0.96891105
0.62921804
0.77859878
0.34030082
0.76072084
0.01760740
0.84586937
0.92247682
0.72904221
0.68446833
0.53922967
0.56649384
0.74765176
0.25764098
0.50232922
0.39411953
0.41796690
0.31806951
0.47340911
0.34696632
0.92427777
0.30237500
0.14997993
0.27773915
0.10898769
0.21172811
0.07468772
0.45311541
0.82509693
0.24221523
0.48084818
0.69550284
0.90379044
0.80473808
0.97309443
0.92147177
0.65945374
0.47357965
0.87907137
0.93121235
0.62880023
0.07257293
0.48951199
0.11502859
0.68451569
0.69919834
0.49068607
0.88744954
0.31543333
0.30690131
0.53300138
0.78119201
0.42904190
0.92118045
0.84937585
0.41922152
0.77408156
0.55624122
0.15707504
0.88620757
0.81538928
0.02892445
0.44292798
0.45835270
0.81159383
0.72756829
0.52951087
0.31420415
0.81463910
0.35623928
0.25651491
0.63673341
0.19609948
0.08338710
0.81049340
0.44442258
0.36361962
0.82623196
0.30424709
0.80132550
0.69388860
0.94890842
0.94608090
0.03680806
0.86091045
0.92474044
0.91887405
0.19019807
0.44547594
0.72749485
0.74405086
0.42550662
0.61115242
0.45836731
0.72655259
0.48840150
0.46090158
0.44370872
0.36703874
0.89951548
0.70837210
0.89457451
0.87152829
0.58445639
0.83878456
0.62372060
0.39265887
0.10525479
0.02162371
0.24630882
0.21192013
0.61188709
0.31507456
0.06821383
0.01749802
0.36238529
0.31316594
0.21947155
0.78354520
0.10011551
0.63016850
0.03203999
0.89646158
0.38593465
0.71518738
0.38024582
0.69552772
0.66595472
0.41429888
0.68882442
0.13529955
0.10128770
0.82080710
0.40071341
0.82138738
0.66077335
0.13595388
0.67330467
0.47560346
0.06657057
0.34294147
0.81341946
0.46272256
0.84241530
0.68616459
0.17328084
0.04693901
0.28708825
0.95389845
0.95863367
0.20446895
0.36324800
0.76160874
0.37748315
0.55110983
0.44541725
0.17835286
0.93946987
0.37443312
0.58662147
0.51896823
0.54279315
0.93897515
0.58436184
0.43504331
0.73103988
0.05810154
0.20902050
0.03888898
0.51273281
0.71611924
0.24390695
0.08281388
0.05721909
0.31669440
0.39293445
0.50475101
0.21320956
0.83895682
0.18551275
0.03681888
0.72299848
0.22792183
0.86811780
0.69771559
0.08151965
0.53429697
0.45477133
0.62324750
0.75085812
0.48445384
0.16904105
0.92749511
0.20327089
0.39565979
0.52573079
0.13254462
0.33318365
0.78196023
0.73271294
0.26887536
0.97765282
0.62205253
0.30125286
0.36514154
0.17646574
0.15907959
0.31305907
0.09434013
0.85143353
0.60528661
0.68437893
0.81061378
0.49928943
0.48556625
0.11033305
0.42960199
0.39853655
0.09662370
0.44728133
0.60548019
0.91182388
0.11819299
0.68635197
0.95428562
0.86571065
0.64458714
0.47277896
0.61810964
0.02589498
0.32025225
0.80719271
0.94897689
0.18004066
0.20604457
0.18179235
0.12292149
0.94152383
0.25206465
0.31475065
0.37667584
0.15101398
0.44065184
0.52076003
0.28060869
0.92232330
0.02317802
0.30486575
0.49763975
0.45685245
0.80575346
0.93436454
0.13202380
0.54816936
0.18352717
0.50423455
0.80804898
0.26557526
0.52614771
0.79369076
0.81895479
0.94260470
0.49613665
0.70778461
0.72240877
0.85216362
0.12721802
0.79405719
0.43285553
0.15975504
0.46527249
0.65311391
0.58974527
0.70803774
0.92779431
0.78659117
0.35652272
0.82599452
0.75562167
0.48046429
0.91232118
0.55253200
0.12702251
0.84378898
0.69782710
0.70902309
0.37401729
0.49880106
0.05759805
0.12469537
0.16978970
0.66900192
0.45861954
0.48059064
0.22015873
0.77926552
0.21642326
0.41401952
0.33122742
0.44907911
0.40407140
0.38223576
0.16546791
0.67574705
0.34892380
0.13269182
0.66941709
0.18542936
0.35576541
0.47449389
0.38747274
0.48618141
0.35431492
0.47580651
0.52064956
0.51595529
0.38059245
0.61223581
0.11943830
0.32124955
0.73712665
0.79753366
0.62030862
0.04055258
0.15283648
0.87986907
0.97348042
0.37442857
0.07709530
0.71990242
0.71051807
0.02186571
0.04543894
0.91962999
0.04076782
0.13020257
0.12535755
0.96324081
0.96134573
0.53309348
0.90007425
0.70710679
0.02086735
0.94129681
0.09607298
0.59863774
0.27926551
0.12011877
0.43799811
0.44342203
0.67024877
0.69162284
0.37688311
0.04765591
0.88233859
0.96365040
0.50694260
0.12924335
0.08310147
0.34794826
0.58260259
0.91102549
0.38200439
0.14294163
0.02041845
0.77604555
0.89225350
0.28966773
0.27474648
0.72141139
0.30210754
0.96013795
0.14668380
0.55131269
0.21423130
0.54878181
0.32083724
0.37787807
0.65041456
0.12577003
0.60124336
0.15387534
0.97420081
0.13884168
0.81638473
0.86060287
0.41448895
0.73184208
0.68754375
0.06319362
0.11276530
0.26454441
0.09669366
0.77497153
0.37945346
0.67735416
0.63022211
0.82943538
0.94301234
0.64516495
0.40655297
0.24152317
0.86572882
0.08294091
0.77589358
0.35386517
0.89743745
0.45059817
0.39490131
0.89355866
0.68095883
0.45481291
0.03801803
0.37661396
0.08722013
0.33249248
0.21383426
0.93222485
0.14902484
0.64488858
0.68431144
0.83530771
0.09623210
0.97864008
0.11718576
0.47280794
0.95547828
0.91859680
0.94026385
0.84883131
0.43174326
0.21366418
0.06480690
0.59585866
0.48368771
0.19018664
0.50001917
0.48970011
0.23372839
0.94940665
0.91142246
0.81582328
0.22738652
0.94540629
0.96450294
0.38247697
0.33621953
0.33279895
0.52060524
0.16390757
0.43165894
0.86035440
0.56946599
0.92333587
0.20112367
0.02556100
0.93076316
0.94638333
0.70824475
0.59327791
0.01783811
0.14936461
0.97893901
0.74020625
0.46432990
0.84958618
0.36462409
0.22235953
0.86831793
0.61172216
0.04014403
0.53320553
0.02829755
0.94830297
0.89459682
0.13834929
0.16229082
0.02119020
0.97309161
0.64061124
0.43260890
0.09388620
0.80228034
0.57251138
0.63806694
0.59803873
0.05337693
0.12854647
0.47420582
0.71634313
0.79003811
0.19699361
0.79588456
0.83075478
0.32719112
0.09648689
0.18944452
0.61824072
0.08954393
0.93141105
0.82801968
0.66560507
0.73356722
0.67909902
0.07681784
0.18225832
0.68149323
0.06485164
0.17215789
0.96038127
0.96807177
0.84696422
0.93409427
0.33847948
0.66096778
0.18440355
0.04832770
0.90112855
0.11959139
0.61924213
0.94677967
0.44314362
0.21668380
0.66761916
0.56790932
0.62002068
0.97779012
0.13853758
0.12353212
0.52900815
0.42696262
0.47068874
0.94906591
0.64542509
0.81812530
0.24772597
0.10605489
0.69375756
0.37926921
0.79823818
0.97861497
0.19099300
0.84604042
0.88986877
0.40285263
0.49399498
0.03036429
0.37787691
0.33960554
0.49842883
0.21718814
0.07903676
0.25062067
0.63681889
0.46784601
0.41082151
0.79613815
0.83010699
0.72685583
0.50240731
0.10600818
0.04182499
0.82814353
0.49760005
0.67234937
0.48239595
0.89281528
0.67656120
0.96729704
0.50923742
0.55596886
0.14517195
0.59452923
0.88462151
0.33433767
0.27249073
0.94249555
0.05588155
0.66158175
0.61369496
0.58081929
0.37304217
0.78443152
0.38221450
0.44632155
0.12102656
0.70902489
0.07986956
0.07227863
0.96255282
0.23837679
0.03492615
0.61006110
0.41634332
0.88628917
0.47920478
0.57019098
0.78530291
0.23572948
0.21459222
0.45138302
0.47988008
0.32959457
0.93170699
0.89925144
0.18099500
0.97391865
0.03955284
0.01733684
0.29452145
0.51001440
0.28675200
0.46950465
0.05159006
0.13626290
0.85259743
0.89478124
0.06079050
0.46827269
0.67432267
0.33325927
0.28955733
0.36864650
0.17223701
0.81917072
0.70427911
0.03816206
0.84611821
0.20984598
0.90635831
0.81774888
0.38312669
0.32736293
0.70703355
0.39291279
0.76334793
0.09950945
0.96284095
0.85695069
0.93752440
0.64071308
0.38517041
0.85878660
0.19026039
0.19825173
0.05890673
0.18808181
0.70863858
0.32513753
0.27607288
0.21298987
0.27133531
0.86320280
0.30258237
0.74731586
0.23465041
0.60080008
0.25655577
0.05996277
0.32924860
0.65537182
0.89471204
0.65308725
0.21463709
0.12068213
0.62715698
0.30553592
0.41165894
0.43234076
0.42799354
0.73750541
0.98280901
0.23384883
0.52463739
0.86248873
0.49086147
0.71114788
0.60178160
0.50714531
0.23034614
0.49207923
0.11470273
0.19404190
0.55367608
0.93019592
0.91318646
0.24968602
0.34789895
0.52983377
0.15400955
0.55629497
0.30010693
0.15908239
0.84937661
0.43412846
0.24996983
0.71618011
0.96744470
0.12259124
0.26614351
0.50728184
0.48615834
0.89380762
0.30167419
0.18730455
0.09236865
0.58450143
0.22967027
0.58664378
0.11926010
0.39214439
0.39449109
0.74764706
0.66643067
0.02663847
0.26083995
0.72001462
0.26973200
0.82638125
0.74682390
0.29191655
0.86553981
0.06126407
0.14932276
0.56769740
0.53423886
0.42573210
0.71929975
0.20179938
0.38272165
0.89782623
0.44256543
0.16399096
0.78588569
0.33634694
0.74187015
0.27485760
0.80074145
0.04234426
0.61399225
0.21146523
0.09123296
0.93966937
0.47789777
0.47759728
0.56231198
0.95904897
0.97664107
0.77822747
0.76636040
0.22075234
0.78619470
0.02269820
0.96321273
0.94096791
0.83836887
0.76010555
0.66628598
0.73131626
0.79200415
0.33803587
0.32862290
0.35081242
0.49784011
0.85160731
0.74277948
0.35294023
0.42942871
0.03080127
0.09121199
0.57172963
0.65715878
0.31808799
0.64483968
0.44901961
0.84202140
0.75809465
0.11496047
0.59895308
0.28088736
0.43759734
0.58294715
0.12200554
0.80457935
0.20105808
0.97049099
0.69813734
0.70355473
0.14161622
0.73877146
0.91277136
0.62173179
0.66520289
0.56898785
0.52345137
0.30304947
0.70136065
0.28869244
0.34266873
0.56417450
0.19852309
0.03305538
0.86133911
0.89850826
0.76364728
0.11473322
0.03277298
0.40641329
0.06714375
0.82720952
0.08287609
0.63628813
0.49997218
0.66800596
0.56577266
0.73693883
0.66477020
0.96149165
0.23281931
0.49179928
0.69149552
0.31832246
0.97129813
0.51272362
0.74913065
0.02444643
0.54181937
0.28709209
0.69591996
0.50599606
0.34165830
0.97503701
0.13038571
0.11402468
0.19396571
0.84345521
0.41857347
0.67102331
0.05940101
0.92587053
0.22333622
0.30457584
0.23298889
0.08749418
0.84812083
0.34904673
0.79359525
0.57778734
0.13580338
0.70208460
0.95575471
0.52263443
0.74723097
0.53218587
0.75726140
0.45452214
0.71202013
0.13577656
0.44716916
0.46289092
0.17174526
0.69037658
0.34435544
0.54566538
0.28396193
0.63865231
0.20492242
0.57619300
0.87073829
0.93215181
0.93817644
0.62926930
0.89712692
0.30539232
0.55193296
0.94436729
0.40338125
0.52501855
0.85687848
0.41514560
0.36072108
0.67648324
0.68528949
0.89813833
0.16331532
0.66094773
0.93488676
0.87471242
0.65002166
0.85135730
0.62673440
0.61213903
0.69352768
0.68872087
0.88247213
0.16554879
0.21753972
0.55273710
0.76008086
0.30056203
0.62832315
0.02859781
0.68270413
0.85643833
0.81810466
0.46636198
0.96445370
0.28636612
0.18923229
0.89420356
0.28993548
0.95882838
0.29527284
0.81233108
0.95318025
0.70792564
0.05442118
0.56315814
0.87937436
0.41922764
0.67304168
0.50912497
0.94783742
0.59777815
0.91869560
0.09925866
0.33529056
0.98218672
0.93576029
0.69557199
0.49018567
0.09160175
0.21860837
0.89537921
0.02534256
0.45007826
0.35665980
0.85245702
0.54659564
0.13695001
0.52533955
0.74308774
0.58821724
0.57143466
0.64291921
0.02537345
0.27948941
0.05358608
0.27758911
0.96693776
0.81072269
0.11959278
0.41511614
0.92211434
0.44515821
0.88383340
0.54118740
0.17810376
0.69459313
0.04985606
0.97010409
0.77145172
0.80081638
0.09120023
0.17693994
0.76976190
0.94840420
0.11820094
0.08758769
0.55532124
0.76117051
0.32246881
0.44768049
0.41970056
0.72255680
0.02785781
0.68705878
0.42559365
0.25539407
0.17626337
0.31581295
0.19997733
0.22234052
0.58862018
0.63004372
0.51960810
0.84562542
0.03842053
0.43475250
0.74278375
0.07093516
0.52641253
0.70686942
0.50454779
0.95359312
0.88436531
0.36062407
0.18911767
0.30901378
0.53629966
0.82676716
0.36364989
0.30465085
0.37278438
0.40995137
0.31703985
0.59174300
0.54009516
0.48290492
0.60650723
0.58097919
0.52140635
0.59604939
0.51481166
0.94846371
0.22739629
0.28114800
0.57163579
0.93439959
0.91498171
0.70099880
0.30909750
0.61701966
0.21073490
0.65262932
0.61463596
0.32548943
0.97474988
0.73092257
0.71830167
0.35628558
0.29683309
0.58264869
0.73756187
0.97561633
0.50393139
0.64196506
0.11867625
0.18084761
0.97780380
0.38372881
0.51462763
0.26385035
0.75088362
0.55261467
0.09718101
0.67095197
0.75891465
0.88332881
0.32569193
0.36055196
0.56032145
0.04743394
0.67578766
0.20340734
0.30486699
0.89641127
0.18397298
0.55327122
0.30457855
0.53217816
0.11512019
0.25668751
0.96197517
0.92256648
0.07135241
0.38080733
0.16855651
0.34790545
0.74742862
0.42016381
0.51321917
0.77443392
0.53417988
0.89858118
0.82203924
0.12236714
0.06582514
0.39326819
0.41221023
0.86852343
0.82019222
0.21163000
0.25884477
0.37608194
0.33591098
0.03962873
0.61843719
0.48471531
0.31116087
0.65030260
0.53704727
0.04673629
0.42166805
0.56336943
0.22933388
0.97415503
0.47476293
0.37898705
0.42199887
0.61175003
0.79045645
0.21853905
0.42243900
0.57210872
0.84931839
0.80444984
0.09376890
0.66021130
0.19039888
0.26097420
0.13470915
0.22322364
0.08173701
0.57513080
0.65096347
0.89767022
0.14126549
0.45700695
0.13682364
0.02519281
0.97761439
0.80524148
0.04661677
0.69035303
0.55692898
0.89473513
0.17092596
0.27832424
0.21587241
0.46356440
0.85998221
0.88666214
0.41941165
0.28004983
0.33863720
0.22896578
0.67852790
0.88221604
0.81355312
0.36563705
0.96631376
0.28428355
0.36926142
0.16003416
0.39872258
0.59972239
0.60912446
0.68896701
0.03870941
0.11232821
0.90430817
0.10496777
0.10653266
0.37412159
0.24348043
0.07261060
0.96059886
0.24796702
0.55544368
0.73035725
0.06673710
0.38901369
0.77596231
0.92944830
0.06368567
0.89454411
0.12232517
0.78343603
0.24368002
0.89773204
0.97828716
0.03785881
0.35202907
0.93961115
0.88144287
0.21929265
0.51131433
0.54271017
0.26125749
0.31215242
0.52720371
0.42150311
0.72473302
0.96028997
0.27689651
0.02701461
0.84175734
0.79515618
0.39414391
0.96591459
0.80319659
0.92717921
0.61295642
0.27858787
0.63075401
0.34327981
0.94266495
0.09979169
0.27707358
0.67848488
0.87054524
0.09058339
0.37850873
0.50555030
0.01622921
0.64845430
0.94357789
0.04735599
0.15388898
0.29845041
0.13358568
0.61939577
0.69334190
0.82277224
0.42760599
0.52100003
0.97248821
0.26701944
0.32359073
0.37644426
0.88087122
0.76130517
0.96839588
0.64039423
0.58209667
0.13146540
0.75337003
0.89793429
0.68795313
0.79699228
0.66926706
0.46760236
0.88358926
0.19272478
0.69864705
0.18894286
0.28871716
0.60380402
0.37864792
0.15871388
0.20183425
0.97366508
0.07065202
0.81223289
0.12888271
0.83992767
0.50950128
0.21606523
0.25771253
0.81232702
0.46912356
0.59237132
0.11590892
0.23972029
0.27561687
0.37663734
0.21575517
0.85988912
0.93058179
0.59953126
0.39444018
0.03162608
0.08445719
0.29381021
0.51749053
0.74920648
0.76767812
0.49505925
0.24744593
0.39266182
0.65796045
0.33512437
0.34847557
0.09982424
0.70894944
0.47581394
0.35229103
0.29688196
0.16567351
0.05829879
0.14506867
0.09083147
0.88984987
0.25467518
0.62009559
0.84594655
0.79100192
0.42420579
0.82775943
0.86048656
0.77360481
0.53156133
0.63953043
0.09223166
0.97120940
0.89267419
0.41598892
0.55795867
0.18104897
0.09288919
0.73570587
0.38540932
0.67197835
0.11546290
0.89438701
0.86578223
0.59967350
0.10476102
0.96340486
0.76509714
0.90575969
0.40723753
0.47212619
0.17592133
0.57101245
0.51933060
0.91126358
0.20845120
0.45067943
0.62737191
0.38682970
0.88332865
0.23374250
0.86892723
0.02098388
0.08874722
0.22324956
0.32913327
0.81504012
0.34313743
0.89264559
0.13289685
0.02475669
0.24290637
0.82059642
0.70538446
0.18948386
0.02009823
0.24748520
0.34980651
0.60342057
0.49329118
0.01507783
0.25599901
0.32547924
0.05354548
0.49095983
0.72878583
0.40358573
0.18378057
0.83708203
0.97931760
0.28389367
0.47697772
0.51719965
0.33637470
0.19347808
0.96743824
0.80969025
0.90805241
0.30432639
0.38957027
0.60981126
0.66149840
0.57465495
0.33325897
0.60310303
0.04446276
0.41322043
0.84589793
0.82069015
0.24553987
0.84944214
0.75466291
0.14022913
0.69379760
0.88124069
0.72674076
0.55601631
0.19350621
0.19362282
0.72401630
0.41486948
0.88636664
0.17752228
0.43136007
0.93801773
0.28993126
0.33295746
0.82703626
0.25057442
0.09526504
0.47289017
0.03533367
0.08875259
0.74333592
0.45644069
0.73862536
0.66585879
0.03923233
0.79221769
0.63091406
0.24420526
0.30963354
0.12357427
0.62344336
0.78122469
0.04765358
0.76679659
0.62745370
0.64028700
0.94347958
0.51840612
0.69597805
0.69972695
0.96939455
0.22265431
0.54594331
0.60504184
0.44079982
0.25457439
0.52973559
0.22141981
0.57906064
0.38113717
0.65085132
0.59046059
0.24947435
0.92857617
0.76924337
0.43894309
0.94955060
0.27833598
0.49150543
0.71698707
0.05451589
0.42220101
0.53856370
0.25153238
0.18384311
0.64687118
0.57093226
0.85461901
0.81458990
0.03965925
0.11288830
0.19975043
0.11985237
0.28767133
0.49898758
0.77807504
0.87758466
0.35790618
0.14636288
0.92562961
0.27667430
0.17020177
0.42149239
0.16658411
0.78912053
0.01635911
0.83276305
0.88143164
0.58234130
0.40710449
0.90946886
0.12097217
0.11701685
0.48678420
0.54805790
0.07889337
0.69538991
0.25144655
0.65657109
0.92428586
0.02650753
0.12430545
0.72920526
0.95862219
0.11608724
0.13490715
0.95261705
0.04491796
0.81370499
0.88484163
0.62840499
0.71801568
0.61721711
0.80765112
0.32729193
0.93871699
0.62609648
0.82703507
0.31284556
0.75394890
0.31714494
0.51604257
0.89219341
0.49481353
0.34768686
0.70592878
0.76732924
0.19279842
0.29466259
0.63686802
0.31443377
0.44369155
0.04524302
0.13200371
0.47173326
0.49582426
0.72645555
0.29180688
0.34906327
0.32063725
0.74611832
0.36162316
0.02535238
0.61713553
0.68535155
0.34263011
0.04072319
0.42263099
0.12852270
0.39079000
0.80699807
0.52148431
0.06244641
0.60949225
0.21096340
0.04074942
0.84611279
0.34971295
0.95847386
0.75880773
0.40154813
0.76087355
0.74684477
0.85115052
0.08898759
0.23282984
0.75165174
0.73917216
0.95625192
0.81861675
0.16699570
0.87745996
0.10885404
0.85780327
0.76090682
0.18004207
0.53571224
0.25744161
0.03743333
0.94624227
0.27857944
0.84486452
0.63051093
0.52589185
0.59323074
0.52876535
0.65323175
0.88824074
0.16060674
0.35744096
0.95685229
0.35445714
0.90722462
0.88194371
0.02736242
0.29822968
0.30366875
0.76287122
0.11061635
0.31211020
0.55612393
0.97169345
0.69141772
0.96148942
0.03760210
0.41948624
0.18307598
0.77336729
0.46540519
0.97444290
0.21968584
0.39664445
0.63534640
0.24995960
0.63302594
0.36729372
0.39156865
0.96936672
0.54747155
0.18346343
0.91812398
0.78556117
0.29387433
0.03123395
0.27279905
0.28979505
0.43974148
0.74252593
0.08454844
0.44964895
0.03023308
0.95242539
0.74099010
0.24446937
0.71320838
0.94190309
0.12207658
0.10284903
0.60017384
0.35544175
0.51426863
0.78709489
0.85944738
0.46228060
0.81195047
0.95158074
0.41749568
0.53149596
0.77677757
0.29332029
0.85537505
0.35348187
0.75971809
0.03489386
0.84568881
0.46745720
0.30462249
0.32344429
0.64854682
0.59796231
0.69758294
0.28138886
0.14314663
0.93650291
0.52827017
0.51790154
0.38219559
0.69964249
0.56624566
0.36968254
0.39459261
0.42463877
0.07317807
0.07579487
0.79146018
0.48123094
0.78975286
0.22477926
0.85506062
0.05047241
0.02459047
0.06892831
0.24319266
0.83613614
0.03428616
0.94514697
0.06476293
0.02897051
0.75892506
0.20129463
0.48278076
0.94924383
0.63678375
0.58823482
0.74558758
0.43855853
0.62434515
0.40535096
0.34033710
0.75176408
0.37688279
0.06475512
0.28952432
0.29221058
0.35845043
0.68659731
0.74954237
0.89038527
0.29023648
0.15689809
0.02707889
0.65096848
0.46489625
0.03311485
0.33739213
0.53416977
0.94275245
0.02640682
0.36027312
0.52079125
0.93440973
0.74908542
0.63192262
0.23595787
0.11596998
0.04976788
0.14942105
0.73508913
0.02069496
0.40596893
0.03993285
0.18394753
0.69041704
0.91028368
0.47936932
0.59463692
0.32325066
0.86880503
0.08098388
0.63641916
0.73944666
0.27500155
0.37795912
0.86528629
0.31869557
0.33872491
0.46258761
0.75418656
0.59117752
0.12445143
0.31758522
0.76674459
0.64691741
0.88806529
0.46552193
0.96609287
0.40815317
0.38647169
0.58649486
0.70652487
0.13072893
0.29023931
0.17449745
0.12993328
0.85536578
0.89696185
0.87279335
0.11115985
0.46087160
0.03854848
0.54303707
0.49069676
0.47876072
0.48779500
0.96580817
0.59253147
0.66201149
0.32021272
0.48722078
0.97605658
0.65166780
0.42673140
0.73808748
0.52783539
0.55561426
0.55811733
0.22973824
0.66544524
0.96775963
0.74849475
0.82023570
0.22466003
0.52272941
0.15823617
0.61113233
0.44113280
0.77354533
0.13940162
0.30869242
0.01993340
0.18268232
0.80150897
0.98268637
0.51300139
0.19088820
0.91646357
0.70367987
0.57383467
0.97760531
0.87150552
0.97046458
0.16670859
0.61142890
0.94444597
0.22347545
0.98186986
0.89309186
0.38488934
0.79660319
0.84447919
0.71527436
0.66625288
0.58273931
0.86860480
0.83948724
0.55634854
0.26160117
0.09435864
0.58270944
0.77720471
0.36765212
0.90194020
0.14123510
0.11058498
0.29892115
0.38527779
0.36400068
0.77072855
0.72828700
0.02910225
0.40720601
0.34896070
0.85618569
0.54262612
0.73181720
0.12939088
0.27534369
0.68876535
0.97118206
0.18076707
0.42619383
0.13484051
0.93450340
0.71583821
0.38174161
0.73531621
0.64148125
0.77982564
0.18792898
0.35518597
0.57180794
0.75797685
0.48669052
0.34166548
0.39505549
0.54733590
0.04177760
0.11049151
0.39049625
0.03155020
0.51682596
0.80499826
0.01597431
0.25973057
0.73239905
0.49719154
0.46284774
0.55061692
0.62982181
0.89417675
0.25107427
0.66433262
0.58841861
0.03048342
0.46440957
0.02349901
0.65248891
0.39244140
0.47854612
0.34882635
0.81100065
0.75191351
0.27350697
0.14180396
0.36300509
0.44298759
0.53414297
0.58372841
0.31647838
0.29430005
0.81159997
0.21513309
0.95031641
0.46428581
0.34379083
0.35138732
0.66540639
0.96522684
0.72698040
0.83459969
0.25993047
0.74376668
0.09070360
0.41839476
0.36724291
0.94286039
0.50890153
0.26975854
0.06867567
0.54680189
0.27248205
0.88754867
0.54686639
0.24857521
0.72694689
0.17871219
0.74510859
0.96635871
0.66934653
0.54795093
0.55454548
0.12064829
0.87090086
0.84003035
0.04600068
0.41666536
0.36840099
0.02364074
0.68524164
0.21534880
0.98007126
0.03564394
0.87827060
0.13727172
0.33297914
0.03438486
0.96022946
0.67162570
0.14146362
0.92060779
0.38517022
0.09369862
0.05189704
0.04111399
0.82946084
0.83919617
0.03000927
0.28643663
0.39061777
0.06045107
0.62305883
0.97358256
0.20060736
0.83543155
0.98188239
0.23437862
0.79302345
0.82120853
0.51221047
0.66319434
0.97546087
0.14841958
0.59358037
0.96154340
0.33711481
0.11863823
0.51798309
0.72578311
0.66520166
0.30164396
0.54395890
0.46045704
0.18384829
0.32851462
0.49658178
0.72635892
0.95965284
0.44392382
0.49452596
0.06863809
0.30827387
0.14714472
0.70788479
0.04647812
0.15932354
0.38806217
0.16982853
0.02354686
0.08756158
0.10256198
0.83203680
0.80319347
0.56421560
0.79380619
0.55338680
0.11150139
0.95614657
0.75412475
0.89563959
0.90136233
0.23459628
0.19952470
0.78784849
0.67358697
0.60283050
0.43877266
0.23038729
0.70172096
0.39190171
0.09760178
0.05847496
0.59841077
0.04668542
0.75084763
0.70139552
0.40518824
0.13306772
0.53020760
0.77966952
0.65843938
0.10851962
0.63333794
0.19034912
0.64742911
0.67585488
0.96630300
0.30716521
0.63445305
0.48508222
0.20435801
0.45250864
0.74290176
0.45944372
0.57076836
0.12855109
0.70295544
0.13044209
0.92374940
0.06748988
0.30841489
0.60590110
0.76808118
0.28197149
0.68502045
0.63599162
0.36657670
0.48118566
0.96569916
0.21238470
0.78335765
0.21909141
0.54506024
0.25003290
0.07012637
0.85119643
0.20346863
0.78621693
0.19563886
0.13082199
0.34286762
0.91932961
0.45691154
0.10750478
0.97094660
0.38636461
0.54659676
0.67152046
0.43741497
0.41600196
0.24809882
0.78887666
0.96435160
0.44523562
0.56696861
0.01871880
0.07013852
0.43941691
0.69173782
0.35351307
0.11709195
0.21308699
0.02645880
0.67524207
0.82286106
0.74755680
0.16913596
0.24559686
0.41602122
0.57523998
0.78899132
0.91087928
0.57553151
0.35571392
0.16585673
0.34651022
0.51262563
0.07905660
0.96182377
0.30379976
0.75408344
0.58336154
0.53004894
0.57672507
0.33218729
0.69509670
0.58373695
0.53076548
0.62496054
0.41900046
0.49801765
0.10524824
0.32636057
0.04255629
0.25405879
0.93792406
0.12185108
0.93378474
0.15578975
0.39415059
0.23132206
0.80567291
0.89742673
0.25352826
0.25121232
0.61092349
0.59565272
0.34911724
0.16329675
0.98043411
0.13920160
0.26953835
0.87785365
0.85029099
0.85427139
0.20030957
0.92666570
0.09932441
0.51370685
0.19948066
0.32408359
0.96392782
0.53174794
0.81997660
0.88795530
0.06691454
0.26157290
0.81159289
0.92249328
0.39750775
0.55194061
0.75354113
0.48426152
0.28298104
0.04884640
0.36483538
0.27114141
0.11783304
0.42820342
0.82750321
0.34199001
0.64305782
0.64699322
0.88734852
0.86256799
0.77312539
0.29379366
0.13414204
0.49418849
0.36190769
0.05354376
0.90451900
0.74142633
0.05884301
0.52510823
0.68646373
0.42839572
0.47275616
0.86494303
0.39767975
0.78637235
0.36230191
0.20503951
0.61978804
0.59215917
0.90278456
0.31664484
0.97971866
0.80651436
0.49806959
0.73492391
0.78152321
0.09082143
0.34698646
0.97486010
0.73045475
0.86519648
0.04845290
0.26774607
0.20222755
0.78358759
0.53963578
0.34025167
0.63566689
0.90280860
0.85342588
0.56233318
0.39334176
0.91058988
0.18541451
0.81157380
0.15351700
0.85106064
0.56480192
0.98068153
0.28201613
0.95528744
0.97821312
0.74311685
0.38081321
0.39365545
0.53290549
0.76824955
0.35095434
0.25342433
0.37208146
0.26650955
0.43701948
0.42857332
0.96204778
0.61595866
0.58733457
0.95479632
0.78776540
0.05484962
0.44839241
0.71041185
0.81334480
0.13792354
0.18367085
0.24414433
0.45377073
0.32202711
0.27095646
0.58972468
0.63908528
0.59870038
0.60439416
0.89395273
0.33076684
0.11594724
0.91281540
0.48889091
0.05404684
0.37207953
0.05704189
0.38692695
0.93734575
0.81427175
0.82328966
0.28211749
0.43590119
0.19415706
0.16338245
0.44826659
0.38802660
0.56063236
0.27200891
0.33774708
0.98627116
0.20682339
0.07190638
0.42274707
0.95232090
0.01694341
0.34958026
0.19463340
0.40434554
0.24731549
0.70497202
0.79681808
0.41249139
0.87507744
0.36945580
0.91841735
0.95328176
0.45017393
0.67233562
0.74135017
0.08583031
0.26282032
0.91403675
0.75856557
0.32159613
0.73776910
0.49466032
0.97040782
0.07141181
0.81760965
0.39942967
0.37840429
0.21484926
0.28389248
0.86313294
0.75291689
0.68126443
0.97369005
0.94731485
0.30053936
0.08139068
0.64722868
0.46885449
0.94368385
0.02818273
0.49724074
0.40291693
0.91938832
0.95740530
0.67861761
0.39806221
0.13287325
0.26042897
0.35981658
0.55953300
0.10514421
0.04833465
0.79747246
0.52022875
0.97783256
0.63822987
0.28087897
0.85331703
0.31956509
0.04754546
0.23600838
0.50176036
0.86300023
0.22162227
0.66871804
0.39819093
0.92987805
0.28241300
0.18555265
0.49442027
0.28360047
0.54943772
0.26167192
0.78902933
0.11622789
0.10454217
0.93142488
0.16457554
0.12733413
0.76852154
0.46864886
0.68272842
0.46610870
0.83250064
0.83434399
0.81545800
0.39132449
0.64897026
0.32460520
0.33912780
0.73763386
0.11819168
0.84299089
0.35328839
0.76651880
0.84200953
0.06499144
0.47557266
0.86794778
0.41025012
0.73391344
0.40778400
0.23123378
0.71852938
0.63786984
0.93736679
0.79126879
0.69399232
0.87063758
0.03896101
0.39672974
0.40794336
0.04623744
0.23570558
0.36839753
0.62213570
0.46787492
0.10356884
0.95854265
0.90948112
0.48017563
0.57927395
0.17961036
0.42727299
0.73401959
0.59429484
0.90321377
0.19198784
0.17701677
0.35992497
0.89765572
0.59475485
0.44042691
0.03274316
0.74533186
0.10946820
0.83051802
0.41402099
0.91907205
0.87351231
0.60523974
0.30827070
0.42740706
0.07058520
0.28947594
0.03231576
0.21903854
0.77452310
0.02943478
0.92596260
0.59133372
0.03571081
0.81467075
0.41111304
0.18016013
0.67488095
0.58468594
0.05716349
0.56593567
0.05920406
0.27599253
0.88309239
0.79652180
0.17964974
0.31908121
0.30662308
0.92918087
0.07195634
0.35007387
0.55762412
0.66416313
0.96836079
0.25293971
0.46697325
0.03785920
0.60629024
0.86537825
0.09007953
0.46226739
0.67198333
0.96701932
0.09244097
0.62080768
0.65359484
0.48477260
0.27575717
0.42447968
0.15435333
0.81756245
0.08068396
0.79754554
0.82585582
0.67535324
0.20584012
0.56512020
0.71769611
0.68916038
0.40778143
0.63402177
0.70030797
0.03570655
0.23317930
0.96073459
0.43194490
0.04235602
0.60787955
0.26563247
0.20755825
0.52523877
0.79096774
0.77799191
0.04041206
0.59902345
0.93969453
0.15551297
0.63340183
0.03245845
0.91132235
0.97629703
0.78250963
0.51654853
0.48681922
0.29814361
0.54190347
0.04906729
0.35579123
0.41196736
0.16872188
0.23535174
0.86609558
0.25021891
0.85451659
0.19292633
0.85989403
0.48719095
0.59346263
0.23346685
0.14151012
0.48821649
0.17517672
0.04091924
0.67288994
0.07161429
0.19520251
0.04333009
0.37820829
0.19226741
0.66853486
0.59051547
0.11055170
0.08117561
0.64668835
0.04271640
0.25724484
0.95071026
0.25077385
0.95947286
0.93375938
0.91860092
0.95286832
0.65610347
0.17660284
0.12176664
0.64621545
0.82119434
0.60223509
0.40077406
0.62482044
0.04833680
0.14341456
0.80688991
0.45248686
0.63187239
0.94654623
0.06676628
0.08699820
0.64316582
0.43243867
0.72931879
0.25467304
0.60657055
0.60807348
0.19153710
0.62909907
0.92870771
0.19196477
0.73333860
0.87681170
0.45011646
0.09861875
0.40538181
0.90781650
0.86357575
0.69033806
0.10115440
0.29069584
0.93244773
0.72951546
0.39574268
0.50751834
0.57169712
0.84905124
0.60143476
0.79333321
0.82445249
0.61095875
0.71495602
0.28170849
0.15680715
0.16040109
0.78696612
0.92977111
0.39782484
0.28098223
0.55712088
0.82774278
0.12832557
0.32758849
0.64565231
0.75040124
0.05405953
0.93261619
0.89851623
0.45359549
0.45050405
0.77276879
0.29283302
0.80020608
0.86227808
0.90141987
0.48569763
0.70227283
0.03452101
0.29032853
0.64536379
0.24951424
0.03514918
0.06191859
0.73874322
0.65225105
0.49137459
0.03548426
0.57855923
0.44363392
0.50477028
0.45975257
0.95562952
0.32569138
0.86478289
0.67757476
0.70093569
0.03451668
0.64417435
0.03206949
0.84200778
0.35257656
0.81857546
0.23267133
0.91838649
0.94907351
0.14206691
0.77701976
0.47393744
0.18942571
0.66451650
0.51171075
0.97366721
0.55559463
0.67394919
0.09773507
0.90226619
0.74936835
0.89584520
0.09913442
0.64108391
0.35635532
0.37921936
0.69980457
0.25373432
0.08276670
0.96979106
0.40448613
0.62304240
0.50837651
0.25022332
0.25612945
0.18499252
0.66488723
0.02101495
0.46128111
0.49590050
0.20136640
0.63249181
0.18340503
0.96160089
0.63762632
0.25687137
0.94033486
0.87483602
0.04563836
0.24761404
0.76758446
0.95790168
0.89619392
0.18389249
0.60832563
0.01621754
0.83182234
0.45584353
0.27653854
0.86086977
0.55795239
0.02413437
0.29534074
0.91855790
0.89346414
0.88021537
0.86948837
0.81504896
0.33292157
0.49910608
0.51013790
0.90722950
0.46966927
0.91410697
0.58680714
0.06327670
0.74892188
0.04296788
0.01807290
0.42396618
0.87985831
0.89427399
0.65359642
0.05546266
0.52285419
0.16078326
0.17115037
0.61222526
0.33378183
0.69823072
0.32496101
0.43806294
0.20632636
0.87364394
0.79040182
0.64104965
0.37513302
0.79081465
0.26597332
0.22760360
0.62363707
0.96671324
0.16207576
0.92648116
0.05233151
0.77854540
0.47532485
0.93815868
0.70372429
0.38466622
0.71677243
0.35529631
0.19710854
0.08629177
0.70007104
0.64982163
0.41106044
0.55854024
0.84332468
0.72726121
0.76841407
0.49325725
0.30137840
0.58479238
0.93159097
0.12105676
0.66221930
0.23851041
0.92586676
0.36942478
0.57661734
0.23573830
0.90230278
0.43708288
0.28178572
0.57810990
0.05134703
0.34347002
0.03758351
0.30656514
0.24093957
0.88179936
0.98364599
0.26026445
0.60390422
0.65815829
0.77821629
0.46898257
0.01943248
0.20409358
0.92233233
0.96017206
0.14350926
0.95405655
0.45205002
0.85503171
0.76912249
0.16377084
0.64120190
0.43919302
0.62728983
0.14768838
0.87143975
0.95138527
0.97665785
0.69595825
0.86790437
0.09309478
0.20003200
0.36133781
0.39211308
0.82997942
0.69978790
0.61076321
0.82607893
0.96961132
0.62589677
0.33774807
0.62278577
0.92537798
0.46101086
0.11825707
0.95637483
0.03340843
0.44684722
0.91741436
0.21110250
0.86279047
0.12659185
0.13824192
0.36716599
0.88408106
0.65041872
0.34596558
0.46120106
0.78813887
0.96613466
0.20175420
0.31892935
0.69940651
0.98546692
0.13340087
0.24737127
0.89281638
0.09634315
0.73943422
0.43890700
0.43120235
0.36872020
0.50621094
0.92947558
0.65460251
0.34389810
0.43286052
0.45669359
0.96231007
0.41959347
0.03902084
0.56866389
0.62336599
0.26244214
0.78103100
0.76215822
0.30576863
0.38521386
0.77434821
0.07450215
0.26863290
0.72731898
0.23929512
0.73876230
0.13407125
0.89118128
0.09912255
0.67626622
0.90233324
0.80608339
0.96608245
0.34738976
0.09162371
0.37628133
0.23241389
0.55046598
0.44935561
0.21700193
0.03812153
0.65672242
0.95337595
0.86856808
0.86851726
0.55440976
0.87655708
0.67833024
0.03245832
0.28248298
0.77590962
0.82603392
0.08812981
0.11273634
0.07674908
0.91191847
0.07360425
0.13710898
0.70253739
0.58058889
0.93856504
0.03395976
0.03644613
0.18563623
0.36120185
0.84639299
0.03779158
0.49341459
0.46949062
0.81459144
0.64434864
0.92977349
0.51198030
0.75398954
0.98274558
0.15263789
0.85078065
0.67366285
0.66024654
0.33587998
0.37589632
0.54138476
0.44772205
0.23693611
0.80330483
0.54009672
0.11998990
0.44274802
0.15294110
0.36588077
0.82818187
0.39512806
0.04666364
0.98054691
0.66646575
0.96360013
0.77727570
0.58755509
0.81318625
0.60846312
0.56757473
0.79095032
0.41509044
0.45781673
0.54034681
0.54144261
0.03272642
0.50656650
0.03287733
0.50893127
0.30577267
0.45085714
0.27599306
0.29668433
0.41650305
0.57842149
0.89104702
0.34436254
0.92573970
0.19014831
0.13020564
0.67442130
0.80730935
0.61987771
0.01550860
0.43420566
0.18886814
0.04121929
0.87966062
0.34878658
0.52647469
0.59050256
0.35944721
0.07506145
0.04721895
0.98704872
0.09548492
0.75280863
0.13374572
0.61322840
0.46912168
0.03341843
0.03977084
0.68715163
0.46283395
0.08949911
0.78632357
0.64588447
0.77456845
0.09831468
0.70620336
0.04634776
0.50057725
0.51001959
0.05817894
0.72156011
0.44211344
0.63064520
0.09648462
0.19769539
0.50604931
0.43738566
0.16431334
0.56612599
0.63080235
0.39390530
0.12191019
0.51975305
0.03539888
0.71226509
0.29947891
0.61052948
0.57630404
0.10106182
0.90257053
0.37279285
0.49137750
0.88681205
0.75657861
0.03126550
0.33981220
0.23919710
0.22936629
0.96685551
0.47798816
0.97143854
0.86131172
0.61576226
0.87115585
0.04955301
0.98266328
0.37673566
0.97737731
0.60396806
0.53271764
0.57865369
0.69776422
0.30562041
0.86298377
0.57469334
0.51629751
0.12100804
0.85106854
0.86868051
0.97130241
0.39025046
0.77022588
0.13525551
0.27225579
0.16610273
0.12312220
0.57156319
0.85804572
0.52092990
0.41521319
0.04112586
0.65594546
0.32097500
0.05828186
0.84643787
0.18334029
0.37085542
0.47379049
0.76123225
0.55883153
0.07314476
0.68373874
0.40022321
0.15782472
0.44048664
0.88596241
0.72467715
0.40629252
0.55357126
0.06663713
0.03326962
0.13982016
0.18494090
0.37582904
0.96822474
0.56418686
0.37989540
0.32090557
0.22468528
0.49110994
0.60927266
